5 0.2421875 0.665625 0.0359375 0.0359375
3 0.24375 0.5859375 0.0296875 0.025
3 0.2421875 0.509375 0.0328125 0.034375
3 0.24375 0.428125 0.028125 0.028125
5 0.240625 0.35 0.0328125 0.0328125
5 0.2421875 0.271875 0.025 0.0359375
3 0.2421875 0.1921875 0.034375 0.034375
14 0.3421875 0.1890625 0.0859375 0.021875
14 0.34375 0.2703125 0.090625 0.01875
14 0.403125 0.346875 0.2140625 0.0234375
14 0.3296875 0.4265625 0.0609375 0.0234375
14 0.3453125 0.50625 0.0921875 0.01875
14 0.3484375 0.5859375 0.0984375 0.01875
14 0.39375 0.6609375 0.1921875 0.021875
14 0.2953125 0.746875 0.1453125 0.0359375
11 0.403125 0.484375 0.4078125 0.9609375
17 0.5 0.98125 0.6 0.034375