14 0.2765625 0.0203125 0.046875 0.015625
14 0.425 0.021875 0.0890625 0.0171875
14 0.575 0.0203125 0.1046875 0.015625
14 0.725 0.0203125 0.1 0.015625
3 0.725 0.053125 0.0265625 0.03125
5 0.54375 0.2859375 0.0390625 0.0390625
5 0.6484375 0.3671875 0.290625 0.1625
5 0.246875 0.2859375 0.0375 0.0375
5 0.35 0.3671875 0.2921875 0.1640625
5 0.5453125 0.6421875 0.0375 0.0375
5 0.65 0.7234375 0.290625 0.1640625
5 0.246875 0.6421875 0.0375 0.0375
5 0.3515625 0.7234375 0.290625 0.1640625
5 0.425 0.053125 0.0328125 0.0328125
5 0.575 0.0546875 0.03125 0.03125
3 0.275 0.0546875 0.0296875 0.0265625
14 0.5609375 0.134375 0.06875 0.0140625
14 0.2625 0.134375 0.06875 0.0140625
14 0.578125 0.2140625 0.1046875 0.0203125
14 0.30625 0.2140625 0.1578125 0.015625
14 0.5875 0.24375 0.125 0.025
14 0.3015625 0.2453125 0.1421875 0.0203125
14 0.5609375 0.490625 0.06875 0.0140625
14 0.2625 0.490625 0.06875 0.0140625
14 0.6078125 0.571875 0.1625 0.015625
14 0.275 0.56875 0.096875 0.0203125
14 0.621875 0.6 0.190625 0.025
14 0.3078125 0.6 0.15625 0.025
14 0.7 0.846875 0.0578125 0.015625
14 0.5 0.846875 0.0984375 0.015625
14 0.3 0.846875 0.0859375 0.015625
14 0.378125 0.9234375 0.146875 0.0265625
3 0.7640625 0.9234375 0.0265625 0.0265625
3 0.240625 0.9234375 0.0296875 0.021875
17 0.5 0.98125 0.6 0.034375