11 0.5 0.5 0.5546875 0.825
14 0.696875 0.8703125 0.115625 0.0203125
14 0.5375 0.7953125 0.434375 0.021875
14 0.646875 0.721875 0.2171875 0.021875
6 0.5 0.6359375 0.54375 0.0296875
14 0.7296875 0.6421875 0.0578125 0.0171875
6 0.5 0.565625 0.54375 0.0359375
14 0.728125 0.571875 0.0609375 0.021875
6 0.5 0.490625 0.54375 0.034375
14 0.684375 0.4984375 0.1484375 0.0171875
13 0.728125 0.2921875 0.0484375 0.03125
14 0.5859375 0.290625 0.175 0.021875
2 0.734375 0.209375 0.0265625 0.0265625
14 0.5515625 0.2046875 0.2875 0.0203125
15 0.5 0.125 0.5546875 0.0765625
15 0.646875 0.040625 0.284375 0.0578125
15 0.353125 0.040625 0.284375 0.0578125
17 0.5 0.98125 0.6 0.034375