11 0.5 0.5 0.5546875 0.825
14 0.303125 0.1296875 0.115625 0.0203125
14 0.4625 0.2046875 0.434375 0.021875
14 0.353125 0.278125 0.2171875 0.021875
6 0.5 0.3640625 0.54375 0.0296875
14 0.2703125 0.3578125 0.0578125 0.0171875
6 0.5 0.434375 0.54375 0.0359375
14 0.271875 0.428125 0.0609375 0.021875
6 0.5 0.509375 0.54375 0.034375
14 0.315625 0.5015625 0.1484375 0.0171875
13 0.271875 0.7078125 0.0484375 0.03125
14 0.4140625 0.709375 0.175 0.021875
2 0.265625 0.790625 0.0265625 0.0265625
14 0.4484375 0.7953125 0.2875 0.0203125
15 0.5 0.875 0.5546875 0.0765625
15 0.353125 0.959375 0.284375 0.0578125
15 0.646875 0.959375 0.284375 0.0578125
17 0.5 0.01875 0.6 0.034375