17 0.5 0.984375 0.559375 0.03125
14 0.5015625 0.90625 0.190625 0.065625
6 0.5 0.7796875 0.51875 0.0578125
8 0.5 0.575 0.5609375 0.5625
14 0.4546875 0.2640625 0.4453125 0.021875
15 0.5 0.103125 0.5609375 0.08125
11 0.5 0.0328125 0.559375 0.0640625
3 0.3421875 0.0328125 0.0265625 0.0296875
3 0.5 0.0328125 0.0296875 0.0265625
3 0.659375 0.0328125 0.025 0.0265625
3 0.7546875 0.2609375 0.015625 0.015625
14 0.4828125 0.778125 0.090625 0.025
14 0.484375 0.103125 0.10625 0.0203125
3 0.5625 0.1046875 0.0203125 0.025
14 0.48125 0.2140625 0.4984375 0.0515625
14 0.38125 0.1703125 0.2921875 0.021875