17 0.5 0.984375 0.559375 0.0296875
4 0.5 0.934375 0.4375 0.0671875
5 0.7109375 0.8734375 0.1265625 0.0359375
3 0.2484375 0.875 0.0390625 0.0359375
8 0.5 0.5515625 0.559375 0.59375
14 0.6921875 0.225 0.05 0.0171875
14 0.5640625 0.2140625 0.0921875 0.0375
14 0.4359375 0.225 0.0828125 0.0171875
14 0.30625 0.225 0.06875 0.0171875
3 0.69375 0.1890625 0.1125 0.1125
3 0.5640625 0.1890625 0.1125 0.1109375
3 0.434375 0.1890625 0.1125 0.1109375
3 0.30625 0.1890625 0.1125 0.1125
3 0.7140625 0.0953125 0.0328125 0.0328125
15 0.6578125 0.09375 0.0625 0.021875
15 0.56875 0.090625 0.053125 0.028125
15 0.4796875 0.0921875 0.071875 0.025
15 0.384375 0.0921875 0.06875 0.021875
15 0.296875 0.0921875 0.046875 0.025
3 0.2375 0.09375 0.0140625 0.025
11 0.4984375 0.034375 0.5578125 0.0640625
3 0.659375 0.0328125 0.028125 0.028125
3 0.5 0.0328125 0.028125 0.0265625
3 0.3421875 0.0328125 0.025 0.0234375