17 0.5 0.9828125 0.5609375 0.03125
4 0.5015625 0.9328125 0.4359375 0.0671875
5 0.2875 0.8734375 0.1265625 0.0359375
15 0.534375 0.8703125 0.1109375 0.028125
3 0.75 0.875 0.0359375 0.040625
3 0.246875 0.81875 0.0421875 0.04375
14 0.45 0.8171875 0.3375 0.0203125
3 0.259375 0.7265625 0.0359375 0.0375
8 0.5 0.559375 0.559375 0.4546875
3 0.2390625 0.30625 0.01875 0.0328125
14 0.2984375 0.31875 0.0421875 0.015625
5 0.353125 0.2984375 0.153125 0.021875
14 0.471875 0.31875 0.053125 0.0140625
5 0.5203125 0.2984375 0.15 0.0234375
14 0.6359375 0.31875 0.0515625 0.0140625
5 0.6859375 0.296875 0.1515625 0.0234375
15 0.3671875 0.2515625 0.0390625 0.0265625
15 0.4359375 0.2578125 0.059375 0.021875
15 0.34375 0.0921875 0.0625 0.025
15 0.4296875 0.0921875 0.053125 0.021875
15 0.5203125 0.0921875 0.0734375 0.025
15 0.615625 0.09375 0.0671875 0.021875
15 0.703125 0.0921875 0.046875 0.025
3 0.7625 0.09375 0.0125 0.0234375
3 0.5 0.25625 0.01875 0.028125
3 0.75 0.2578125 0.0359375 0.025
14 0.5890625 0.2546875 0.109375 0.01875
5 0.5 0.178125 0.559375 0.109375
11 0.5 0.0328125 0.559375 0.0625
3 0.3421875 0.0328125 0.025 0.0296875
3 0.5 0.0328125 0.0296875 0.0296875
3 0.659375 0.0328125 0.025 0.025
14 0.2515625 0.2171875 0.0390625 0.0171875
14 0.3390625 0.2171875 0.0828125 0.0171875
14 0.4140625 0.215625 0.0390625 0.01875
14 0.3359375 0.1890625 0.0796875 0.01875
14 0.4125 0.190625 0.0375 0.0171875
14 0.3421875 0.165625 0.0890625 0.015625
14 0.4125 0.1640625 0.0375 0.01875
14 0.4109375 0.140625 0.0328125 0.01875
14 0.31875 0.1390625 0.0453125 0.0171875
5 0.2703125 0.140625 0.0359375 0.0171875
14 0.253125 0.1875 0.0515625 0.0234375
3 0.5015625 0.1796875 0.103125 0.1046875
3 0.6046875 0.1796875 0.103125 0.10625
3 0.70625 0.1796875 0.1015625 0.109375
14 0.5015625 0.2125 0.040625 0.021875
14 0.6046875 0.2140625 0.0265625 0.021875
14 0.7078125 0.2125 0.0328125 0.01875
14 0.478125 0.1421875 0.0296875 0.015625
14 0.525 0.1421875 0.03125 0.01875
14 0.5796875 0.1421875 0.0328125 0.015625
14 0.628125 0.1421875 0.028125 0.0171875
14 0.6828125 0.1421875 0.028125 0.0171875
14 0.73125 0.1421875 0.028125 0.0171875