3 0.7640625 0.778125 0.0203125 0.0203125
3 0.7640625 0.7078125 0.021875 0.01875
3 0.7640625 0.6375 0.0234375 0.0203125
3 0.7640625 0.5671875 0.01875 0.021875
3 0.7640625 0.496875 0.0203125 0.0203125
3 0.7640625 0.425 0.01875 0.01875
3 0.7625 0.35625 0.034375 0.01875
5 0.7625 0.284375 0.021875 0.021875
14 0.7 0.778125 0.0546875 0.015625
14 0.6765625 0.7078125 0.103125 0.01875
14 0.690625 0.640625 0.0734375 0.0203125
14 0.6796875 0.56875 0.0953125 0.01875
14 0.690625 0.5 0.075 0.021875
14 0.6796875 0.4265625 0.096875 0.0171875
14 0.665625 0.35625 0.1203125 0.01875
14 0.6859375 0.2859375 0.0828125 0.0171875
3 0.7203125 0.1390625 0.103125 0.1046875
11 0.625 0.51875 0.35 0.9625
17 0.5 0.01875 0.6 0.034375