17 0.5 0.98125 0.5609375 0.028125
3 0.74375 0.928125 0.0296875 0.0234375
14 0.6421875 0.925 0.08125 0.0265625
15 0.278125 0.9265625 0.0875 0.01875
8 0.5 0.5921875 0.5609375 0.5953125
14 0.7328125 0.2484375 0.0546875 0.0546875
14 0.596875 0.2453125 0.1734375 0.04375
3 0.7328125 0.15625 0.0546875 0.053125
15 0.584375 0.153125 0.20625 0.01875
11 0.5 0.0328125 0.559375 0.0640625
3 0.6578125 0.0328125 0.025 0.028125
3 0.5 0.0328125 0.028125 0.028125
3 0.3421875 0.0328125 0.025 0.0265625
11 0.5 0.928125 0.5609375 0.0765625