17 0.5 0.984375 0.5609375 0.0296875
5 0.5 0.6890625 0.5609375 0.5578125
3 0.74375 0.9296875 0.021875 0.0234375
14 0.5 0.590625 0.16875 0.021875
14 0.7015625 0.3640625 0.103125 0.025
14 0.665625 0.3296875 0.1328125 0.015625
14 0.5578125 0.3296875 0.0390625 0.0171875
14 0.63125 0.2984375 0.1984375 0.0171875
3 0.7484375 0.3328125 0.0109375 0.0140625
3 0.746875 0.2984375 0.0109375 0.0125
8 0.5 0.165625 0.559375 0.196875
1 0.290625 0.1421875 0.0765625 0.078125
11 0.5 0.0328125 0.5609375 0.065625
3 0.65625 0.03125 0.0203125 0.028125
3 0.5 0.03125 0.0265625 0.025
3 0.3421875 0.0328125 0.0234375 0.0203125
3 0.6328125 0.3671875 0.0171875 0.0203125