14 0.325 0.3953125 0.0859375 0.0171875
14 0.3015625 0.3046875 0.0421875 0.0140625
14 0.5 0.565625 0.1890625 0.0234375
15 0.5 0.4890625 0.5546875 0.0734375
3 0.240625 0.3921875 0.0203125 0.0265625
6 0.5296875 0.403125 0.496875 0.034375
3 0.240625 0.3046875 0.0265625 0.01875
6 0.5296875 0.315625 0.496875 0.0359375
14 0.5 0.24375 0.01875 0.0125
15 0.5 0.178125 0.5546875 0.0734375
14 0.309375 0.078125 0.096875 0.021875
3 0.2375 0.078125 0.015625 0.0265625
16 0.5 0.078125 0.6 0.08125
17 0.5 0.01875 0.6 0.034375