14 0.7390625 0.6828125 0.08125 0.0203125
14 0.3390625 0.68125 0.109375 0.0171875
14 0.3015625 0.5953125 0.040625 0.015625
14 0.446875 0.59375 0.1421875 0.0171875
14 0.325 0.50625 0.0859375 0.0171875
14 0.3078125 0.41875 0.05 0.0171875
14 0.3203125 0.3328125 0.075 0.0140625
3 0.346875 0.5953125 0.01875 0.009375
14 0.5 0.9515625 0.3609375 0.0484375
15 0.5 0.875 0.55625 0.0734375
3 0.240625 0.68125 0.028125 0.0265625
6 0.5296875 0.690625 0.4984375 0.034375
5 0.240625 0.5921875 0.0171875 0.0265625
6 0.575 0.6015625 0.403125 0.034375
6 0.3015625 0.603125 0.04375 0.0328125
3 0.240625 0.503125 0.0203125 0.0265625
6 0.5296875 0.515625 0.496875 0.034375
3 0.240625 0.415625 0.0265625 0.021875
6 0.528125 0.4265625 0.496875 0.034375
3 0.240625 0.328125 0.0265625 0.025
6 0.528125 0.340625 0.496875 0.0328125
14 0.5 0.2671875 0.0203125 0.0125
15 0.5 0.178125 0.55625 0.0734375
14 0.3125 0.0765625 0.1046875 0.021875
3 0.2359375 0.078125 0.0171875 0.0265625
16 0.5 0.078125 0.6 0.08125
17 0.5 0.01875 0.6 0.034375