8 0.5 0.5890625 0.55625 0.5921875
17 0.5 0.9828125 0.559375 0.03125
14 0.3 0.925 0.115625 0.0296875
3 0.740625 0.925 0.0328125 0.03125
14 0.5 0.2125 0.1015625 0.09375
11 0.5 0.1875 0.515625 0.2015625
15 0.3703125 0.1203125 0.2578125 0.0625
15 0.628125 0.11875 0.25625 0.065625
11 0.5 0.0328125 0.5609375 0.0625
3 0.34375 0.03125 0.0265625 0.0296875
3 0.5 0.03125 0.0296875 0.028125
3 0.659375 0.0328125 0.0265625 0.0265625
3 0.2671875 0.8359375 0.028125 0.0234375
3 0.653125 0.834375 0.021875 0.028125
3 0.734375 0.8359375 0.0328125 0.0359375
14 0.3703125 0.11875 0.153125 0.0203125
14 0.6296875 0.1171875 0.18125 0.015625