14 0.5 0.465625 0.3234375 0.03125
14 0.375 0.7265625 0.075 0.015625
14 0.6234375 0.7265625 0.0859375 0.021875
15 0.3703125 0.8703125 0.2359375 0.0625
17 0.5 0.0171875 0.5609375 0.03125
11 0.5 0.9671875 0.5609375 0.0625
3 0.6692708328125 0.9580269609375 0.6478247546875 0.9564950984375 0.6493566171875 0.9764093140625001 0.6692708328125 0.9779411765624999 0.6692708328125 0.9580269609375
15 0.7443321078125 0.8400735296875 0.5114889703125 0.8400735296875 0.5114889703125 0.8998161765624999 0.7458639703125 0.8982843140625001 0.7443321078125 0.8400735296875
3 0.3765625 0.69375 0.0171875 0.0234375
3 0.6234375 0.6921875 0.0234375 0.0234375
14 0.3859375 0.071875 0.171875 0.0296875
3 0.25625 0.0703125 0.0328125 0.025
3 0.3453125 0.96875 0.0296875 0.028125
3 0.4984375 0.9671875 0.0328125 0.0296875
14 0.5 0.5015625 0.1078125 0.021875
14 0.5 0.540625 0.159375 0.01875
14 0.5 0.565625 0.15625 0.01875
3 0.325 0.871875 0.0203125 0.0203125
3 0.6 0.8703125 0.0265625 0.0234375
14 0.6484375 0.871875 0.05 0.0125
14 0.384375 0.8703125 0.078125 0.0140625
8 0.5015625 0.296875 0.2671875 0.26875
16 0.5 0.071875 0.5609375 0.0765625