8 0.5 0.821875 0.559375 0.2234375
11 0.5015625 0.9671875 0.5578125 0.059375
3 0.3421875 0.9671875 0.025 0.0265625
3 0.5015625 0.9671875 0.0296875 0.0265625
3 0.659375 0.96875 0.025 0.025
15 0.3640625 0.525 0.253125 0.1265625
3 0.3609375 0.503125 0.0453125 0.0328125
15 0.6375 0.525 0.2484375 0.125
3 0.6390625 0.503125 0.04375 0.0328125
14 0.2625 0.675 0.04375 0.025
3 0.7546875 0.675 0.0125 0.0296875
14 0.4140625 0.4375 0.2375 0.021875
3 0.2578125 0.4359375 0.03125 0.0265625
14 0.3046875 0.3859375 0.13125 0.028125
3 0.7546875 0.3859375 0.0140625 0.028125
10 0.5 0.309375 0.0375 0.021875
15 0.315625 0.2109375 0.15625 0.14375
3 0.3171875 0.18125 0.053125 0.046875
15 0.5015625 0.2109375 0.159375 0.146875
3 0.5 0.18125 0.0734375 0.0484375
15 0.6859375 0.2109375 0.159375 0.1453125
3 0.684375 0.1828125 0.0484375 0.05
16 0.5 0.0703125 0.5578125 0.0765625
3 0.2578125 0.0703125 0.0296875 0.021875
11 0.5078125 0.0703125 0.1734375 0.0390625
3 0.740625 0.06875 0.040625 0.028125
17 0.5 0.015625 0.559375 0.0296875
14 0.315625 0.2515625 0.0828125 0.0359375
14 0.5 0.2390625 0.1328125 0.01875
14 0.6859375 0.240625 0.125 0.0203125
14 0.3609375 0.54375 0.134375 0.021875
14 0.6390625 0.54375 0.0796875 0.0203125