14 0.33125 0.29375 0.184375 0.025
14 0.325 0.190625 0.1703125 0.01875
15 0.5 0.890625 0.5078125 0.1
15 0.5 0.7515625 0.5078125 0.1015625
14 0.5 0.628125 0.034375 0.0203125
15 0.5 0.5078125 0.50625 0.0890625
14 0.515625 0.4171875 0.5203125 0.0515625
14 0.6453125 0.353125 0.1953125 0.0234375
14 0.715625 0.2890625 0.0578125 0.01875
6 0.5 0.2984375 0.5640625 0.0359375
6 0.5 0.2 0.5640625 0.0359375
14 0.3890625 0.08125 0.2125 0.03125
14 0.728125 0.0796875 0.1015625 0.0296875
3 0.240625 0.0765625 0.0234375 0.0234375
16 0.5 0.0765625 0.6 0.08125
17 0.5 0.01875 0.6 0.034375