14 0.5 0.96875 0.0921875 0.0203125
14 0.5 0.909375 0.225 0.015625
15 0.64375 0.8578125 0.271875 0.065625
15 0.35625 0.8578125 0.271875 0.065625
15 0.64375 0.7765625 0.2703125 0.0640625
15 0.35625 0.778125 0.2703125 0.0625
3 0.2375 0.6515625 0.0296875 0.028125
14 0.496875 0.6515625 0.4359375 0.040625
3 0.2375 0.571875 0.0296875 0.0265625
14 0.50625 0.5703125 0.4546875 0.040625
3 0.2390625 0.490625 0.0296875 0.0296875
14 0.496875 0.4921875 0.440625 0.0453125
5 0.5 0.1984375 0.6 0.321875
5 0.5 0.3625 0.1203125 0.121875
17 0.5 0.01875 0.6 0.034375