3 0.240625 0.0765625 0.025 0.025
14 0.2671875 0.990625 0.040625 0.015625
14 0.309375 0.9640625 0.128125 0.025
14 0.278125 0.909375 0.065625 0.0203125
14 0.3234375 0.83125 0.1546875 0.0171875
14 0.35625 0.8015625 0.21875 0.0203125
14 0.3125 0.746875 0.1328125 0.0171875
14 0.265625 0.6703125 0.0375 0.0171875
14 0.3109375 0.640625 0.128125 0.01875
14 0.2640625 0.5625 0.034375 0.0171875
14 0.3109375 0.5359375 0.1296875 0.0234375
14 0.2671875 0.4578125 0.040625 0.0203125
14 0.2921875 0.4265625 0.090625 0.01875
14 0.265625 0.35 0.0390625 0.0203125
14 0.30625 0.3203125 0.1203125 0.0234375
14 0.2546875 0.2390625 0.01875 0.015625
14 0.3109375 0.2125 0.13125 0.0234375
14 0.334375 0.0796875 0.0953125 0.025
14 0.2703125 0.1546875 0.0453125 0.0171875
16 0.5 0.0765625 0.6 0.0828125
17 0.5 0.01875 0.6 0.034375