8 0.5015625 0.521875 0.5578125 0.7578125
11 0.5 0.1046875 0.5609375 0.0796875
3 0.2765625 0.1171875 0.05 0.0265625
3 0.3890625 0.115625 0.040625 0.028125
3 0.5 0.1171875 0.025 0.025
3 0.6125 0.1171875 0.028125 0.0265625
3 0.725 0.115625 0.03125 0.028125
11 0.5 0.03125 0.5609375 0.0625
3 0.34375 0.03125 0.0265625 0.0265625
3 0.5 0.0328125 0.028125 0.0265625
3 0.6578125 0.03125 0.0265625 0.025
11 0.5 0.9359375 0.559375 0.0640625
5 0.25625 0.934375 0.0453125 0.0453125
14 0.3234375 0.93125 0.0453125 0.025
3 0.6671875 0.934375 0.0390625 0.0328125
3 0.74375 0.934375 0.0125 0.0328125
3 0.4921875 0.915625 0.01875 0.0171875
17 0.5015625 0.9859375 0.5578125 0.0265625
14 0.5 0.078125 0.05625 0.0203125