8 0.3640625 0.4546875 0.2859375 0.690625
3 0.4625 0.146875 0.0296875 0.0375
14 0.3359375 0.15625 0.225 0.034375
16 0.64375 0.5234375 0.2671875 0.8234375
15 0.646875 0.1375 0.265625 0.053125
15 0.6421875 0.1953125 0.2703125 0.059375
15 0.6453125 0.2546875 0.26875 0.059375
15 0.64375 0.3140625 0.265625 0.059375
15 0.6421875 0.3734375 0.26875 0.05625
15 0.6421875 0.43125 0.271875 0.05625
15 0.640625 0.4921875 0.271875 0.0578125
15 0.6390625 0.55 0.2734375 0.0578125
15 0.6421875 0.6078125 0.2640625 0.0515625
15 0.640625 0.6640625 0.2734375 0.059375
15 0.6421875 0.725 0.2671875 0.0625
15 0.640625 0.7875 0.2703125 0.05625
15 0.64375 0.8453125 0.2703125 0.0546875
3 0.7484375 0.1375 0.046875 0.0234375
3 0.7484375 0.196875 0.0265625 0.0296875
3 0.7484375 0.253125 0.034375 0.0265625
3 0.746875 0.3140625 0.034375 0.034375
5 0.7421875 0.371875 0.059375 0.0453125
5 0.740625 0.43125 0.0609375 0.0234375
5 0.7453125 0.4890625 0.0453125 0.0328125
5 0.7484375 0.546875 0.04375 0.025
5 0.7484375 0.60625 0.0453125 0.0203125
5 0.7484375 0.6640625 0.040625 0.021875
3 0.746875 0.7234375 0.0375 0.0328125
3 0.746875 0.784375 0.034375 0.034375
3 0.746875 0.840625 0.040625 0.028125
11 0.5 0.9671875 0.5578125 0.059375
3 0.6546875 0.96875 0.05 0.0375
3 0.5 0.9671875 0.0328125 0.0390625
3 0.3421875 0.9671875 0.034375 0.03125
3 0.475 0.8328125 0.05 0.05
5 0.334375 0.9 0.2234375 0.0671875
14 0.28125 0.8328125 0.125 0.0515625
16 0.5 0.071875 0.559375 0.075
3 0.746875 0.0703125 0.021875 0.0359375
5 0.678125 0.0703125 0.0578125 0.0421875
14 0.55625 0.075 0.1796875 0.034375
3 0.2484375 0.071875 0.015625 0.0375
17 0.4984375 0.01875 0.5578125 0.03125
14 0.66875 0.140625 0.084375 0.021875
14 0.6703125 0.1984375 0.0828125 0.0203125
14 0.646875 0.2578125 0.13125 0.028125
14 0.6296875 0.3171875 0.1640625 0.01875
14 0.634375 0.371875 0.159375 0.021875
14 0.628125 0.43125 0.16875 0.028125
14 0.6796875 0.49375 0.065625 0.0265625
14 0.646875 0.5484375 0.13125 0.0203125
14 0.675 0.6078125 0.0734375 0.0203125
14 0.6484375 0.6671875 0.13125 0.021875
14 0.6671875 0.725 0.0890625 0.021875
14 0.6546875 0.78125 0.121875 0.0171875
14 0.6375 0.84375 0.153125 0.021875