3 0.240625 0.0765625 0.025 0.025
14 0.35625 0.0796875 0.1015625 0.028125
2 0.753125 0.159375 0.0265625 0.028125
14 0.296875 0.1625 0.1453125 0.0234375
2 0.753125 0.240625 0.028125 0.0265625
14 0.271875 0.2453125 0.1 0.021875
2 0.753125 0.3234375 0.0265625 0.0265625
14 0.321875 0.3234375 0.1953125 0.01875
2 0.753125 0.4046875 0.0265625 0.028125
14 0.309375 0.4078125 0.1703125 0.0234375
14 0.278125 0.4828125 0.1109375 0.021875
14 0.25 0.51875 0.0515625 0.0140625
2 0.753125 0.5875 0.028125 0.0265625
14 0.3234375 0.590625 0.2 0.0234375
2 0.753125 0.6703125 0.028125 0.0265625
14 0.359375 0.6703125 0.271875 0.01875
2 0.753125 0.7515625 0.028125 0.0265625
14 0.3984375 0.7546875 0.35 0.0234375
15 0.24375 0.8296875 0.0421875 0.0125
15 0.3640625 0.9015625 0.2828125 0.0234375
15 0.3109375 0.978125 0.1765625 0.0234375
17 0.5 0.01875 0.6 0.034375