3 0.234375 0.2171875 0.0234375 0.0125
3 0.234375 0.371875 0.021875 0.0125
3 0.234375 0.5296875 0.021875 0.0140625
3 0.234375 0.6859375 0.021875 0.0125
3 0.234375 0.8421875 0.021875 0.0125
3 0.7484375 0.965625 0.025 0.028125
5 0.6234375 0.9671875 0.028125 0.028125
3 0.5 0.9671875 0.028125 0.0296875
3 0.375 0.9671875 0.0234375 0.0234375
5 0.7078125 0.915625 0.1390625 0.0375
3 0.25 0.9671875 0.0125 0.0234375
14 0.4140625 0.915625 0.38125 0.0359375
14 0.3390625 0.8421875 0.1125 0.015625
14 0.2546875 0.840625 0.015625 0.0109375
5 0.7078125 0.79375 0.1390625 0.1078125
14 0.4046875 0.7796875 0.3609375 0.0515625
14 0.325 0.6859375 0.0828125 0.0140625
14 0.2546875 0.684375 0.015625 0.0109375
5 0.7078125 0.6375 0.1390625 0.1078125
14 0.4078125 0.6234375 0.3703125 0.05
14 0.3328125 0.528125 0.0984375 0.015625
14 0.2546875 0.528125 0.015625 0.0125
5 0.7078125 0.48125 0.1390625 0.1078125
14 0.3828125 0.465625 0.3203125 0.0453125
14 0.3109375 0.371875 0.05625 0.009375
14 0.253125 0.371875 0.015625 0.0109375
5 0.7078125 0.325 0.1390625 0.1078125
14 0.4078125 0.3109375 0.3703125 0.05
14 0.328125 0.215625 0.090625 0.0140625
14 0.2546875 0.215625 0.0140625 0.0109375
5 0.7078125 0.16875 0.1390625 0.1078125
14 0.4171875 0.1546875 0.3890625 0.0515625
14 0.7 0.0640625 0.0671875 0.015625
14 0.5953125 0.0640625 0.065625 0.015625
14 0.4703125 0.0640625 0.10625 0.0171875
14 0.3375 0.065625 0.0890625 0.01875
14 0.2265625 0.0671875 0.05625 0.0171875
3 0.7703125 0.0640625 0.021875 0.021875
9 0.5 0.0640625 0.6 0.0546875
17 0.5 0.01875 0.6 0.034375