14 0.2671875 0.1890625 0.0890625 0.015625
14 0.3 0.215625 0.15625 0.0171875
14 0.3578125 0.2875 0.103125 0.01875
14 0.3859375 0.359375 0.1625 0.0203125
14 0.3640625 0.428125 0.1171875 0.01875
14 0.3421875 0.5 0.0765625 0.021875
14 0.3546875 0.59375 0.0984375 0.01875
14 0.3390625 0.6640625 0.0671875 0.015625
3 0.2421875 0.6640625 0.0328125 0.0296875
5 0.240625 0.59375 0.034375 0.0265625
3 0.240625 0.4984375 0.0296875 0.0296875
3 0.240625 0.4296875 0.0171875 0.0328125
3 0.240625 0.3578125 0.0265625 0.0296875
5 0.240625 0.2875 0.0265625 0.0296875
3 0.625 0.2125 0.0296875 0.03125
3 0.26875 0.1 0.09375 0.0953125
11 0.434375 0.51875 0.4671875 0.9625
17 0.5 0.01875 0.6 0.034375