14 0.4203125 0.4734375 0.1203125 0.0203125
14 0.4234375 0.578125 0.128125 0.01875
5 0.30625 0.4734375 0.0328125 0.01875
3 0.30625 0.578125 0.0328125 0.0328125
14 0.6484375 0.0328125 0.053125 0.0203125
14 0.5015625 0.034375 0.190625 0.0171875
14 0.3515625 0.034375 0.05625 0.0171875
14 0.5 0.265625 0.203125 0.0203125
15 0.5 0.35 0.3734375 0.071875
6 0.5 0.4578125 0.41875 0.0515625
6 0.4984375 0.565625 0.41875 0.059375
14 0.5 0.7171875 0.25 0.0328125
5 0.5 0.8046875 0.14375 0.1078125
17 0.5 0.98125 0.6 0.034375