14 0.271875 0.6203125 0.096875 0.01875
14 0.2828125 0.515625 0.1171875 0.021875
14 0.2890625 0.4078125 0.13125 0.01875
14 0.246875 0.3 0.0484375 0.01875
14 0.5 0.790625 0.4 0.0171875
14 0.5 0.7609375 0.4859375 0.01875
15 0.5 0.7046875 0.5703125 0.06875
14 0.271875 0.59375 0.0953125 0.0203125
14 0.2609375 0.4890625 0.075 0.025
14 0.2625 0.3796875 0.0796875 0.0203125
14 0.3 0.2734375 0.1515625 0.021875
14 0.5 0.178125 0.509375 0.084375
14 0.3234375 0.0796875 0.1984375 0.03125
14 0.765625 0.0765625 0.0421875 0.01875
16 0.5 0.0765625 0.6 0.08125
17 0.5 0.01875 0.6 0.034375