14 0.55 0.3125 0.05 0.0171875
14 0.753125 0.58125 0.03125 0.0171875
14 0.5625 0.5828125 0.08125 0.0203125
14 0.6203125 0.55625 0.1953125 0.025
14 0.315625 0.990625 0.16875 0.01875
5 0.6453125 0.98125 0.2734375 0.0375
14 0.74375 0.91875 0.0484375 0.0171875
14 0.5765625 0.9203125 0.10625 0.0203125
14 0.6109375 0.890625 0.178125 0.0203125
5 0.6453125 0.7421875 0.2734375 0.234375
5 0.353125 0.7796875 0.2734375 0.3609375
14 0.446875 0.5546875 0.0578125 0.0140625
14 0.284375 0.55625 0.10625 0.01875
14 0.2578125 0.528125 0.05 0.01875
5 0.6453125 0.453125 0.2734375 0.1375
14 0.7390625 0.340625 0.059375 0.015625
14 0.5765625 0.3421875 0.10625 0.01875
5 0.6453125 0.209375 0.275 0.1453125
5 0.353125 0.315625 0.275 0.3609375
14 0.425 0.0765625 0.2375 0.0234375
3 0.240625 0.0765625 0.025 0.0234375
16 0.5 0.0765625 0.6 0.08125
17 0.5 0.01875 0.6 0.034375