14 0.45 0.3125 0.05 0.0171875
14 0.246875 0.58125 0.03125 0.0171875
14 0.4375 0.5828125 0.08125 0.0203125
14 0.3796875 0.55625 0.1953125 0.025
14 0.684375 0.990625 0.16875 0.01875
5 0.3546875 0.98125 0.2734375 0.0375
14 0.25625 0.91875 0.0484375 0.0171875
14 0.4234375 0.9203125 0.10625 0.0203125
14 0.3890625 0.890625 0.178125 0.0203125
5 0.3546875 0.7421875 0.2734375 0.234375
5 0.646875 0.7796875 0.2734375 0.3609375
14 0.553125 0.5546875 0.0578125 0.0140625
14 0.715625 0.55625 0.10625 0.01875
14 0.7421875 0.528125 0.05 0.01875
5 0.3546875 0.453125 0.2734375 0.1375
14 0.2609375 0.340625 0.059375 0.015625
14 0.4234375 0.3421875 0.10625 0.01875
5 0.3546875 0.209375 0.275 0.1453125
5 0.646875 0.315625 0.275 0.3609375
14 0.575 0.0765625 0.2375 0.0234375
3 0.759375 0.0765625 0.025 0.0234375
16 0.5 0.0765625 0.6 0.08125
17 0.5 0.01875 0.6 0.034375