14 0.2671875 0.771875 0.0734375 0.021875
14 0.275 0.0421875 0.0890625 0.0265625
14 0.3484375 0.115625 0.240625 0.0265625
14 0.2890625 0.190625 0.1203125 0.021875
14 0.3546875 0.2609375 0.2484375 0.0265625
14 0.3734375 0.334375 0.2875 0.025
14 0.375 0.40625 0.290625 0.0265625
14 0.3359375 0.48125 0.2125 0.021875
14 0.315625 0.5515625 0.171875 0.0265625
14 0.3234375 0.6265625 0.1875 0.021875
14 0.3171875 0.696875 0.175 0.0265625
14 0.3203125 0.84375 0.184375 0.0265625
14 0.3375 0.9203125 0.0640625 0.0296875
3 0.765625 0.921875 0.025 0.025
3 0.6953125 0.9234375 0.025 0.025
3 0.240625 0.9234375 0.0296875 0.021875
16 0.5 0.921875 0.6 0.08125
17 0.5 0.98125 0.6 0.034375