3 0.3 0.0515625 0.03125 0.0296875
3 0.5 0.05 0.0265625 0.034375
5 0.7 0.05 0.0359375 0.03125
14 0.7 0.01875 0.0515625 0.015625
14 0.5 0.01875 0.0453125 0.015625
14 0.3 0.0171875 0.0828125 0.01875
14 0.275 0.853125 0.021875 0.0171875
14 0.425 0.8515625 0.040625 0.015625
14 0.5734375 0.8515625 0.03125 0.015625
14 0.7265625 0.85 0.0671875 0.0203125
3 0.24375 0.9203125 0.0328125 0.0296875
15 0.434375 0.921875 0.13125 0.0421875
15 0.565625 0.921875 0.1328125 0.0421875
3 0.7578125 0.9234375 0.0296875 0.0296875
14 0.5 0.6609375 0.1671875 0.01875
14 0.5 0.271875 0.0703125 0.0203125
15 0.5 0.3296875 0.4109375 0.059375
5 0.5 0.478125 0.2328125 0.1671875
14 0.4984375 0.6875 0.30625 0.021875
11 0.5 0.48125 0.46875 0.503125
17 0.5 0.98125 0.6 0.034375