3 0.240625 0.0265625 0.025 0.0265625
3 0.240625 0.096875 0.028125 0.021875
5 0.2390625 0.1671875 0.0296875 0.0328125
5 0.240625 0.2375 0.0296875 0.021875
5 0.2390625 0.3078125 0.0328125 0.0265625
3 0.240625 0.4609375 0.025 0.0265625
3 0.240625 0.53125 0.021875 0.03125
5 0.240625 0.6015625 0.025 0.0265625
14 0.3421875 0.025 0.0765625 0.021875
14 0.365625 0.096875 0.1203125 0.01875
14 0.3515625 0.165625 0.0921875 0.021875
14 0.3640625 0.2359375 0.1171875 0.021875
14 0.3796875 0.3046875 0.15 0.021875
14 0.2546875 0.3765625 0.065625 0.0171875
14 0.3515625 0.459375 0.0953125 0.021875
14 0.3984375 0.5296875 0.1875 0.021875
14 0.3328125 0.6 0.053125 0.015625
14 0.25 0.6703125 0.053125 0.015625
14 0.2875 0.821875 0.13125 0.0296875
14 0.2734375 0.8578125 0.1015625 0.01875
3 0.5640625 0.7515625 0.0296875 0.0296875
14 0.2828125 0.753125 0.121875 0.0171875
5 0.246875 0.9140625 0.0484375 0.053125
14 0.5515625 0.9140625 0.0671875 0.015625
11 0.4046875 0.48125 0.4078125 0.9625
17 0.5 0.98125 0.6 0.034375