14 0.4359375 0.0984375 0.2984375 0.021875
14 0.3125 0.86875 0.15625 0.021875
3 0.2609375 0.9515625 0.0328125 0.034375
14 0.7390625 0.9796875 0.059375 0.0109375
3 0.28125 0.7765625 0.09375 0.0171875
14 0.6296875 0.1703125 0.065625 0.0140625
14 0.503125 0.16875 0.1140625 0.0140625
14 0.378125 0.16875 0.0640625 0.0140625
14 0.271875 0.16875 0.075 0.0140625
14 0.6203125 0.9796875 0.0453125 0.0125
14 0.5 0.9796875 0.040625 0.0109375
14 0.3796875 0.9796875 0.046875 0.0125
3 0.7390625 0.95 0.0359375 0.0359375
3 0.61875 0.95 0.0328125 0.0328125
5 0.5 0.95 0.03125 0.034375
3 0.3796875 0.9515625 0.0359375 0.03125
14 0.259375 0.9796875 0.0640625 0.0125
14 0.546875 0.778125 0.075 0.015625
14 0.375 0.778125 0.0765625 0.0140625
14 0.63125 0.734375 0.2421875 0.0515625
14 0.34375 0.7328125 0.21875 0.0484375
15 0.2765625 0.665625 0.075 0.028125
3 0.7375 0.3296875 0.0234375 0.0203125
3 0.4640625 0.3296875 0.025 0.021875
5 0.6375 0.496875 0.25625 0.3890625
5 0.3625 0.496875 0.25625 0.3890625
14 0.415625 0.2625 0.359375 0.0265625
3 0.2515625 0.0953125 0.021875 0.021875
6 0.5 0.0953125 0.5671875 0.0734375
17 0.5 0.01875 0.6 0.034375