3 0.71875 0.0453125 0.0953125 0.0171875
14 0.6734375 0.31875 0.1828125 0.025
3 0.31875 0.9234375 0.0359375 0.0328125
14 0.6546875 0.0453125 0.0265625 0.0140625
14 0.6953125 0.0765625 0.140625 0.0265625
15 0.378125 0.0640625 0.2875 0.0828125
14 0.3015625 0.159375 0.0578125 0.01875
14 0.434375 0.159375 0.065625 0.01875
14 0.56875 0.159375 0.065625 0.0171875
14 0.7 0.15625 0.0828125 0.021875
5 0.3 0.203125 0.0359375 0.0359375
5 0.434375 0.203125 0.0359375 0.0328125
5 0.5671875 0.203125 0.0359375 0.034375
5 0.7 0.203125 0.0328125 0.0359375
14 0.6921875 0.3515625 0.1453125 0.0203125
5 0.28125 0.3375 0.09375 0.0953125
14 0.534375 0.478125 0.4609375 0.0953125
3 0.246875 0.9234375 0.0359375 0.0328125
3 0.7515625 0.9234375 0.025 0.025
5 0.5 0.7640625 0.6 0.4
17 0.5 0.98125 0.6 0.034375