14 0.6953125 0.85 0.16875 0.015625
3 0.765625 0.9234375 0.028125 0.0296875
5 0.6953125 0.9234375 0.028125 0.01875
5 0.2421875 0.9109375 0.0640625 0.0640625
3 0.240625 0.790625 0.025 0.025
3 0.240625 0.6953125 0.0203125 0.021875
3 0.240625 0.625 0.028125 0.0171875
3 0.240625 0.5546875 0.0234375 0.0234375
3 0.240625 0.4828125 0.0265625 0.0203125
5 0.240625 0.4140625 0.025 0.0265625
3 0.2390625 0.34375 0.0265625 0.0265625
3 0.240625 0.2484375 0.0203125 0.021875
3 0.240625 0.178125 0.028125 0.015625
3 0.240625 0.1078125 0.0234375 0.0234375
3 0.240625 0.0359375 0.028125 0.0203125
14 0.35625 0.0375 0.1046875 0.0171875
14 0.35 0.1078125 0.0921875 0.0171875
14 0.3421875 0.1765625 0.075 0.0203125
14 0.3734375 0.2484375 0.1375 0.0171875
14 0.325 0.340625 0.0390625 0.0203125
14 0.3609375 0.4125 0.1140625 0.015625
14 0.334375 0.484375 0.059375 0.0171875
14 0.346875 0.553125 0.0859375 0.0171875
14 0.3578125 0.621875 0.10625 0.0203125
14 0.321875 0.6953125 0.0359375 0.0171875
14 0.33125 0.790625 0.05625 0.0171875
14 0.3359375 0.9078125 0.0640625 0.01875
11 0.403125 0.4828125 0.409375 0.9640625
17 0.5 0.98125 0.6 0.034375