14 0.321875 0.58125 0.1109375 0.0234375
3 0.7546875 0.0890625 0.00625 0.021875
3 0.696875 0.0890625 0.021875 0.021875
3 0.6296875 0.090625 0.021875 0.021875
3 0.5640625 0.0890625 0.025 0.021875
3 0.496875 0.0890625 0.0234375 0.025
3 0.43125 0.0890625 0.021875 0.0234375
3 0.253125 0.0921875 0.0265625 0.0265625
14 0.496875 0.325 0.515625 0.3390625
14 0.4703125 0.5328125 0.4625 0.0546875
14 0.2640625 0.7953125 0.0578125 0.0203125
14 0.7265625 0.94375 0.0890625 0.01875
14 0.575 0.94375 0.1015625 0.01875
14 0.4265625 0.940625 0.14375 0.015625
14 0.275 0.9421875 0.0765625 0.015625
5 0.725 0.8828125 0.06875 0.0640625
3 0.5765625 0.8828125 0.065625 0.0671875
5 0.4296875 0.8828125 0.0609375 0.071875
3 0.275 0.8828125 0.05625 0.0578125
11 0.5 0.8765625 0.5984375 0.2453125
17 0.5 0.01875 0.6 0.034375