3 0.2359375 0.3265625 0.0390625 0.0359375
14 0.3421875 0.796875 0.1390625 0.021875
5 0.2359375 0.796875 0.0375 0.0375
3 0.765625 0.796875 0.0125 0.01875
14 0.378125 0.7296875 0.2109375 0.0265625
5 0.2359375 0.7265625 0.0328125 0.0359375
3 0.765625 0.7265625 0.0125 0.01875
14 0.68125 0.65625 0.103125 0.0171875
14 0.3703125 0.6578125 0.190625 0.0265625
3 0.2359375 0.65625 0.0359375 0.0375
3 0.765625 0.65625 0.0125 0.01875
14 0.7 0.584375 0.06875 0.01875
14 0.3875 0.5875 0.2296875 0.0265625
5 0.2359375 0.584375 0.0375 0.0328125
3 0.765625 0.5859375 0.0125 0.01875
14 0.6984375 0.5171875 0.06875 0.0234375
14 0.33125 0.5171875 0.1125 0.025
5 0.2359375 0.5140625 0.0375 0.0375
3 0.765625 0.515625 0.0125 0.01875
14 0.3578125 0.421875 0.1703125 0.021875
5 0.2359375 0.421875 0.0359375 0.0359375
3 0.765625 0.421875 0.0125 0.01875
14 0.3125 0.3265625 0.0828125 0.021875
13 0.721875 0.3265625 0.0828125 0.0515625
14 0.309375 0.2515625 0.071875 0.021875
5 0.2359375 0.2515625 0.0359375 0.034375
13 0.721875 0.2515625 0.0828125 0.0515625
14 0.3625 0.18125 0.1765625 0.0265625
3 0.2359375 0.178125 0.034375 0.0375
13 0.721875 0.178125 0.0828125 0.0515625
14 0.5 0.0796875 0.10625 0.028125
3 0.2390625 0.0765625 0.0171875 0.028125
16 0.5 0.0765625 0.6 0.08125
17 0.5 0.01875 0.6 0.034375