17 0.5 0.984375 0.5609375 0.0296875
8 0.5 0.8046875 0.5609375 0.328125
11 0.5 0.5921875 0.5609375 0.0953125
11 0.5 0.496875 0.5609375 0.0953125
11 0.5 0.4 0.5609375 0.09375
11 0.5 0.3046875 0.5609375 0.0953125
9 0.5 0.2078125 0.5609375 0.090625
15 0.5 0.1140625 0.5609375 0.09375
11 0.5 0.0328125 0.5609375 0.0609375
3 0.65625 0.03125 0.021875 0.025
3 0.5 0.03125 0.021875 0.025
3 0.34375 0.03125 0.0265625 0.0265625
3 0.7421875 0.3046875 0.025 0.0296875
3 0.740625 0.396875 0.0328125 0.040625
3 0.7421875 0.4953125 0.0515625 0.025
3 0.7421875 0.5921875 0.0515625 0.0171875
14 0.678125 0.6234375 0.0484375 0.01875
14 0.5328125 0.5828125 0.3375 0.028125
14 0.690625 0.528125 0.021875 0.021875
14 0.515625 0.4875 0.3671875 0.0328125
14 0.65625 0.4296875 0.0921875 0.021875
14 0.6625 0.3921875 0.0765625 0.046875
14 0.646875 0.334375 0.1125 0.0203125
14 0.6578125 0.2984375 0.0859375 0.028125
14 0.6421875 0.2078125 0.090625 0.01875
14 0.3578125 0.20625 0.0875 0.0203125