15 0.3015625 0.009375 0.134375 0.0171875
14 0.25625 0.071875 0.06875 0.0140625
15 0.278125 0.1328125 0.0875 0.0234375
13 0.7328125 0.20625 0.0578125 0.034375
14 0.26875 0.20625 0.0671875 0.0171875
13 0.7359375 0.278125 0.0578125 0.034375
14 0.253125 0.3390625 0.0640625 0.01875
14 0.3015625 0.278125 0.1328125 0.0171875
15 0.5 0.440625 0.534375 0.0703125
5 0.71875 0.525 0.0296875 0.0296875
5 0.571875 0.525 0.0296875 0.0296875
5 0.4265625 0.525 0.0296875 0.0296875
5 0.2796875 0.525 0.0296875 0.0296875
14 0.71875 0.559375 0.08125 0.0125
14 0.5734375 0.559375 0.1171875 0.0125
14 0.4265625 0.5609375 0.075 0.0125
14 0.2796875 0.5609375 0.10625 0.0125
14 0.5 0.61875 0.3 0.0328125
14 0.290625 0.7 0.1375 0.01875
14 0.5 0.7578125 0.196875 0.01875
14 0.4984375 0.7875 0.1625 0.0171875
5 0.5 0.890625 0.1171875 0.1171875
3 0.246875 0.915625 0.028125 0.028125
17 0.5 0.98125 0.6 0.034375