3 0.7359375 0.31875 0.0328125 0.0359375
3 0.7359375 0.0984375 0.034375 0.0375
3 0.24375 0.0453125 0.01875 0.01875
3 0.2421875 0.2640625 0.01875 0.01875
3 0.24375 0.484375 0.01875 0.0171875
3 0.7359375 0.75625 0.034375 0.0375
3 0.24375 0.703125 0.01875 0.01875
14 0.459375 0.0421875 0.3953125 0.021875
14 0.39375 0.1 0.31875 0.0609375
14 0.2875 0.1640625 0.10625 0.0125
14 0.35 0.2640625 0.178125 0.0171875
14 0.4125 0.3171875 0.3546875 0.0640625
14 0.2875 0.384375 0.10625 0.0125
14 0.415625 0.48125 0.3078125 0.021875
14 0.4265625 0.5359375 0.38125 0.0640625
3 0.7359375 0.5375 0.034375 0.0375
14 0.2875 0.603125 0.10625 0.0125
14 0.35 0.703125 0.178125 0.0171875
14 0.40625 0.75625 0.3421875 0.0640625
14 0.2875 0.821875 0.10625 0.0125
14 0.4984375 0.915625 0.140625 0.015625
3 0.2484375 0.915625 0.028125 0.0265625
16 0.5 0.915625 0.6 0.0953125
17 0.5 0.98125 0.6 0.034375