14 0.5375 0.1234375 0.1734375 0.0203125
14 0.653125 0.290625 0.0828125 0.021875
14 0.6421875 0.3609375 0.1046875 0.0203125
14 0.640625 0.4296875 0.1078125 0.0171875
14 0.6078125 0.5015625 0.175 0.021875
14 0.75625 0.596875 0.040625 0.0203125
14 0.7265625 0.665625 0.1 0.0171875
14 0.7203125 0.7359375 0.1140625 0.0171875
14 0.4375 0.9734375 0.06875 0.01875
3 0.759375 0.4984375 0.0359375 0.0296875
3 0.7609375 0.4296875 0.034375 0.034375
5 0.7609375 0.359375 0.034375 0.034375
5 0.759375 0.2890625 0.0359375 0.0296875
5 0.71875 0.1234375 0.1125 0.1109375
11 0.596875 0.5171875 0.4078125 0.9640625
17 0.5 0.01875 0.6 0.034375