14 0.521875 0.23125 0.146875 0.0265625
14 0.3546875 0.3046875 0.0984375 0.0171875
14 0.3546875 0.3765625 0.1015625 0.0203125
14 0.3421875 0.446875 0.075 0.0203125
14 0.3875 0.5171875 0.165625 0.0203125
14 0.35 0.6125 0.0921875 0.0203125
14 0.3453125 0.6828125 0.0796875 0.0203125
14 0.35625 0.75 0.1015625 0.0171875
14 0.353125 0.8453125 0.0984375 0.0171875
14 0.3453125 0.915625 0.08125 0.0171875
3 0.240625 0.915625 0.0296875 0.0296875
3 0.240625 0.8453125 0.0296875 0.0234375
5 0.240625 0.75 0.028125 0.0328125
3 0.240625 0.6796875 0.0296875 0.028125
3 0.240625 0.609375 0.0265625 0.0296875
3 0.2390625 0.5140625 0.0265625 0.0265625
3 0.240625 0.44375 0.028125 0.0296875
3 0.2390625 0.3734375 0.0265625 0.0265625
3 0.240625 0.303125 0.028125 0.028125
3 0.3265625 0.09375 0.0375 0.0421875
5 0.378125 0.09375 0.04375 0.040625
5 0.4296875 0.09375 0.0296875 0.04375
3 0.4828125 0.09375 0.0265625 0.0421875
11 0.403125 0.51875 0.4078125 0.9625
17 0.5 0.01875 0.6 0.034375