14 0.596875 0.5625 0.1359375 0.0140625
5 0.6875 0.121875 0.175 0.09375
14 0.246875 0.153125 0.021875 0.0140625
14 0.4296875 0.1421875 0.30625 0.046875
3 0.2375 0.9234375 0.0328125 0.028125
14 0.65625 0.921875 0.0765625 0.021875
3 0.759375 0.9234375 0.025 0.0234375
14 0.5546875 0.4296875 0.0390625 0.0171875
14 0.546875 0.36875 0.059375 0.015625
2 0.646875 0.49375 0.0265625 0.0265625
2 0.6 0.3703125 0.028125 0.0296875
2 0.6 0.4328125 0.0296875 0.0296875
14 0.490625 0.4921875 0.2640625 0.0421875
14 0.365625 0.28125 0.05625 0.01875
14 0.48125 0.28125 0.0890625 0.01875
6 0.5 0.55625 0.3375 0.028125
14 0.59375 0.6796875 0.153125 0.0265625
11 0.5015625 0.4828125 0.4109375 0.496875
17 0.5 0.98125 0.6 0.034375