5 0.2484375 0.040625 0.053125 0.053125
14 0.7359375 0.040625 0.08125 0.025
14 0.5078125 0.8453125 0.55 0.0234375
14 0.2640625 0.9234375 0.0828125 0.01875
14 0.628125 0.9203125 0.1328125 0.0296875
3 0.7609375 0.9234375 0.021875 0.0234375
14 0.5015625 0.2125 0.453125 0.04375
15 0.5 0.309375 0.4609375 0.0671875
14 0.3140625 0.384375 0.0875 0.0203125
14 0.30625 0.415625 0.071875 0.021875
14 0.7046875 0.4171875 0.05 0.01875
14 0.3046875 0.4828125 0.06875 0.021875
14 0.7046875 0.4828125 0.05 0.01875
14 0.5015625 0.565625 0.2578125 0.025
5 0.496875 0.6953125 0.1609375 0.128125
11 0.5 0.4828125 0.5546875 0.6796875
17 0.5 0.98125 0.6 0.034375