14 0.621875 0.959375 0.0625 0.0140625
3 0.678125 0.9578125 0.0234375 0.0203125
14 0.34375 0.959375 0.04375 0.0140625
3 0.3890625 0.959375 0.021875 0.0234375
15 0.5 0.878125 0.5546875 0.0671875
3 0.765625 0.0765625 0.0265625 0.0265625
15 0.5 0.775 0.4671875 0.0953125
5 0.6890625 0.6828125 0.046875 0.05
3 0.6921875 0.6 0.046875 0.046875
5 0.6890625 0.5140625 0.0515625 0.046875
14 0.5546875 0.684375 0.18125 0.021875
14 0.5859375 0.6 0.125 0.0234375
14 0.5734375 0.51875 0.1390625 0.0296875
14 0.5015625 0.4125 0.3515625 0.028125
5 0.5 0.2921875 0.15 0.15
11 0.5 0.5203125 0.4671875 0.60625
17 0.5 0.01875 0.6 0.034375