14 0.5 0.08125 0.56875 0.0421875
14 0.5 0.1265625 0.1 0.0203125
5 0.5 0.2046875 0.10625 0.090625
14 0.5 0.7671875 0.334375 0.01875
14 0.734375 0.8484375 0.0875 0.015625
14 0.6234375 0.8484375 0.0453125 0.015625
14 0.5078125 0.8484375 0.0953125 0.015625
14 0.375 0.8484375 0.0765625 0.015625
14 0.2453125 0.8484375 0.090625 0.015625
3 0.234375 0.9234375 0.0296875 0.0296875
3 0.3078125 0.9234375 0.03125 0.0296875
3 0.6609375 0.9234375 0.0140625 0.0078125
3 0.759375 0.9234375 0.028125 0.0203125
14 0.2828125 0.2953125 0.1046875 0.01875
14 0.4171875 0.2953125 0.1171875 0.0203125
14 0.5234375 0.36875 0.496875 0.0515625
14 0.5 0.5609375 0.1984375 0.0265625
5 0.5 0.5625 0.571875 0.2921875
11 0.5 0.4828125 0.5734375 0.4515625
17 0.5 0.98125 0.6 0.034375