14 0.3265625 0.078125 0.040625 0.0234375
3 0.2390625 0.0765625 0.025 0.025
14 0.328125 0.1671875 0.2234375 0.01875
14 0.3515625 0.23125 0.1234375 0.01875
14 0.3234375 0.321875 0.0625 0.0203125
14 0.31875 0.4109375 0.053125 0.01875
14 0.3375 0.5 0.090625 0.01875
14 0.340625 0.5890625 0.1 0.01875
14 0.5890625 0.678125 0.0484375 0.021875
14 0.25625 0.6796875 0.065625 0.01875
14 0.259375 0.771875 0.0890625 0.01875
14 0.2609375 0.8375 0.0765625 0.0203125
14 0.33125 0.9265625 0.2171875 0.0203125
3 0.2484375 0.23125 0.0484375 0.0484375
3 0.2515625 0.3203125 0.0515625 0.05
5 0.25 0.409375 0.05 0.05
5 0.25 0.4984375 0.05 0.05
3 0.2484375 0.5890625 0.0484375 0.0484375
11 0.41875 0.5578125 0.4375 0.88125
17 0.5 0.01875 0.6 0.034375