14 0.4203125 0.075 0.1375 0.0171875
5 0.3078125 0.0765625 0.053125 0.0609375
3 0.2390625 0.0765625 0.025 0.0234375
14 0.3875 0.2046875 0.1640625 0.025
14 0.403125 0.35 0.1984375 0.01875
14 0.4109375 0.4984375 0.2109375 0.0234375
14 0.3859375 0.64375 0.1609375 0.0234375
14 0.284375 0.778125 0.1453125 0.0234375
15 0.5453125 0.8515625 0.209375 0.0703125
15 0.5453125 0.9375 0.2078125 0.0703125
15 0.3203125 0.8515625 0.209375 0.0703125
15 0.3203125 0.9375 0.209375 0.0703125
3 0.2515625 0.6421875 0.059375 0.059375
5 0.2515625 0.4953125 0.059375 0.059375
3 0.2515625 0.3484375 0.059375 0.059375
3 0.2515625 0.2015625 0.059375 0.059375
15 0.7234375 0.0765625 0.1171875 0.0515625
16 0.5 0.0765625 0.6 0.08125
11 0.4328125 0.559375 0.4671875 0.88125
17 0.5 0.01875 0.6 0.034375