11 0.5 0.5 0.525 0.6578125
5 0.7046875 0.7796875 0.046875 0.046875
14 0.6328125 0.778125 0.071875 0.021875
2 0.7109375 0.56875 0.0296875 0.0296875
14 0.6109375 0.70625 0.0921875 0.025
14 0.6 0.6359375 0.1140625 0.0265625
14 0.6078125 0.565625 0.0953125 0.025
14 0.6296875 0.496875 0.0515625 0.0265625
14 0.5796875 0.428125 0.1546875 0.021875
14 0.6046875 0.3546875 0.103125 0.025
14 0.6328125 0.2859375 0.046875 0.0234375
14 0.6171875 0.2171875 0.078125 0.021875
2 0.7109375 0.709375 0.0296875 0.0296875
2 0.7109375 0.6390625 0.0296875 0.0296875
2 0.7109375 0.2171875 0.0296875 0.0296875
2 0.7109375 0.4984375 0.0296875 0.0296875
2 0.7109375 0.428125 0.0296875 0.0296875
2 0.7109375 0.3578125 0.0296875 0.0296875
2 0.7109375 0.2875 0.0296875 0.0296875