14 0.659375 0.215625 0.10625 0.0234375
14 0.6390625 0.2953125 0.1109375 0.0171875
14 0.61875 0.3921875 0.153125 0.0203125
14 0.615625 0.4625 0.159375 0.0203125
14 0.6296875 0.5578125 0.13125 0.0203125
14 0.6515625 0.625 0.0859375 0.0171875
14 0.66875 0.7203125 0.05625 0.0171875
3 0.765625 0.2125 0.015625 0.009375
3 0.759375 0.29375 0.0296875 0.0296875
3 0.759375 0.3890625 0.025 0.03125
3 0.7609375 0.459375 0.015625 0.0265625
3 0.759375 0.5546875 0.0265625 0.0296875
3 0.7609375 0.6265625 0.034375 0.0296875
3 0.759375 0.7203125 0.0296875 0.0296875
11 0.58125 0.5171875 0.4375 0.9625
17 0.5 0.01875 0.6 0.034375