14 0.6765625 0.0796875 0.203125 0.0234375
14 0.73125 0.2046875 0.09375 0.015625
14 0.6671875 0.2875 0.053125 0.015625
14 0.6609375 0.3578125 0.06875 0.015625
14 0.6640625 0.428125 0.0640625 0.0171875
14 0.653125 0.4984375 0.084375 0.0171875
14 0.64375 0.5703125 0.1015625 0.0203125
14 0.671875 0.640625 0.0453125 0.0203125
14 0.6671875 0.7109375 0.0578125 0.0203125
14 0.7359375 0.7921875 0.08125 0.0171875
14 0.6578125 0.8625 0.0765625 0.015625
14 0.6578125 0.934375 0.075 0.0203125
3 0.759375 0.9328125 0.021875 0.021875
3 0.759375 0.8625 0.0296875 0.0296875
3 0.7609375 0.7078125 0.0265625 0.028125
3 0.7609375 0.6375 0.0296875 0.0296875
3 0.759375 0.5671875 0.0359375 0.0296875
5 0.7609375 0.4953125 0.0265625 0.028125
3 0.7609375 0.4265625 0.0296875 0.0296875
3 0.759375 0.3578125 0.0296875 0.03125
3 0.759375 0.2859375 0.0296875 0.0265625
3 0.4390625 0.19375 0.0296875 0.0328125
11 0.596875 0.5171875 0.4078125 0.9640625
17 0.5 0.01875 0.6 0.034375