5 0.240625 0.9296875 0.0453125 0.0453125
14 0.346875 0.9265625 0.1515625 0.0265625
14 0.334375 0.8578125 0.2 0.025
14 0.346875 0.8265625 0.2234375 0.01875
11 0.5 0.4828125 0.525 0.6640625
14 0.4140625 0.765625 0.30625 0.0265625
2 0.715625 0.6828125 0.0265625 0.0265625
14 0.3078125 0.6828125 0.0921875 0.0203125
2 0.715625 0.6109375 0.0265625 0.028125
14 0.2984375 0.6125 0.071875 0.0203125
2 0.715625 0.540625 0.0265625 0.0265625
14 0.3046875 0.540625 0.0859375 0.0203125
2 0.715625 0.4703125 0.0265625 0.0265625
14 0.3046875 0.4703125 0.0859375 0.0203125
2 0.715625 0.3984375 0.0265625 0.0265625
14 0.3046875 0.3984375 0.084375 0.0203125
2 0.715625 0.328125 0.0265625 0.0265625
14 0.3125 0.328125 0.1 0.0203125
2 0.715625 0.25625 0.025 0.0265625
14 0.3125 0.25625 0.1015625 0.0203125
15 0.5 0.1859375 0.525 0.071875
17 0.5 0.98125 0.6 0.034375