14 0.646875 0.6734375 0.0984375 0.0171875
14 0.621875 0.74375 0.146875 0.0171875
15 0.4125 0.3109375 0.234375 0.053125
15 0.63125 0.3109375 0.1453125 0.0515625
14 0.6234375 0.3765625 0.159375 0.021875
14 0.5328125 0.43125 0.3453125 0.0203125
15 0.4125 0.5546875 0.234375 0.0515625
15 0.63125 0.5546875 0.146875 0.0515625
14 0.5203125 0.6125 0.365625 0.015625
6 0.5 0.6734375 0.409375 0.0484375
6 0.5 0.7421875 0.409375 0.0484375
14 0.6578125 0.8078125 0.0921875 0.0203125
5 0.5 0.8984375 0.2453125 0.0890625
17 0.5 0.98125 0.6 0.034375