5 0.5 0.34375 0.6 0.45
5 0.6984375 0.9171875 0.146875 0.146875
14 0.39375 0.975 0.053125 0.01875
3 0.315625 0.971875 0.028125 0.0296875
3 0.246875 0.9734375 0.021875 0.0296875
14 0.3734375 0.890625 0.290625 0.08125
3 0.315625 0.784375 0.028125 0.0296875
3 0.246875 0.784375 0.021875 0.0296875
14 0.39375 0.7859375 0.053125 0.01875
14 0.4984375 0.721875 0.540625 0.0421875
14 0.4921875 0.6328125 0.525 0.0734375
5 0.31875 0.0765625 0.1078125 0.0421875
3 0.23125 0.078125 0.028125 0.0203125
16 0.5 0.078125 0.6 0.08125
17 0.5 0.01875 0.6 0.034375