14 0.271875 0.9921875 0.0984375 0.0140625
14 0.3515625 0.4546875 0.2578125 0.0234375
14 0.2546875 0.4140625 0.0609375 0.021875
14 0.290625 0.9078125 0.1328125 0.021875
13 0.7390625 0.90625 0.05 0.0296875
14 0.284375 0.825 0.1203125 0.0203125
14 0.2796875 0.7859375 0.1125 0.021875
14 0.3265625 0.7046875 0.20625 0.0265625
14 0.3125 0.621875 0.18125 0.025
14 0.309375 0.58125 0.1703125 0.021875
15 0.5 0.509375 0.5546875 0.053125
14 0.2484375 0.35 0.0515625 0.01875
14 0.2859375 0.3125 0.125 0.0203125
14 0.253125 0.2484375 0.059375 0.01875
14 0.2875 0.209375 0.1265625 0.0203125
14 0.2609375 0.1546875 0.0765625 0.0171875
14 0.340625 0.0796875 0.10625 0.0296875
3 0.240625 0.0765625 0.025 0.025
16 0.5 0.0765625 0.6 0.08125
17 0.5 0.01875 0.6 0.034375