5 0.525 0.934375 0.103125 0.1015625
3 0.4 0.934375 0.1015625 0.1015625
5 0.2734375 0.934375 0.1015625 0.103125
14 0.5 0.8546875 0.0828125 0.0171875
14 0.5 0.721875 0.059375 0.0171875
14 0.5 0.6609375 0.3859375 0.084375
14 0.6359375 0.528125 0.075 0.0234375
15 0.4390625 0.528125 0.2734375 0.0640625
14 0.5 0.4625 0.20625 0.0203125
14 0.496875 0.390625 0.371875 0.0640625
5 0.5 0.2515625 0.265625 0.1515625
14 0.3734375 0.0765625 0.171875 0.021875
3 0.240625 0.0765625 0.0234375 0.025
17 0.5 0.01875 0.6 0.034375