11 0.5 0.4828125 0.4109375 0.9171875
3 0.3484375 0.8890625 0.0328125 0.0328125
14 0.571875 0.8890625 0.1921875 0.021875
6 0.5 0.8171875 0.3390625 0.034375
3 0.64375 0.825 0.01875 0.0203125
14 0.515625 0.821875 0.2140625 0.01875
14 0.55625 0.7359375 0.109375 0.0171875
3 0.6453125 0.7359375 0.025 0.0125
3 0.6453125 0.659375 0.0234375 0.01875
14 0.553125 0.6578125 0.1140625 0.01875
2 0.6109375 0.5875 0.0296875 0.028125
14 0.5390625 0.5875 0.065625 0.015625
2 0.6125 0.5171875 0.0296875 0.028125
14 0.5265625 0.5171875 0.090625 0.0171875
2 0.6125 0.446875 0.0296875 0.028125
14 0.54375 0.446875 0.05625 0.015625
2 0.6125 0.3765625 0.0296875 0.0296875
14 0.5375 0.375 0.0703125 0.01875
2 0.6125 0.30625 0.028125 0.028125
14 0.5046875 0.3046875 0.1328125 0.01875
2 0.6125 0.2359375 0.0296875 0.028125
14 0.534375 0.2359375 0.075 0.0171875
2 0.6109375 0.165625 0.028125 0.0296875
14 0.5390625 0.165625 0.065625 0.0171875
14 0.48125 0.0703125 0.0921875 0.0203125
14 0.365625 0.0703125 0.065625 0.01875
17 0.5 0.98125 0.6 0.034375
15 0.48125 0.0703125 0.0921875 0.0203125
15 0.365625 0.0703125 0.065625 0.01875