3 0.759375 0.965625 0.021875 0.021875
3 0.2578125 0.4515625 0.0296875 0.0328125
3 0.2578125 0.54375 0.0265625 0.0296875
3 0.7484375 0.6359375 0.040625 0.040625
3 0.7484375 0.4515625 0.0421875 0.0421875
3 0.7484375 0.359375 0.040625 0.0421875
14 0.484375 0.9671875 0.359375 0.0453125
14 0.4453125 0.6546875 0.2796875 0.0203125
5 0.2578125 0.6359375 0.0296875 0.0296875
14 0.4015625 0.6234375 0.1921875 0.0203125
14 0.3984375 0.5625 0.1859375 0.0203125
14 0.3640625 0.53125 0.1203125 0.0203125
14 0.3953125 0.4703125 0.1828125 0.0203125
14 0.359375 0.4390625 0.109375 0.0203125
3 0.2578125 0.359375 0.0265625 0.0265625
14 0.4203125 0.3765625 0.23125 0.0203125
14 0.378125 0.346875 0.146875 0.0203125
14 0.4796875 0.284375 0.35 0.0203125
5 0.2578125 0.2671875 0.0265625 0.03125
14 0.365625 0.2515625 0.1234375 0.0171875
3 0.2546875 0.1765625 0.0296875 0.03125
14 0.3796875 0.1921875 0.15 0.0203125
14 0.371875 0.159375 0.13125 0.0171875
3 0.2515625 0.965625 0.05 0.05
14 0.39375 0.0796875 0.18125 0.0296875
3 0.240625 0.0765625 0.025 0.025
11 0.5 0.4046875 0.5796875 0.5546875
16 0.5 0.0765625 0.6 0.0828125
17 0.5 0.01875 0.6 0.034375