5 0.3203125 0.684375 0.0375 0.04375
3 0.3203125 0.621875 0.0328125 0.046875
3 0.3203125 0.559375 0.0484375 0.0359375
3 0.3203125 0.496875 0.0484375 0.0359375
3 0.3203125 0.434375 0.0484375 0.0375
5 0.3203125 0.3734375 0.0484375 0.0453125
5 0.3203125 0.309375 0.053125 0.053125
3 0.3203125 0.2453125 0.04375 0.0453125
3 0.3203125 0.1828125 0.046875 0.0484375
14 0.4578125 0.1796875 0.1984375 0.025
14 0.4390625 0.24375 0.1578125 0.025
14 0.5265625 0.3078125 0.334375 0.0203125
14 0.4296875 0.371875 0.1390625 0.0203125
14 0.4484375 0.43125 0.1796875 0.025
14 0.415625 0.496875 0.1140625 0.021875
14 0.4046875 0.559375 0.090625 0.0203125
14 0.41875 0.621875 0.1171875 0.0203125
14 0.4296875 0.68125 0.1453125 0.0265625
14 0.409375 0.7640625 0.2140625 0.025
11 0.5 0.4828125 0.4453125 0.659375
17 0.5 0.98125 0.6 0.034375