11 0.5 0.4828125 0.525 0.940625
14 0.40625 0.9015625 0.2890625 0.0328125
2 0.715625 0.7953125 0.025 0.025
14 0.3 0.79375 0.0765625 0.0203125
2 0.715625 0.725 0.025 0.025
14 0.334375 0.721875 0.14375 0.0265625
2 0.715625 0.653125 0.025 0.025
14 0.303125 0.653125 0.08125 0.0203125
2 0.715625 0.5828125 0.025 0.025
14 0.3125 0.578125 0.1015625 0.0265625
2 0.715625 0.5109375 0.025 0.025
14 0.3140625 0.5109375 0.1015625 0.0203125
2 0.715625 0.440625 0.025 0.025
14 0.2859375 0.4390625 0.046875 0.0203125
2 0.715625 0.36875 0.025 0.025
14 0.29375 0.36875 0.0640625 0.021875
2 0.715625 0.2984375 0.025 0.025
14 0.35625 0.2984375 0.1890625 0.021875
2 0.715625 0.2265625 0.025 0.025
14 0.325 0.2234375 0.1234375 0.0265625
2 0.715625 0.15625 0.025 0.025
14 0.3234375 0.15625 0.121875 0.0203125
15 0.5 0.046875 0.5234375 0.0703125
17 0.5 0.9828125 0.6015625 0.034375