14 0.2921875 0.2 0.0453125 0.0140625
14 0.2859375 0.971875 0.0328125 0.0140625
3 0.234375 0.971875 0.034375 0.034375
14 0.3171875 0.9015625 0.096875 0.0140625
5 0.234375 0.9015625 0.03125 0.034375
14 0.3703125 0.83125 0.203125 0.0140625
5 0.2359375 0.8328125 0.034375 0.03125
14 0.3765625 0.7625 0.2140625 0.01875
5 0.234375 0.7625 0.034375 0.025
14 0.375 0.690625 0.215625 0.0140625
5 0.234375 0.690625 0.0359375 0.0265625
14 0.390625 0.621875 0.2421875 0.0171875
3 0.234375 0.621875 0.034375 0.0265625
14 0.3546875 0.5515625 0.1703125 0.01875
5 0.2359375 0.5515625 0.034375 0.034375
14 0.2984375 0.48125 0.059375 0.0140625
5 0.234375 0.48125 0.0359375 0.03125
14 0.2859375 0.4109375 0.034375 0.0140625
5 0.234375 0.4109375 0.034375 0.034375
14 0.3859375 0.3421875 0.2328125 0.01875
5 0.234375 0.340625 0.0359375 0.034375
14 0.325 0.2703125 0.1109375 0.015625
5 0.2359375 0.2703125 0.034375 0.034375
3 0.234375 0.2 0.0296875 0.0265625
14 0.38125 0.1015625 0.1046875 0.01875
3 0.2640625 0.1 0.0796875 0.078125
11 0.4046875 0.51875 0.4078125 0.9625
17 0.5 0.01875 0.6 0.034375