3 0.7171875 0.6203125 0.03125 0.0328125
3 0.7171875 0.5015625 0.03125 0.0328125
3 0.7171875 0.3828125 0.03125 0.034375
3 0.7171875 0.2640625 0.0296875 0.03125
3 0.7515625 0.159375 0.0734375 0.0625
2 0.2484375 0.6203125 0.04375 0.04375
14 0.3953125 0.628125 0.0265625 0.015625
14 0.334375 0.621875 0.071875 0.0296875
3 0.7640625 0.6203125 0.0078125 0.0265625
2 0.2484375 0.5015625 0.04375 0.0421875
14 0.334375 0.528125 0.071875 0.01875
14 0.3953125 0.496875 0.0296875 0.0171875
14 0.334375 0.490625 0.06875 0.0296875
3 0.7625 0.5015625 0.00625 0.0265625
2 0.2484375 0.3828125 0.04375 0.04375
14 0.403125 0.409375 0.20625 0.0203125
14 0.3953125 0.378125 0.0296875 0.015625
14 0.3359375 0.371875 0.0703125 0.0296875
3 0.7640625 0.3828125 0.0078125 0.0265625
2 0.2484375 0.2640625 0.04375 0.04375
14 0.403125 0.290625 0.20625 0.01875
14 0.3953125 0.2609375 0.0296875 0.015625
14 0.334375 0.253125 0.071875 0.0296875
3 0.7625 0.2640625 0.00625 0.0265625
15 0.4609375 0.1578125 0.4875 0.0640625
3 0.75625 0.075 0.0328125 0.034375
14 0.5 0.078125 0.1 0.0328125
3 0.24375 0.0734375 0.0296875 0.021875
16 0.5 0.0765625 0.6 0.0796875
17 0.5 0.01875 0.6 0.034375