3 0.240625 0.959375 0.0296875 0.0375
3 0.4625 0.959375 0.034375 0.0359375
3 0.525 0.959375 0.0359375 0.0375
5 0.5859375 0.959375 0.0375 0.0359375
3 0.6484375 0.959375 0.0375 0.0375
3 0.7078125 0.959375 0.0375 0.0296875
14 0.7703125 0.959375 0.0359375 0.01875
14 0.6296875 0.90625 0.065625 0.015625
14 0.43125 0.9078125 0.08125 0.01875
14 0.4359375 0.865625 0.090625 0.0171875
5 0.33125 0.8828125 0.0734375 0.059375
3 0.26875 0.875 0.0265625 0.028125
3 0.2328125 0.875 0.021875 0.028125
3 0.7703125 0.0765625 0.0078125 0.025
5 0.7078125 0.0765625 0.01875 0.0359375
5 0.646875 0.0765625 0.0359375 0.0375
14 0.70625 0.1453125 0.0890625 0.0140625
14 0.5578125 0.1453125 0.065625 0.0140625
14 0.43125 0.1453125 0.0453125 0.0140625
14 0.2859375 0.1453125 0.1046875 0.0140625
14 0.3875 0.090625 0.1609375 0.0140625
14 0.3578125 0.0671875 0.1 0.01875
3 0.2453125 0.0765625 0.03125 0.021875
14 0.696875 0.771875 0.028125 0.0171875
14 0.5 0.646875 0.4015625 0.1171875
14 0.5015625 0.5515625 0.2140625 0.0296875
5 0.5 0.375 0.2328125 0.2328125
11 0.5 0.5171875 0.5265625 0.6015625
17 0.5 0.01875 0.6 0.034375