14 0.3015625 0.521875 0.0953125 0.0171875
14 0.3359375 0.4578125 0.1671875 0.015625
14 0.5 0.978125 0.19375 0.021875
14 0.5921875 0.796875 0.0921875 0.01875
14 0.4515625 0.7984375 0.178125 0.01875
14 0.425 0.753125 0.178125 0.01875
14 0.5921875 0.753125 0.14375 0.0171875
15 0.5 0.6671875 0.496875 0.059375
15 0.5 0.5921875 0.496875 0.059375
6 0.5 0.5296875 0.496875 0.034375
6 0.5 0.4609375 0.496875 0.040625
5 0.5 0.28125 0.2484375 0.1359375
0 0.5 0.5171875 0.6 0.9640625
17 0.5 0.01875 0.6 0.034375