14 0.696875 0.7484375 0.071875 0.0171875
14 0.7 0.6703125 0.0671875 0.0171875
14 0.6703125 0.5921875 0.1234375 0.01875
14 0.6640625 0.5109375 0.140625 0.021875
14 0.66875 0.4328125 0.1296875 0.021875
14 0.6515625 0.35625 0.1609375 0.01875
14 0.6796875 0.275 0.10625 0.021875
14 0.6671875 0.2 0.1296875 0.01875
14 0.64375 0.11875 0.178125 0.0203125
14 0.5953125 0.040625 0.271875 0.021875
3 0.7671875 0.0421875 0.021875 0.021875
3 0.7671875 0.121875 0.025 0.0171875
3 0.7671875 0.2 0.025 0.01875
3 0.76875 0.278125 0.0234375 0.0234375
5 0.7671875 0.3578125 0.021875 0.021875
3 0.7671875 0.4359375 0.0203125 0.021875
3 0.76875 0.5140625 0.0234375 0.0234375
3 0.7671875 0.5921875 0.01875 0.021875
3 0.7671875 0.6703125 0.01875 0.0203125
3 0.7671875 0.7484375 0.021875 0.01875
3 0.4171875 0.8765625 0.015625 0.0234375
14 0.615625 0.8578125 0.109375 0.01875
14 0.59375 0.8890625 0.1515625 0.025
3 0.734375 0.8765625 0.103125 0.1015625
11 0.5953125 0.4828125 0.409375 0.9640625
17 0.5 0.98125 0.6015625 0.034375