14 0.7515625 0.96875 0.0671875 0.0203125
14 0.7109375 0.9078125 0.146875 0.0171875
14 0.725 0.85 0.1203125 0.0171875
14 0.6703125 0.7921875 0.2296875 0.021875
14 0.7 0.734375 0.1703125 0.0203125
14 0.675 0.6765625 0.2203125 0.021875
14 0.696875 0.6171875 0.1765625 0.021875
14 0.6765625 0.559375 0.2171875 0.021875
14 0.7171875 0.5 0.1359375 0.021875
14 0.7203125 0.4421875 0.128125 0.021875
14 0.7171875 0.3828125 0.1359375 0.021875
14 0.7046875 0.3234375 0.1640625 0.0171875
14 0.696875 0.2640625 0.178125 0.0171875
14 0.753125 0.20625 0.0640625 0.0171875
14 0.740625 0.15 0.0875 0.0203125
14 0.665625 0.0796875 0.10625 0.0296875
3 0.7609375 0.0765625 0.0296875 0.021875
17 0.5 0.01875 0.6 0.034375