14 0.2765625 0.3828125 0.0953125 0.0171875
14 0.25625 0.3078125 0.0546875 0.0171875
14 0.25625 0.234375 0.053125 0.0171875
14 0.578125 0.1578125 0.109375 0.0171875
14 0.2859375 0.1578125 0.1125 0.0171875
15 0.646875 0.6015625 0.2796875 0.0609375
15 0.353125 0.6015625 0.2796875 0.0609375
14 0.5 0.5296875 0.021875 0.0140625
15 0.5 0.4578125 0.5734375 0.0609375
6 0.5 0.3828125 0.571875 0.059375
14 0.5 0.3078125 0.5734375 0.059375
6 0.5 0.234375 0.571875 0.059375
6 0.646875 0.1609375 0.2796875 0.059375
6 0.353125 0.1609375 0.2796875 0.059375
14 0.3828125 0.078125 0.2 0.0234375
3 0.2390625 0.0765625 0.0265625 0.0265625
16 0.5 0.0765625 0.6 0.08125
17 0.5 0.01875 0.6 0.034375