5 0.240625 0.4859375 0.0328125 0.0296875
3 0.76875 0.9234375 0.0078125 0.0265625
14 0.3578125 0.9203125 0.1078125 0.0296875
3 0.2390625 0.9234375 0.025 0.025
14 0.259375 0.8390625 0.0734375 0.0203125
14 0.371875 0.7640625 0.134375 0.021875
14 0.396875 0.69375 0.184375 0.0203125
14 0.36875 0.6234375 0.1265625 0.0203125
14 0.3796875 0.553125 0.153125 0.021875
14 0.39375 0.484375 0.178125 0.0203125
14 0.3890625 0.4140625 0.1703125 0.0203125
14 0.2484375 0.325 0.05 0.0171875
14 0.3515625 0.246875 0.0953125 0.0203125
14 0.375 0.1796875 0.1421875 0.0171875
15 0.4296875 0.0875 0.4609375 0.0578125
15 0.4296875 0.0296875 0.4609375 0.0578125
3 0.240625 0.2484375 0.0265625 0.0265625
5 0.2390625 0.1796875 0.0296875 0.0296875
3 0.240625 0.415625 0.0296875 0.0296875
5 0.240625 0.55625 0.0265625 0.0328125
5 0.240625 0.6265625 0.0328125 0.01875
3 0.2390625 0.6953125 0.0265625 0.0296875
5 0.240625 0.765625 0.0265625 0.0265625
11 0.4296875 0.440625 0.4609375 0.88125
16 0.5 0.9234375 0.6 0.08125
17 0.5 0.98125 0.6 0.034375