5 0.415625 0.20625 0.0421875 0.03125
5 0.4890625 0.20625 0.0484375 0.0359375
5 0.5578125 0.20625 0.0375 0.034375
5 0.625 0.20625 0.0421875 0.025
5 0.34375 0.20625 0.0484375 0.04375
14 0.646875 0.9421875 0.0890625 0.01875
14 0.4875 0.8171875 0.325 0.1609375
14 0.4375 0.6390625 0.2234375 0.0765625
14 0.44375 0.4203125 0.2359375 0.24375
14 0.35625 0.7046875 0.0578125 0.015625
14 0.35 0.571875 0.05 0.01875
14 0.359375 0.26875 0.0671875 0.015625
14 0.4171875 0.1 0.2171875 0.0265625
11 0.5 0.51875 0.421875 0.9171875
17 0.5 0.01875 0.6 0.034375