14 0.6640625 0.2640625 0.1 0.0171875
14 0.615625 0.3578125 0.1984375 0.0203125
3 0.75 0.2453125 0.04375 0.0421875
5 0.75 0.3375 0.04375 0.0421875
5 0.75 0.4203125 0.04375 0.0421875
5 0.75 0.5078125 0.0421875 0.0421875
3 0.7515625 0.578125 0.0421875 0.0421875
5 0.7515625 0.65 0.0421875 0.0421875
3 0.7515625 0.7203125 0.0421875 0.0421875
3 0.7515625 0.7921875 0.0421875 0.0421875
3 0.7515625 0.8796875 0.0421875 0.0421875
3 0.75 0.95 0.04375 0.04375
14 0.66875 0.953125 0.09375 0.0265625
14 0.640625 0.8796875 0.14375 0.025
14 0.6390625 0.79375 0.146875 0.0265625
14 0.5921875 0.7234375 0.24375 0.028125
14 0.5984375 0.65 0.2328125 0.021875
14 0.64375 0.578125 0.1390625 0.021875
14 0.6484375 0.509375 0.13125 0.0265625
14 0.65 0.421875 0.128125 0.028125
14 0.640625 0.3265625 0.146875 0.028125
14 0.6453125 0.234375 0.1359375 0.0265625
5 0.75 0.1640625 0.04375 0.04375
14 0.6421875 0.0765625 0.14375 0.021875
3 0.75 0.0765625 0.0421875 0.04375
14 0.6171875 0.165625 0.196875 0.028125
11 0.546875 0.51875 0.50625 0.9625
17 0.5 0.01875 0.6 0.034375