14 0.3125 0.3984375 0.1234375 0.0203125
14 0.3078125 0.3171875 0.115625 0.0203125
3 0.7625 0.0703125 0.0390625 0.0359375
14 0.525 0.1640625 0.2046875 0.0296875
5 0.39375 0.1640625 0.046875 0.05
15 0.5 0.7140625 0.371875 0.059375
15 0.5 0.6296875 0.36875 0.0515625
15 0.5 0.4859375 0.228125 0.059375
14 0.5 0.5453125 0.221875 0.0140625
6 0.5 0.4046875 0.5265625 0.034375
6 0.5 0.3234375 0.5265625 0.0328125
14 0.2515625 0.2484375 0.0609375 0.015625
14 0.6953125 0.0703125 0.0765625 0.0171875
14 0.3078125 0.0703125 0.165625 0.0203125
16 0.5 0.071875 0.6 0.0703125
17 0.5 0.01875 0.6 0.034375