14 0.596875 0.7953125 0.2703125 0.0265625
14 0.596875 0.7609375 0.1546875 0.0140625
14 0.6890625 0.6921875 0.0640625 0.0171875
14 0.7015625 0.621875 0.0375 0.0171875
14 0.678125 0.55 0.084375 0.021875
14 0.7 0.4796875 0.040625 0.0203125
14 0.678125 0.4109375 0.0828125 0.0171875
14 0.6828125 0.0328125 0.075 0.0203125
5 0.7609375 0.0359375 0.034375 0.025
3 0.7609375 0.4125 0.0359375 0.034375
5 0.7609375 0.4828125 0.0359375 0.0359375
5 0.7609375 0.553125 0.0359375 0.0328125
3 0.7609375 0.6234375 0.0296875 0.0359375
5 0.7609375 0.6953125 0.0359375 0.0296875
5 0.596875 0.8453125 0.4078125 0.234375
11 0.596875 0.48125 0.4078125 0.9625
17 0.5 0.98125 0.6 0.034375