11 0.5 0.5171875 0.525 0.7
14 0.3859375 0.2171875 0.221875 0.028125
14 0.471875 0.26875 0.396875 0.025
14 0.4 0.3109375 0.253125 0.025
2 0.2953125 0.35625 0.0265625 0.0265625
14 0.3828125 0.3578125 0.0921875 0.0203125
2 0.2953125 0.4203125 0.0265625 0.0265625
14 0.36875 0.425 0.065625 0.025
2 0.2953125 0.4859375 0.0265625 0.0265625
14 0.4375 0.4890625 0.2078125 0.028125
2 0.2953125 0.55 0.025 0.0265625
14 0.3671875 0.5515625 0.0625 0.0203125
2 0.2953125 0.615625 0.025 0.028125
14 0.35625 0.6171875 0.0421875 0.0203125
2 0.2953125 0.6796875 0.025 0.025
14 0.375 0.68125 0.0796875 0.0203125
2 0.2953125 0.7453125 0.025 0.0265625
14 0.38125 0.7484375 0.0953125 0.0265625
14 0.5625 0.8265625 0.0765625 0.015625
14 0.68125 0.8265625 0.0890625 0.0171875
17 0.5 0.01875 0.6 0.034375