11 0.5 0.48125 0.5109375 0.940625
14 0.609375 0.9015625 0.128125 0.03125
2 0.2984375 0.821875 0.0265625 0.0265625
14 0.6484375 0.81875 0.165625 0.0265625
2 0.2984375 0.7515625 0.025 0.0265625
14 0.6453125 0.7484375 0.171875 0.028125
2 0.2984375 0.68125 0.0265625 0.0265625
14 0.7078125 0.6796875 0.0453125 0.021875
2 0.2984375 0.609375 0.025 0.025
14 0.684375 0.60625 0.0953125 0.0265625
2 0.2984375 0.5390625 0.0265625 0.0265625
14 0.6875 0.534375 0.0875 0.025
2 0.3 0.4671875 0.025 0.025
14 0.671875 0.4640625 0.1203125 0.0265625
2 0.2984375 0.396875 0.0265625 0.0265625
14 0.6484375 0.3953125 0.1640625 0.0203125
2 0.2984375 0.325 0.0265625 0.025
14 0.7046875 0.325 0.0546875 0.021875
2 0.2984375 0.2546875 0.025 0.025
14 0.6765625 0.253125 0.109375 0.0203125
2 0.2984375 0.1828125 0.0265625 0.025
14 0.675 0.1828125 0.1125 0.0203125
2 0.2984375 0.1125 0.0265625 0.025
14 0.6859375 0.1125 0.0890625 0.021875
15 0.5 0.0484375 0.5109375 0.071875
17 0.5 0.98125 0.6 0.034375