14 0.471875 0.646875 0.0453125 0.0125
2 0.5796875 0.4703125 0.0296875 0.0296875
2 0.46875 0.4703125 0.0296875 0.0296875
14 0.6109375 0.184375 0.05 0.015625
14 0.4828125 0.184375 0.078125 0.015625
14 0.5 0.315625 0.28125 0.0234375
15 0.4984375 0.2671875 0.153125 0.059375
14 0.5203125 0.3671875 0.1 0.015625
14 0.3875 0.3671875 0.1265625 0.0203125
14 0.58125 0.509375 0.075 0.01875
14 0.4703125 0.509375 0.05 0.01875
14 0.3875 0.5078125 0.0375 0.0171875
5 0.5796875 0.5484375 0.0296875 0.040625
5 0.46875 0.5484375 0.034375 0.040625
6 0.5578125 0.6390625 0.2234375 0.0296875
3 0.3703125 0.6609375 0.0953125 0.09375
14 0.371875 0.7578125 0.0890625 0.0265625
11 0.5 0.4828125 0.421875 0.665625
17 0.5 0.98125 0.6 0.034375