14 0.671875 0.0390625 0.090625 0.0171875
3 0.7640625 0.040625 0.00625 0.0234375
14 0.75625 0.9234375 0.040625 0.0140625
14 0.265625 0.2234375 0.0640625 0.0171875
14 0.271875 0.2921875 0.075 0.0203125
14 0.2796875 0.3640625 0.0890625 0.0171875
14 0.253125 0.4359375 0.034375 0.0171875
5 0.5703125 0.50625 0.03125 0.0296875
14 0.375 0.5046875 0.140625 0.0203125
3 0.2484375 0.5046875 0.0296875 0.025
14 0.4078125 0.5765625 0.2046875 0.0171875
5 0.25 0.578125 0.03125 0.0296875
14 0.384375 0.646875 0.159375 0.015625
3 0.2484375 0.646875 0.0296875 0.0296875
14 0.3296875 0.71875 0.05 0.0171875
3 0.25 0.7171875 0.0296875 0.0296875
14 0.3328125 0.7890625 0.053125 0.015625
3 0.2484375 0.7890625 0.0296875 0.028125
14 0.54375 0.8609375 0.08125 0.01875
14 0.346875 0.9140625 0.225 0.0234375
11 0.409375 0.4828125 0.4203125 0.9640625
17 0.5 0.98125 0.6 0.034375