5 0.6390625 0.6484375 0.028125 0.0296875
14 0.6375 0.684375 0.0828125 0.015625
14 0.3609375 0.684375 0.1125 0.015625
3 0.3609375 0.6484375 0.0296875 0.0296875
3 0.3171875 0.4375 0.1125 0.01875
10 0.5 0.3046875 0.0890625 0.0109375
8 0.5 0.8625 0.553125 0.275
15 0.4984375 0.5421875 0.553125 0.0796875
14 0.44375 0.4375 0.1203125 0.0171875
14 0.2359375 0.4375 0.028125 0.0171875
14 0.3875 0.3859375 0.3265625 0.0265625
3 0.759375 0.3859375 0.0296875 0.028125
3 0.7609375 0.0765625 0.009375 0.0265625
3 0.240625 0.0765625 0.025 0.025
5 0.5 0.1875 0.6 0.303125
17 0.5 0.01875 0.6 0.034375