3 0.6578125 0.96875 0.0234375 0.021875
11 0.5 0.96875 0.559375 0.0625
3 0.3421875 0.96875 0.021875 0.025
3 0.5 0.9671875 0.025 0.0265625
0 0.4984375 0.1578125 0.559375 0.315625
10 0.5 0.284375 0.08125 0.0125
3 0.25625 0.06875 0.01875 0.021875
3 0.7453125 0.0703125 0.0109375 0.025
17 0.5 0.015625 0.5609375 0.03125
8 0.5 0.7109375 0.51875 0.3203125
14 0.4671875 0.3625 0.4484375 0.0234375
3 0.74375 0.3609375 0.021875 0.0234375
14 0.2546875 0.409375 0.028125 0.0171875
3 0.2859375 0.409375 0.015625 0.0171875
3 0.3078125 0.4109375 0.0125 0.0171875
3 0.3296875 0.4109375 0.0171875 0.01875
3 0.35 0.409375 0.0140625 0.0171875
3 0.3734375 0.4078125 0.015625 0.015625
14 0.446875 0.4125 0.1125 0.021875
3 0.3265625 0.4796875 0.025 0.0296875
3 0.4984375 0.484375 0.028125 0.025
3 0.6734375 0.48125 0.028125 0.0296875
14 0.3296875 0.5140625 0.1078125 0.0171875
14 0.5 0.515625 0.046875 0.015625
14 0.6734375 0.5140625 0.0765625 0.0140625
3 0.2578125 0.9015625 0.0171875 0.034375
14 0.534375 0.8921875 0.434375 0.0171875
14 0.34375 0.9140625 0.05625 0.0171875