3 0.240625 0.0765625 0.0234375 0.0234375
14 0.4484375 0.078125 0.2875 0.025
11 0.5234375 0.540625 0.5546875 0.6625
14 0.3046875 0.2375 0.0921875 0.028125
2 0.2734375 0.2984375 0.025 0.0234375
14 0.4109375 0.303125 0.1625 0.0265625
2 0.275 0.36875 0.0265625 0.025
14 0.4125 0.371875 0.1671875 0.0265625
2 0.2734375 0.4390625 0.025 0.025
14 0.4296875 0.4421875 0.2046875 0.0265625
2 0.2734375 0.5078125 0.025 0.025
14 0.41875 0.5125 0.178125 0.0265625
2 0.2734375 0.578125 0.025 0.0234375
14 0.3984375 0.5828125 0.1390625 0.0265625
2 0.2734375 0.6484375 0.025 0.025
14 0.4140625 0.653125 0.171875 0.0265625
2 0.2734375 0.71875 0.025 0.0265625
14 0.40625 0.7234375 0.1546875 0.0265625
14 0.609375 0.809375 0.0796875 0.01875
14 0.7140625 0.809375 0.0296875 0.01875
17 0.5 0.01875 0.6 0.034375