5 0.240625 0.928125 0.0421875 0.0421875
3 0.415625 0.928125 0.040625 0.040625
3 0.5 0.928125 0.0375 0.0375
3 0.5875 0.9296875 0.0375 0.034375
3 0.675 0.928125 0.0375 0.0375
3 0.759375 0.9375 0.0296875 0.028125
14 0.759375 0.9109375 0.0453125 0.0140625
14 0.303125 0.846875 0.065625 0.021875
14 0.5171875 0.84375 0.175 0.025
14 0.5125 0.7515625 0.1609375 0.025
14 0.55625 0.65625 0.2515625 0.0234375
14 0.4625 0.5640625 0.0609375 0.0203125
14 0.5015625 0.46875 0.14375 0.0234375
14 0.475 0.346875 0.0859375 0.0203125
14 0.4640625 0.253125 0.0671875 0.021875
14 0.4734375 0.1578125 0.0875 0.0234375
14 0.471875 0.0640625 0.08125 0.0234375
14 0.3015625 0.753125 0.084375 0.0203125
14 0.3015625 0.6578125 0.096875 0.0203125
14 0.303125 0.5640625 0.053125 0.0203125
14 0.303125 0.4703125 0.078125 0.0203125
16 0.5 0.928125 0.6 0.06875
17 0.5 0.98125 0.6 0.034375