14 0.7125 0.121875 0.05625 0.0140625
14 0.7125 0.146875 0.08125 0.0140625
14 0.6578125 0.009375 0.2140625 0.01875
14 0.73125 0.8484375 0.0578125 0.0140625
14 0.5859375 0.8484375 0.0828125 0.0140625
14 0.4234375 0.8484375 0.0984375 0.0140625
14 0.2703125 0.8484375 0.053125 0.0140625
3 0.240625 0.9234375 0.0296875 0.034375
14 0.6671875 0.9234375 0.0515625 0.0203125
3 0.7546875 0.9234375 0.0265625 0.0171875
10 0.503125 0.2671875 0.034375 0.0109375
14 0.5 0.21875 0.05 0.015625
5 0.5 0.4578125 0.3421875 0.3109375
14 0.5 0.653125 0.4546875 0.075
14 0.640625 0.753125 0.171875 0.021875
11 0.5 0.48125 0.525 0.646875
17 0.5 0.98125 0.6 0.034375