14 0.2515625 0.7296875 0.0421875 0.01875
14 0.2546875 0.6578125 0.05 0.021875
14 0.3015625 0.5828125 0.1453125 0.01875
14 0.303125 0.5109375 0.146875 0.021875
14 0.2984375 0.4359375 0.1375 0.01875
14 0.296875 0.3640625 0.1328125 0.021875
14 0.30625 0.2875 0.153125 0.01875
14 0.7 0.1359375 0.115625 0.01875
14 0.5 0.1359375 0.05 0.01875
14 0.3 0.1359375 0.096875 0.01875
14 0.26875 0.2109375 0.0828125 0.015625
5 0.33125 0.0625 0.0890625 0.0359375
3 0.240625 0.0625 0.025 0.025
17 0.5 0.01875 0.6 0.034375