14 0.684375 0.9046875 0.06875 0.01875
14 0.6578125 0.878125 0.1234375 0.021875
5 0.3078125 0.890625 0.034375 0.0296875
14 0.65 0.728125 0.25625 0.01875
13 0.2640625 0.65 0.05 0.03125
13 0.2640625 0.54375 0.05 0.0328125
14 0.553125 0.6640625 0.4484375 0.0421875
14 0.6390625 0.621875 0.2765625 0.0171875
14 0.5515625 0.5609375 0.4515625 0.0453125
14 0.6515625 0.515625 0.2515625 0.0171875
14 0.55625 0.3640625 0.4421875 0.0453125
14 0.6578125 0.3203125 0.2375 0.0171875
14 0.5796875 0.2578125 0.3921875 0.0453125
14 0.6734375 0.2140625 0.209375 0.0171875
14 0.559375 0.1515625 0.4375 0.046875
13 0.2640625 0.2421875 0.05 0.03125
13 0.2625 0.1359375 0.0484375 0.03125
3 0.240625 0.0765625 0.0359375 0.0359375
3 0.7609375 0.0765625 0.0328125 0.0265625
5 0.7640625 0.890625 0.065625 0.065625
5 0.2359375 0.890625 0.0234375 0.034375
15 0.315625 0.8 0.184375 0.0921875
15 0.5 0.8 0.1828125 0.0921875
15 0.6859375 0.8 0.184375 0.0921875
5 0.5 0.46875 0.0203125 0.01875
14 0.7234375 0.446875 0.1078125 0.0171875
13 0.275 0.3484375 0.05 0.0328125
14 0.5 0.071875 0.1796875 0.0171875
16 0.5 0.0765625 0.6 0.0796875
17 0.5 0.01875 0.6 0.034375