14 0.2578125 0.4703125 0.059375 0.0109375
14 0.271875 0.5109375 0.0859375 0.0265625
1 0.734375 0.4984375 0.0734375 0.0734375
3 0.759375 0.0765625 0.0359375 0.0375
3 0.2390625 0.078125 0.0296875 0.0265625
14 0.5703125 0.9546875 0.1265625 0.034375
14 0.43125 0.94375 0.065625 0.0140625
14 0.2921875 0.94375 0.0984375 0.0140625
5 0.5734375 0.8796875 0.0609375 0.0734375
3 0.43125 0.88125 0.071875 0.071875
5 0.2921875 0.8796875 0.0609375 0.065625
14 0.7078125 0.76875 0.075 0.01875
14 0.56875 0.7671875 0.084375 0.015625
14 0.43125 0.7671875 0.0578125 0.0140625
14 0.2921875 0.7671875 0.0671875 0.015625
5 0.7078125 0.703125 0.06875 0.065625
5 0.5703125 0.703125 0.06875 0.06875
5 0.43125 0.703125 0.0609375 0.059375
3 0.2921875 0.703125 0.0578125 0.0578125
14 0.2453125 0.6140625 0.0453125 0.01875
11 0.5 0.7921875 0.6 0.415625
17 0.5 0.01875 0.6 0.034375