3 0.7125 0.31875 0.05625 0.05625
14 0.4890625 0.8171875 0.3453125 0.0234375
5 0.7125 0.8171875 0.053125 0.0640625
14 0.5640625 0.7203125 0.1828125 0.0234375
5 0.7125 0.7203125 0.0625 0.0640625
14 0.6203125 0.6203125 0.06875 0.0234375
5 0.7125 0.61875 0.065625 0.0609375
14 0.584375 0.525 0.140625 0.028125
5 0.7125 0.5203125 0.0671875 0.0625
14 0.59375 0.4203125 0.1234375 0.0234375
3 0.7125 0.41875 0.0703125 0.071875
14 0.590625 0.3203125 0.125 0.0234375
14 0.68125 0.2203125 0.1125 0.028125
11 0.5 0.5171875 0.525 0.6875
17 0.5 0.01875 0.6 0.034375