14 0.353125 0.8140625 0.090625 0.015625
15 0.5765625 0.8140625 0.278125 0.0734375
14 0.61875 0.734375 0.1453125 0.0171875
14 0.38125 0.734375 0.1703125 0.0171875
5 0.61875 0.628125 0.2125 0.1703125
5 0.38125 0.628125 0.2125 0.1703125
14 0.61875 0.51875 0.1453125 0.0171875
14 0.38125 0.521875 0.1125 0.0203125
5 0.61875 0.4125 0.2125 0.1703125
5 0.38125 0.4125 0.2125 0.1703125
14 0.4984375 0.2890625 0.44375 0.0484375
14 0.5 0.2109375 0.2734375 0.0640625
11 0.5 0.50625 0.50625 0.703125
17 0.5 0.01875 0.6 0.034375