3 0.2453125 0.109375 0.0453125 0.0453125
14 0.3328125 0.171875 0.2203125 0.0203125
14 0.3421875 0.2 0.2390625 0.021875
14 0.3296875 0.2828125 0.0515625 0.015625
14 0.353125 0.3515625 0.0984375 0.015625
14 0.3390625 0.421875 0.0671875 0.015625
14 0.378125 0.4921875 0.146875 0.015625
14 0.246875 0.5765625 0.0453125 0.0140625
14 0.3203125 0.646875 0.03125 0.0140625
14 0.33125 0.715625 0.053125 0.015625
3 0.2390625 0.715625 0.028125 0.0296875
5 0.240625 0.646875 0.0359375 0.028125
5 0.240625 0.28125 0.0328125 0.021875
3 0.240625 0.3515625 0.034375 0.025
3 0.240625 0.421875 0.028125 0.028125
5 0.240625 0.4921875 0.028125 0.028125
11 0.4328125 0.5171875 0.465625 0.9640625
17 0.5 0.01875 0.6 0.034375