14 0.3015625 0.6734375 0.1125 0.0203125
14 0.28125 0.76875 0.06875 0.0203125
15 0.5 0.290625 0.54375 0.059375
15 0.5 0.371875 0.5453125 0.065625
14 0.5 0.434375 0.0234375 0.015625
14 0.284375 0.50625 0.0796875 0.0265625
14 0.64375 0.50625 0.2359375 0.0265625
15 0.5 0.584375 0.5546875 0.0703125
6 0.5 0.675 0.5421875 0.06875
6 0.5 0.7703125 0.54375 0.06875
14 0.4984375 0.8375 0.1796875 0.0265625
14 0.340625 0.9203125 0.0703125 0.0296875
3 0.240625 0.9234375 0.025 0.025
16 0.5 0.9234375 0.6 0.08125
0 0.5 0.440625 0.6 0.88125
17 0.5 0.98125 0.6 0.034375