3 0.7671875 0.0765625 0.00625 0.0265625
14 0.35625 0.078125 0.0578125 0.021875
3 0.2640625 0.0890625 0.0828125 0.084375
14 0.34375 0.1875 0.0765625 0.021875
14 0.378125 0.246875 0.1453125 0.01875
14 0.3515625 0.309375 0.09375 0.021875
14 0.3546875 0.3703125 0.1 0.01875
14 0.4078125 0.4328125 0.20625 0.021875
14 0.3578125 0.4921875 0.1046875 0.01875
14 0.35625 0.553125 0.1015625 0.01875
14 0.3421875 0.6421875 0.0765625 0.021875
14 0.353125 0.703125 0.096875 0.021875
3 0.2375 0.7015625 0.01875 0.0265625
3 0.2375 0.640625 0.0265625 0.0265625
3 0.2375 0.553125 0.0265625 0.025
3 0.2375 0.4921875 0.0265625 0.025
3 0.2375 0.4296875 0.0265625 0.0234375
3 0.2375 0.3703125 0.0265625 0.021875
3 0.2375 0.3078125 0.0234375 0.0265625
3 0.2375 0.246875 0.0265625 0.0203125
5 0.2375 0.184375 0.0265625 0.0265625
11 0.4328125 0.51875 0.465625 0.9625
17 0.5 0.01875 0.6 0.034375