2 0.246875 0.215625 0.0265625 0.0265625
2 0.246875 0.3234375 0.0265625 0.0265625
2 0.246875 0.43125 0.0265625 0.0265625
14 0.6609375 0.0109375 0.23125 0.021875
14 0.6125 0.0890625 0.328125 0.0203125
14 0.68125 0.11875 0.1890625 0.0234375
14 0.621875 0.196875 0.3109375 0.0203125
14 0.709375 0.228125 0.1328125 0.01875
14 0.5609375 0.3046875 0.4328125 0.0203125
14 0.740625 0.3359375 0.0734375 0.01875
14 0.5765625 0.4125 0.4015625 0.0203125
14 0.6796875 0.4421875 0.1953125 0.021875
14 0.7109375 0.525 0.1296875 0.01875
2 0.246875 0.525 0.0265625 0.0265625
14 0.7015625 0.5765625 0.15 0.0203125
14 0.68125 0.6546875 0.190625 0.0234375
14 0.7 0.709375 0.153125 0.0203125
14 0.6953125 0.7875 0.165625 0.0234375
14 0.6875 0.8421875 0.178125 0.0203125
14 0.6421875 0.91875 0.10625 0.028125
3 0.759375 0.9234375 0.0234375 0.025
16 0.5 0.9234375 0.5984375 0.0796875
17 0.5 0.98125 0.6 0.034375