14 0.628125 0.98125 0.14375 0.025
5 0.75 0.978125 0.034375 0.0296875
14 0.5859375 0.746875 0.228125 0.0234375
14 0.596875 0.678125 0.2046875 0.0234375
3 0.75 0.74375 0.03125 0.025
3 0.75 0.675 0.0296875 0.028125
14 0.634375 0.5375 0.13125 0.0203125
3 0.75 0.5375 0.025 0.0296875
14 0.6421875 0.2046875 0.2578125 0.0265625
14 0.6140625 0.8828125 0.1734375 0.0203125
14 0.378125 0.8828125 0.0078125 0.01875
3 0.75 0.8828125 0.03125 0.0296875
14 0.553125 0.8171875 0.29375 0.025
3 0.75 0.8140625 0.03125 0.0296875
14 0.584375 0.60625 0.2296875 0.01875
3 0.75 0.60625 0.03125 0.0296875
14 0.6296875 0.4453125 0.1390625 0.025
3 0.75 0.4421875 0.03125 0.028125
14 0.65625 0.3734375 0.0859375 0.01875
5 0.7484375 0.3734375 0.0328125 0.028125
14 0.6578125 0.303125 0.0828125 0.0203125
5 0.75 0.303125 0.0296875 0.028125
5 0.5671875 0.0984375 0.421875 0.0765625
11 0.565625 0.51875 0.4671875 0.9625
17 0.5 0.01875 0.6 0.034375