8 0.5 0.5171875 0.5609375 0.66875
17 0.5 0.015625 0.5609375 0.03125
3 0.7390625 0.140625 0.03125 0.03125
6 0.471875 0.140625 0.45 0.040625
14 0.6078125 0.1421875 0.15625 0.0171875
15 0.6421875 0.89375 0.278125 0.0828125
15 0.3609375 0.8921875 0.2796875 0.08125
3 0.7703125 0.065625 0.0109375 0.01875
3 0.25625 0.065625 0.028125 0.03125
14 0.675 0.065625 0.090625 0.01875
5 0.74375 0.065625 0.0296875 0.03125
3 0.65625 0.9671875 0.0203125 0.0265625
3 0.5 0.9671875 0.0234375 0.0234375
3 0.3421875 0.96875 0.0234375 0.021875
11 0.5 0.9671875 0.5609375 0.0640625
16 0.5 0.065625 0.5609375 0.0671875