14 0.653125 0.4421875 0.0875 0.015625
5 0.7265625 0.890625 0.0953125 0.0953125
14 0.69375 0.796875 0.1515625 0.0203125
14 0.653125 0.7234375 0.0828125 0.0171875
14 0.6515625 0.65 0.0890625 0.0203125
14 0.6609375 0.5828125 0.0671875 0.015625
14 0.6515625 0.5109375 0.0875 0.0203125
14 0.640625 0.371875 0.1109375 0.0171875
14 0.6578125 0.3 0.075 0.0203125
14 0.665625 0.23125 0.059375 0.0171875
14 0.6546875 0.1609375 0.0828125 0.0171875
14 0.675 0.065625 0.0421875 0.015625
3 0.759375 0.065625 0.0359375 0.0234375
3 0.759375 0.1625 0.028125 0.0296875
5 0.759375 0.2328125 0.0265625 0.0265625
5 0.759375 0.3015625 0.0296875 0.0296875
3 0.759375 0.371875 0.0296875 0.0234375
3 0.7609375 0.44375 0.028125 0.03125
5 0.759375 0.5125 0.0328125 0.0265625
5 0.759375 0.58125 0.0328125 0.028125
3 0.759375 0.653125 0.028125 0.025
3 0.759375 0.7234375 0.0296875 0.025
11 0.596875 0.4828125 0.4078125 0.9640625
17 0.5 0.98125 0.6 0.034375