11 0.4453125 0.5171875 0.490625 0.9640625
5 0.26875 0.13125 0.0953125 0.0953125
14 0.278125 0.2125 0.1109375 0.0203125
14 0.3359375 0.240625 0.2265625 0.0203125
3 0.240625 0.3234375 0.03125 0.03125
14 0.3546875 0.3234375 0.0984375 0.0171875
3 0.240625 0.39375 0.028125 0.0296875
14 0.3453125 0.39375 0.08125 0.0171875
3 0.240625 0.4625 0.028125 0.028125
14 0.33125 0.4640625 0.053125 0.015625
3 0.240625 0.534375 0.0296875 0.028125
14 0.3359375 0.534375 0.059375 0.015625
3 0.240625 0.6046875 0.028125 0.0328125
14 0.346875 0.6046875 0.0828125 0.0171875
3 0.240625 0.6734375 0.03125 0.0328125
14 0.3421875 0.6765625 0.0734375 0.0203125
14 0.3671875 0.9546875 0.2890625 0.021875
17 0.5 0.01875 0.6 0.034375