3 0.234375 0.078125 0.00625 0.025
14 0.7078125 0.225 0.1015625 0.015625
14 0.659375 0.178125 0.209375 0.0234375
14 0.7109375 0.08125 0.13125 0.0296875
14 0.61875 0.309375 0.2125 0.0265625
3 0.7203125 0.44375 0.0359375 0.025
3 0.7203125 0.5265625 0.0359375 0.0375
3 0.7203125 0.6109375 0.034375 0.0296875
3 0.7203125 0.69375 0.01875 0.0359375
14 0.6234375 0.6953125 0.1140625 0.0203125
14 0.640625 0.6125 0.084375 0.01875
14 0.653125 0.528125 0.053125 0.01875
14 0.6484375 0.44375 0.0640625 0.0203125
14 0.5234375 0.375 0.4265625 0.0515625
11 0.5 0.5171875 0.521875 0.53125
17 0.5 0.01875 0.6 0.034375