14 0.2671875 0.975 0.10625 0.0171875
14 0.3296875 0.9125 0.228125 0.0203125
14 0.3125 0.8484375 0.1953125 0.0203125
14 0.2984375 0.7828125 0.1671875 0.0203125
14 0.3140625 0.71875 0.1984375 0.0203125
14 0.3109375 0.6546875 0.1921875 0.0203125
14 0.2765625 0.590625 0.1234375 0.0203125
14 0.2625 0.5234375 0.0953125 0.0171875
14 0.2625 0.4625 0.0953125 0.0203125
14 0.275 0.39375 0.1203125 0.01875
14 0.2359375 0.33125 0.040625 0.0171875
14 0.328125 0.2671875 0.23125 0.015625
14 0.271875 0.203125 0.1140625 0.0171875
14 0.26875 0.1390625 0.109375 0.0203125
14 0.4140625 0.0796875 0.215625 0.0296875
3 0.765625 0.0765625 0.0390625 0.0359375
3 0.2390625 0.0765625 0.0234375 0.025
16 0.5 0.0765625 0.6 0.08125
11 0.375 0.5578125 0.35 0.8828125
17 0.5 0.01875 0.6 0.034375