17 0.5 0.0171875 0.6 0.034375
3 0.7734375 0.165625 0.0078125 0.0140625
3 0.60625 0.0953125 0.0328125 0.0421875
3 0.6734375 0.0953125 0.040625 0.0421875
3 0.7390625 0.0953125 0.040625 0.0421875
5 0.4 0.1015625 0.278125 0.0484375
5 0.628125 0.165625 0.028125 0.025
14 0.703125 0.1671875 0.10625 0.0140625
6 0.5 0.265625 0.5359375 0.096875
14 0.4 0.2640625 0.3046875 0.0171875
6 0.5 0.3546875 0.5375 0.0875
14 0.346875 0.3625 0.1984375 0.0203125
2 0.2828125 0.4515625 0.0296875 0.028125
14 0.4078125 0.453125 0.2 0.025
15 0.5 0.5484375 0.5640625 0.0671875
14 0.3640625 0.6359375 0.1984375 0.01875
14 0.646875 0.6359375 0.1734375 0.01875