14 0.6828125 0.2484375 0.1015625 0.01875
5 0.7625 0.246875 0.0296875 0.0328125
14 0.69375 0.7 0.06875 0.0203125
3 0.7609375 0.80625 0.0140625 0.015625
3 0.7609375 0.6984375 0.0140625 0.015625
3 0.759375 0.590625 0.015625 0.015625
3 0.759375 0.375 0.015625 0.015625
14 0.6625 0.4859375 0.1359375 0.0265625
14 0.26875 0.821875 0.0890625 0.015625
14 0.2625 0.7921875 0.075 0.01875
14 0.6234375 0.80625 0.2140625 0.0203125
14 0.2578125 0.7140625 0.06875 0.0140625
14 0.2625 0.6859375 0.075 0.01875
14 0.2609375 0.60625 0.075 0.015625
14 0.25625 0.578125 0.0640625 0.01875
14 0.6375 0.590625 0.1828125 0.0203125
14 0.259375 0.4984375 0.071875 0.015625
14 0.2625 0.4703125 0.075 0.01875
3 0.759375 0.4828125 0.015625 0.015625
14 0.26875 0.390625 0.0890625 0.015625
14 0.2625 0.3625 0.075 0.01875
14 0.69375 0.375 0.0703125 0.0203125
14 0.2625 0.1578125 0.078125 0.01875
14 0.63125 0.0703125 0.125 0.0234375
15 0.275 0.0703125 0.1046875 0.05625
3 0.7609375 0.0703125 0.0296875 0.0265625
17 0.5 0.0171875 0.6 0.03125