14 0.4046875 0.83125 0.08125 0.0234375
5 0.403125 0.8890625 0.0828125 0.0828125
14 0.3484375 0.7015625 0.0890625 0.021875
14 0.3515625 0.634375 0.0953125 0.0171875
14 0.3421875 0.5625 0.075 0.0203125
14 0.3953125 0.4671875 0.178125 0.0203125
14 0.3921875 0.396875 0.175 0.021875
15 0.403125 0.0359375 0.4078125 0.071875
3 0.2390625 0.4 0.0296875 0.0296875
5 0.240625 0.46875 0.0296875 0.0265625
3 0.2390625 0.5640625 0.0296875 0.0296875
5 0.240625 0.634375 0.0296875 0.028125
3 0.240625 0.7046875 0.0296875 0.0265625
11 0.403125 0.4828125 0.4078125 0.9640625
17 0.5 0.98125 0.6 0.034375