5 0.753125 0.8703125 0.0328125 0.0453125
5 0.7515625 0.7734375 0.040625 0.040625
5 0.75 0.68125 0.0296875 0.03125
3 0.7515625 0.584375 0.01875 0.0328125
5 0.7515625 0.490625 0.046875 0.0453125
5 0.7515625 0.3953125 0.0421875 0.040625
14 0.75 0.3265625 0.0515625 0.0140625
5 0.746875 0.2546875 0.0296875 0.0453125
3 0.7515625 0.159375 0.0328125 0.034375
3 0.7515625 0.0640625 0.0359375 0.0234375
14 0.6140625 0.0640625 0.203125 0.021875
14 0.671875 0.8703125 0.084375 0.021875
14 0.728125 0.9421875 0.0953125 0.015625
3 0.6734375 0.51875 0.0640625 0.0640625
3 0.6734375 0.696875 0.0515625 0.0515625
5 0.671875 0.609375 0.05625 0.0578125
5 0.66875 0.4265625 0.0546875 0.0640625
5 0.671875 0.334375 0.0625 0.0578125
3 0.6734375 0.246875 0.0640625 0.0640625
14 0.590625 0.2453125 0.0625 0.021875
14 0.5546875 0.33125 0.134375 0.0265625
14 0.509375 0.4265625 0.2234375 0.053125
14 0.5625 0.51875 0.115625 0.021875
14 0.5359375 0.6078125 0.1734375 0.0203125
14 0.5609375 0.696875 0.1171875 0.021875
3 0.6765625 0.790625 0.03125 0.034375
14 0.60625 0.790625 0.0765625 0.0234375
15 0.5 0.1640625 0.44375 0.071875
11 0.5 0.4828125 0.44375 0.709375
17 0.5 0.98125 0.6 0.034375