5 0.453125 0.09375 0.1296875 0.0578125
14 0.3296875 0.2 0.05 0.015625
14 0.346875 0.271875 0.0828125 0.0203125
14 0.334375 0.340625 0.059375 0.0171875
14 0.3796875 0.4375 0.1484375 0.0203125
14 0.3671875 0.5078125 0.128125 0.021875
14 0.3421875 0.578125 0.075 0.0203125
14 0.3515625 0.6484375 0.0953125 0.0203125
14 0.2734375 0.7421875 0.1 0.0171875
14 0.2828125 0.8125 0.121875 0.0171875
14 0.2875 0.884375 0.128125 0.0203125
14 0.25 0.9515625 0.05625 0.0171875
3 0.2390625 0.6453125 0.0265625 0.0296875
3 0.240625 0.575 0.034375 0.034375
3 0.240625 0.5046875 0.0359375 0.0234375
3 0.240625 0.4359375 0.0359375 0.028125
5 0.240625 0.340625 0.0359375 0.0265625
3 0.240625 0.26875 0.0359375 0.0234375
3 0.240625 0.2 0.0359375 0.0234375
11 0.453125 0.5171875 0.50625 0.9625
17 0.5 0.01875 0.6 0.034375