11 0.5015625 0.48125 0.43125 0.915625
2 0.6765625 0.884375 0.040625 0.0421875
14 0.346875 0.88125 0.0796875 0.025
2 0.6765625 0.7890625 0.040625 0.040625
14 0.3375 0.7859375 0.0578125 0.0234375
2 0.6765625 0.6953125 0.0421875 0.0421875
14 0.3234375 0.6921875 0.03125 0.0234375
2 0.675 0.6 0.0421875 0.040625
14 0.3234375 0.5984375 0.0328125 0.0234375
2 0.6765625 0.50625 0.040625 0.0421875
14 0.33125 0.503125 0.0453125 0.0234375
2 0.675 0.4125 0.0421875 0.040625
14 0.34375 0.409375 0.06875 0.025
2 0.6765625 0.3171875 0.0390625 0.0421875
14 0.3109375 0.3140625 0.003125 0.0234375
2 0.6765625 0.2234375 0.040625 0.0421875
14 0.315625 0.2203125 0.0125 0.0234375
2 0.675 0.128125 0.0421875 0.0421875
14 0.3203125 0.125 0.0203125 0.021875
14 0.321875 0.0390625 0.0265625 0.009375
17 0.5 0.98125 0.6 0.034375