14 0.3375 0.428125 0.1234375 0.0203125
14 0.334375 0.3390625 0.115625 0.0203125
14 0.3078125 0.25 0.0609375 0.0203125
14 0.334375 0.1625 0.115625 0.0203125
3 0.753125 0.4265625 0.0328125 0.021875
3 0.2453125 0.4265625 0.0234375 0.0296875
3 0.2453125 0.3390625 0.0234375 0.0265625
3 0.2453125 0.25 0.0296875 0.0234375
3 0.2453125 0.1609375 0.0234375 0.0234375
15 0.3609375 0.5890625 0.265625 0.053125
15 0.6375 0.5890625 0.265625 0.053125
15 0.5 0.51875 0.54375 0.053125
14 0.5 0.65 0.4796875 0.01875
6 0.5 0.4296875 0.54375 0.0390625
6 0.5 0.34375 0.54375 0.0359375
6 0.5 0.2546875 0.54375 0.034375
6 0.5 0.1671875 0.54375 0.034375
14 0.3546875 0.0796875 0.1 0.028125
3 0.240625 0.0765625 0.025 0.025
16 0.5 0.0765625 0.6 0.08125
17 0.5 0.01875 0.6 0.034375