14 0.4890625 0.315625 0.3078125 0.0453125
14 0.55 0.35625 0.184375 0.0234375
3 0.753125 0.171875 0.034375 0.0296875
3 0.7546875 0.2296875 0.03125 0.0296875
3 0.753125 0.434375 0.028125 0.0328125
3 0.7546875 0.49375 0.0296875 0.0296875
5 0.7546875 0.553125 0.0359375 0.034375
3 0.7546875 0.6109375 0.0296875 0.021875
14 0.6765625 0.0234375 0.1765625 0.021875
14 0.690625 0.0796875 0.1453125 0.0265625
14 0.66875 0.1703125 0.1078125 0.0203125
14 0.6546875 0.2296875 0.1375 0.0203125
14 0.675 0.4328125 0.09375 0.0234375
14 0.66875 0.490625 0.1078125 0.025
14 0.6109375 0.55 0.2234375 0.0265625
14 0.665625 0.609375 0.1125 0.01875
14 0.3453125 0.69375 0.0515625 0.021875
14 0.6765625 0.69375 0.171875 0.0328125
14 0.371875 0.7703125 0.1046875 0.021875
14 0.6828125 0.771875 0.1625 0.0265625
5 0.7078125 0.3484375 0.09375 0.053125
5 0.534375 0.875 0.5046875 0.13125
11 0.540625 0.3328125 0.475 0.125
11 0.540625 0.48125 0.5171875 0.9625
17 0.5 0.98125 0.6 0.034375