3 0.2453125 0.2578125 0.0265625 0.0296875
3 0.2453125 0.465625 0.0296875 0.0265625
3 0.246875 0.5359375 0.0296875 0.0296875
5 0.2453125 0.9875 0.0453125 0.025
14 0.415625 0.9890625 0.2453125 0.0203125
5 0.2453125 0.921875 0.0453125 0.03125
14 0.428125 0.9234375 0.2703125 0.028125
3 0.2453125 0.85 0.0265625 0.0234375
14 0.3359375 0.8515625 0.084375 0.021875
5 0.3953125 0.83125 0.0328125 0.0296875
3 0.246875 0.7796875 0.028125 0.028125
14 0.340625 0.784375 0.0921875 0.0265625
5 0.2453125 0.7109375 0.0265625 0.0265625
14 0.36875 0.7125 0.15 0.0265625
3 0.2453125 0.640625 0.028125 0.0296875
14 0.3484375 0.64375 0.1078125 0.028125
14 0.340625 0.5375 0.0921875 0.021875
14 0.346875 0.4671875 0.1046875 0.021875
5 0.2453125 0.396875 0.0265625 0.0328125
14 0.346875 0.396875 0.1078125 0.021875
3 0.246875 0.328125 0.03125 0.021875
14 0.3328125 0.328125 0.0796875 0.021875
14 0.359375 0.2578125 0.13125 0.021875
5 0.2453125 0.1875 0.025 0.025
14 0.31875 0.190625 0.05 0.028125
3 0.2453125 0.1171875 0.028125 0.0265625
14 0.384375 0.1203125 0.184375 0.0265625
11 0.41875 0.5171875 0.4390625 0.9640625
17 0.5 0.01875 0.6 0.034375