14 0.590625 0.8296875 0.2078125 0.021875
3 0.2328125 0.921875 0.028125 0.0265625
3 0.2703125 0.8296875 0.01875 0.0265625
3 0.73125 0.83125 0.0265625 0.0265625
14 0.6171875 0.7546875 0.1171875 0.0265625
14 0.5765625 0.171875 0.384375 0.05625
14 0.678125 0.234375 0.0921875 0.0171875
5 0.2890625 0.1921875 0.115625 0.115625
5 0.753125 0.234375 0.03125 0.0328125
14 0.609375 0.34375 0.31875 0.0265625
14 0.7046875 0.390625 0.0390625 0.0203125
5 0.2890625 0.35 0.115625 0.115625
5 0.753125 0.39375 0.0328125 0.0328125
14 0.584375 0.4921875 0.3671875 0.05
14 0.6796875 0.5515625 0.0921875 0.0171875
5 0.2890625 0.509375 0.115625 0.115625
5 0.753125 0.5515625 0.0328125 0.0328125
14 0.590625 0.65 0.35625 0.05
5 0.2890625 0.6546875 0.115625 0.090625
13 0.4953125 0.759375 0.05 0.0296875
14 0.3796875 0.759375 0.1234375 0.021875
14 0.6140625 0.921875 0.19375 0.0296875
3 0.759375 0.9234375 0.0296875 0.021875
6 0.5 0.8296875 0.5328125 0.071875
11 0.5 0.509375 0.56875 0.146875
11 0.5 0.1921875 0.56875 0.146875
11 0.5 0.35 0.5671875 0.146875
17 0.5 0.98125 0.6 0.034375