14 0.571875 0.065625 0.4109375 0.0515625
5 0.2734375 0.065625 0.103125 0.103125
14 0.6359375 0.1875 0.2796875 0.0265625
5 0.275 0.190625 0.103125 0.103125
14 0.5703125 0.3140625 0.4109375 0.0578125
5 0.275 0.315625 0.1015625 0.103125
14 0.5765625 0.4421875 0.396875 0.053125
5 0.275 0.4421875 0.1015625 0.1015625
14 0.578125 0.565625 0.4 0.0578125
5 0.275 0.56875 0.103125 0.103125
14 0.6171875 0.690625 0.31875 0.0265625
5 0.2734375 0.69375 0.103125 0.103125
14 0.5703125 0.81875 0.409375 0.0515625
5 0.275 0.81875 0.1015625 0.1015625
14 0.6828125 0.9203125 0.0578125 0.0296875
3 0.2359375 0.9234375 0.0265625 0.0265625
3 0.7609375 0.921875 0.0265625 0.025
16 0.5 0.921875 0.6 0.0796875
17 0.5 0.98125 0.6 0.034375