14 0.2640625 0.0640625 0.0828125 0.021875
14 0.2625 0.1359375 0.0796875 0.021875
14 0.2828125 0.2078125 0.11875 0.021875
14 0.2625 0.278125 0.08125 0.021875
14 0.2703125 0.3484375 0.090625 0.0265625
14 0.2671875 0.4234375 0.084375 0.021875
14 0.3015625 0.4921875 0.1546875 0.0265625
14 0.246875 0.5671875 0.0484375 0.021875
14 0.2828125 0.6375 0.11875 0.021875
14 0.259375 0.709375 0.06875 0.021875
14 0.278125 0.78125 0.1078125 0.021875
14 0.65 0.846875 0.0625 0.01875
14 0.3484375 0.846875 0.1 0.0171875
14 0.3328125 0.9234375 0.090625 0.0265625
3 0.765625 0.9234375 0.0265625 0.0265625
3 0.240625 0.921875 0.025 0.025
17 0.5 0.98125 0.6 0.034375