14 0.428125 0.934375 0.4109375 0.0515625
5 0.7265625 0.934375 0.103125 0.103125
14 0.3640625 0.8125 0.2796875 0.0265625
5 0.725 0.809375 0.103125 0.103125
14 0.4296875 0.6859375 0.4109375 0.0578125
5 0.725 0.684375 0.1015625 0.103125
14 0.4234375 0.5578125 0.396875 0.053125
5 0.725 0.5578125 0.1015625 0.1015625
14 0.421875 0.434375 0.4 0.0578125
5 0.725 0.43125 0.103125 0.103125
14 0.3828125 0.309375 0.31875 0.0265625
5 0.7265625 0.30625 0.103125 0.103125
14 0.4296875 0.18125 0.409375 0.0515625
5 0.725 0.18125 0.1015625 0.1015625
14 0.3171875 0.0796875 0.0578125 0.0296875
3 0.7640625 0.0765625 0.0265625 0.0265625
3 0.2390625 0.078125 0.0265625 0.025
16 0.5 0.078125 0.6 0.0796875
17 0.5 0.01875 0.6 0.034375