14 0.7046875 0.3234375 0.04375 0.0140625
3 0.753125 0.3234375 0.0296875 0.025
14 0.515625 0.0953125 0.5046875 0.121875
14 0.6625 0.190625 0.2109375 0.01875
14 0.65 0.2328125 0.2359375 0.0296875
14 0.6484375 0.925 0.103125 0.034375
3 0.38125 0.9234375 0.021875 0.0265625
1 0.2640625 0.065625 0.08125 0.0828125
3 0.234375 0.3234375 0.00625 0.025
14 0.715625 0.3890625 0.103125 0.01875
14 0.5921875 0.43125 0.35 0.025
5 0.5 0.6328125 0.5828125 0.321875
5 0.2625 0.85 0.0046875 0.003125
14 0.35625 0.846875 0.1671875 0.015625
14 0.65 0.846875 0.0796875 0.0171875
3 0.2359375 0.9234375 0.00625 0.0234375
3 0.309375 0.9234375 0.021875 0.0234375
3 0.7640625 0.9265625 0.028125 0.0203125
11 0.5015625 0.1375 0.584375 0.2734375
11 0.5 0.5421875 0.5875 0.5078125
17 0.5 0.98125 0.6 0.034375