14 0.5234375 0.9765625 0.4890625 0.01875
3 0.753125 0.8 0.028125 0.0265625
14 0.70625 0.8 0.04375 0.0140625
14 0.6484375 0.075 0.1046875 0.034375
14 0.7171875 0.9328125 0.1046875 0.01875
14 0.5859375 0.8890625 0.365625 0.0234375
3 0.38125 0.0765625 0.021875 0.0265625
1 0.265625 0.934375 0.0765625 0.0765625
3 0.234375 0.8 0.00625 0.0234375
14 0.7078125 0.7328125 0.1203125 0.0140625
14 0.528125 0.6734375 0.48125 0.0671875
5 0.5 0.453125 0.5828125 0.321875
14 0.7 0.2421875 0.05625 0.015625
3 0.753125 0.2421875 0.0296875 0.025
3 0.234375 0.24375 0.00625 0.0234375
5 0.2984375 0.24375 0.0265625 0.0265625
3 0.3734375 0.24375 0.0296875 0.0265625
14 0.35625 0.153125 0.1671875 0.0171875
14 0.65 0.153125 0.0796875 0.0171875
3 0.2359375 0.0734375 0.00625 0.025
3 0.309375 0.075 0.0203125 0.025
3 0.7640625 0.075 0.0265625 0.0203125
11 0.5015625 0.925 0.584375 0.15
11 0.5 0.5625 0.5875 0.54375
17 0.5 0.01875 0.6 0.034375