3 0.2359375 0.078125 0.025 0.025
3 0.4875 0.5765625 0.025 0.0234375
5 0.4875 0.5046875 0.0296875 0.0203125
5 0.4890625 0.434375 0.0234375 0.0203125
5 0.4875 0.3640625 0.021875 0.0234375
3 0.4890625 0.2921875 0.0234375 0.021875
3 0.4875 0.2234375 0.025 0.0234375
3 0.4875 0.153125 0.021875 0.025
3 0.4890625 0.0828125 0.028125 0.0234375
14 0.6375 0.08125 0.2265625 0.0203125
14 0.5640625 0.153125 0.0765625 0.0203125
14 0.5734375 0.2265625 0.096875 0.025
14 0.5671875 0.2953125 0.0828125 0.0203125
14 0.5578125 0.365625 0.065625 0.0203125
14 0.5875 0.4375 0.125 0.0265625
14 0.6078125 0.509375 0.165625 0.025
14 0.6421875 0.5796875 0.234375 0.025
11 0.6203125 0.3296875 0.3375 0.5640625
17 0.5 0.01875 0.6 0.034375