14 0.721875 0.940625 0.1 0.01875
14 0.6453125 0.8625 0.0734375 0.0234375
14 0.6296875 0.7484375 0.1046875 0.0265625
14 0.6234375 0.634375 0.11875 0.0296875
14 0.640625 0.525 0.084375 0.0234375
14 0.7484375 0.4453125 0.0453125 0.0171875
14 0.7 0.378125 0.1421875 0.0296875
14 0.6640625 0.2515625 0.2109375 0.0296875
14 0.665625 0.14375 0.2125 0.0578125
14 0.721875 0.028125 0.1 0.03125
3 0.7421875 0.8609375 0.0375 0.0375
5 0.7421875 0.7484375 0.046875 0.0453125
3 0.7421875 0.634375 0.0453125 0.0421875
5 0.7421875 0.525 0.040625 0.0421875
11 0.6359375 0.48125 0.3296875 0.9625
17 0.5 0.98125 0.6 0.034375