3 0.228125 0.3015625 0.0140625 0.01875
3 0.228125 0.3953125 0.0140625 0.01875
3 0.228125 0.4890625 0.0140625 0.01875
3 0.228125 0.5828125 0.0140625 0.01875
3 0.228125 0.6765625 0.0140625 0.01875
14 0.696875 0.6796875 0.1578125 0.0265625
14 0.721875 0.5828125 0.1078125 0.0203125
14 0.696875 0.4921875 0.1625 0.025
14 0.66875 0.3984375 0.2125 0.025
14 0.7109375 0.3046875 0.128125 0.0234375
14 0.7125 0.1953125 0.128125 0.0359375
3 0.746875 0.0828125 0.0578125 0.0578125
5 0.5 0.146875 0.6 0.21875
17 0.5 0.01875 0.6 0.034375