14 0.4703125 0.3546875 0.0453125 0.0140625
5 0.53125 0.475 0.0296875 0.0375
14 0.6109375 0.815625 0.0484375 0.015625
14 0.4828125 0.815625 0.0765625 0.015625
15 0.5 0.7328125 0.1515625 0.059375
14 0.4984375 0.684375 0.28125 0.021875
14 0.3875 0.6328125 0.125 0.01875
14 0.4921875 0.63125 0.04375 0.015625
14 0.45 0.4921875 0.0375 0.0171875
14 0.53125 0.5140625 0.0484375 0.01875
6 0.5578125 0.3625 0.2234375 0.0296875
3 0.371875 0.3390625 0.09375 0.0921875
14 0.3703125 0.2421875 0.0890625 0.025
11 0.5 0.5171875 0.421875 0.6640625
17 0.5 0.01875 0.6 0.034375