17 0.5 0.0171875 0.5609375 0.03125
3 0.25 0.065625 0.034375 0.03125
14 0.3734375 0.06875 0.1859375 0.03125
3 0.665625 0.065625 0.0296875 0.028125
3 0.7421875 0.065625 0.0109375 0.03125
3 0.3109375 0.1328125 0.0203125 0.0296875
3 0.5 0.13125 0.0375 0.028125
3 0.6875 0.13125 0.034375 0.021875
8 0.5 0.3515625 0.5609375 0.3734375
14 0.30625 0.5515625 0.1359375 0.0234375
14 0.3296875 0.5796875 0.1875 0.0171875
5 0.5 0.696875 0.5484375 0.171875
14 0.2984375 0.8015625 0.125 0.028125
14 0.2984375 0.8296875 0.121875 0.0234375
14 0.3296875 0.85625 0.1828125 0.0234375
5 0.5 0.9125 0.55 0.0453125
11 0.5 0.9671875 0.559375 0.0625
3 0.3421875 0.9671875 0.025 0.025
3 0.5 0.9671875 0.0265625 0.025
3 0.6578125 0.96875 0.0234375 0.025
3 0.728125 0.6578125 0.0546875 0.053125
16 0.5 0.065625 0.5609375 0.065625
9 0.5 0.13125 0.5609375 0.0671875