8 0.5 0.45 0.559375 0.7671875
3 0.3125 0.86875 0.0203125 0.0296875
3 0.5 0.86875 0.0359375 0.0265625
3 0.6875 0.86875 0.0328125 0.0234375
14 0.371875 0.93125 0.18125 0.0328125
3 0.665625 0.934375 0.0328125 0.025
3 0.74375 0.934375 0.0109375 0.03125
3 0.2515625 0.9328125 0.0296875 0.0328125
17 0.5 0.9828125 0.5609375 0.03125
11 0.5 0.034375 0.559375 0.0625
3 0.34375 0.0328125 0.0234375 0.0265625
3 0.5 0.0328125 0.0265625 0.0265625
3 0.6578125 0.0328125 0.0234375 0.025
16 0.5 0.9328125 0.5609375 0.065625
9 0.5 0.86875 0.559375 0.065625
3 0.259375 0.10625 0.0234375 0.0265625