14 0.446875 0.928125 0.2828125 0.01875
14 0.4390625 0.9 0.26875 0.0171875
14 0.39375 0.85 0.1765625 0.0203125
5 0.2453125 0.91875 0.0421875 0.040625
3 0.246875 0.7578125 0.0359375 0.03125
5 0.2453125 0.6875 0.0375 0.0375
3 0.246875 0.6171875 0.0359375 0.0328125
5 0.2453125 0.546875 0.0359375 0.0328125
3 0.2453125 0.478125 0.0359375 0.028125
3 0.246875 0.40625 0.0359375 0.0359375
3 0.2453125 0.3359375 0.0359375 0.0359375
3 0.2453125 0.2671875 0.0359375 0.0359375
3 0.2453125 0.196875 0.0296875 0.0265625
5 0.246875 0.1265625 0.0359375 0.034375
14 0.33125 0.125 0.0546875 0.0171875
14 0.3390625 0.1953125 0.0703125 0.0171875
14 0.3421875 0.2640625 0.0765625 0.0203125
14 0.3515625 0.334375 0.0921875 0.0203125
14 0.3296875 0.40625 0.05 0.0171875
14 0.3421875 0.4765625 0.071875 0.0171875
14 0.3390625 0.5453125 0.0671875 0.0203125
14 0.3296875 0.6171875 0.0515625 0.0171875
14 0.334375 0.6875 0.059375 0.0171875
14 0.3375 0.75625 0.065625 0.0171875
5 0.675 0.4765625 0.025 0.025
5 0.675 0.3359375 0.0234375 0.0234375
11 0.4546875 0.4828125 0.5109375 0.9640625
17 0.5 0.98125 0.6 0.034375