14 0.3203125 0.8296875 0.096875 0.025
14 0.6546875 0.7578125 0.1453125 0.025
14 0.3515625 0.7578125 0.15625 0.025
13 0.6875 0.6890625 0.0484375 0.03125
14 0.34375 0.6890625 0.140625 0.0203125
15 0.6203125 0.0734375 0.215625 0.053125
15 0.3796875 0.071875 0.215625 0.0515625
14 0.41875 0.2125 0.0859375 0.0203125
14 0.4078125 0.33125 0.065625 0.0203125
14 0.4796875 0.446875 0.209375 0.025
14 0.415625 0.5390625 0.2828125 0.0140625
14 0.4921875 0.6171875 0.4390625 0.0390625
14 0.5 0.9125 0.1375 0.0203125
11 0.5 0.4890625 0.503125 0.9296875
17 0.5 0.98125 0.6 0.034375