15 0.4578125 0.0484375 0.4875 0.0703125
3 0.7484375 0.0484375 0.075 0.0703125
3 0.7640625 0.9234375 0.0265625 0.034375
3 0.6921875 0.9234375 0.0296875 0.0296875
3 0.6203125 0.9234375 0.0296875 0.0328125
3 0.240625 0.921875 0.021875 0.021875
14 0.5078125 0.153125 0.078125 0.0140625
14 0.6453125 0.153125 0.125 0.0140625
14 0.540625 0.275 0.2640625 0.0375
14 0.4546875 0.3234375 0.090625 0.021875
5 0.334375 0.2984375 0.078125 0.1203125
14 0.5484375 0.434375 0.278125 0.0375
14 0.4703125 0.4828125 0.1234375 0.0203125
5 0.3375 0.4578125 0.078125 0.1234375
14 0.55625 0.59375 0.296875 0.0375
14 0.4734375 0.6421875 0.128125 0.0203125
5 0.334375 0.6171875 0.040625 0.0765625
14 0.4828125 0.725 0.38125 0.0375
14 0.415625 0.803125 0.2453125 0.0375
11 0.5 0.48125 0.4875 0.7359375
17 0.5 0.98125 0.6 0.034375