3 0.75 0.040625 0.05625 0.034375
3 0.759375 0.1015625 0.0296875 0.0296875
3 0.759375 0.171875 0.028125 0.0265625
3 0.759375 0.240625 0.0296875 0.025
3 0.759375 0.3359375 0.028125 0.028125
3 0.759375 0.40625 0.0296875 0.021875
3 0.759375 0.4765625 0.0296875 0.0265625
3 0.759375 0.6296875 0.0296875 0.0265625
3 0.759375 0.7 0.028125 0.0171875
3 0.759375 0.771875 0.0296875 0.0234375
14 0.5578125 0.0390625 0.2796875 0.0234375
14 0.6171875 0.1 0.1546875 0.021875
14 0.6578125 0.16875 0.0765625 0.021875
14 0.6203125 0.2390625 0.15 0.021875
14 0.609375 0.3359375 0.1734375 0.01875
14 0.6390625 0.40625 0.1125 0.01875
14 0.671875 0.4765625 0.05 0.01875
14 0.6609375 0.5453125 0.234375 0.021875
14 0.6546875 0.6296875 0.0828125 0.01875
14 0.6375 0.6984375 0.115625 0.021875
14 0.6671875 0.7703125 0.0546875 0.0171875
14 0.7453125 0.8390625 0.0640625 0.021875
14 0.6640625 0.921875 0.228125 0.021875
11 0.565625 0.48125 0.4671875 0.9625
17 0.5 0.98125 0.6 0.034375