3 0.775 0.2359375 0.00625 0.0265625
3 0.76875 0.078125 0.0078125 0.0234375
3 0.70625 0.078125 0.0265625 0.0265625
5 0.2875 0.3328125 0.1515625 0.228125
14 0.3703125 0.08125 0.1609375 0.0296875
3 0.240625 0.0765625 0.0296875 0.0203125
3 0.41875 0.1671875 0.0296875 0.0203125
3 0.41875 0.45625 0.0296875 0.01875
14 0.5484375 0.7390625 0.1296875 0.0203125
14 0.5203125 0.6703125 0.0734375 0.0203125
14 0.525 0.603125 0.0828125 0.025
14 0.5296875 0.5296875 0.09375 0.0203125
14 0.51875 0.459375 0.0734375 0.021875
14 0.5171875 0.378125 0.071875 0.0203125
14 0.50625 0.3078125 0.046875 0.0203125
14 0.55 0.2375 0.13125 0.0203125
14 0.515625 0.16875 0.065625 0.021875
11 0.5484375 0.453125 0.3421875 0.6453125
17 0.5 0.01875 0.6 0.034375