1 0.2640625 0.9359375 0.0828125 0.0828125
3 0.759375 0.7640625 0.0296875 0.0296875
3 0.759375 0.6953125 0.028125 0.0296875
3 0.759375 0.6 0.0265625 0.028125
3 0.7609375 0.528125 0.0296875 0.028125
3 0.759375 0.4609375 0.025 0.025
5 0.759375 0.296875 0.03125 0.0296875
14 0.6203125 0.7671875 0.15 0.021875
14 0.6578125 0.696875 0.075 0.0203125
14 0.65625 0.6015625 0.0796875 0.01875
14 0.6640625 0.53125 0.059375 0.0171875
14 0.6546875 0.4625 0.08125 0.0171875
14 0.6015625 0.3671875 0.1875 0.0171875
14 0.665625 0.2984375 0.0578125 0.0171875
3 0.759375 0.3671875 0.0265625 0.0296875
14 0.6640625 0.225 0.2265625 0.021875
14 0.721875 0.1984375 0.1125 0.021875
3 0.3734375 0.2109375 0.015625 0.009375
3 0.73125 0.10625 0.09375 0.09375
11 0.5671875 0.51875 0.4671875 0.9625
17 0.5 0.01875 0.6 0.034375