14 0.621875 0.4328125 0.146875 0.0203125
14 0.6359375 0.35625 0.1203125 0.01875
14 0.6203125 0.2828125 0.146875 0.0234375
3 0.240625 0.965625 0.034375 0.034375
14 0.6546875 0.5859375 0.08125 0.01875
5 0.746875 0.584375 0.0578125 0.059375
14 0.6640625 0.5109375 0.0640625 0.0234375
3 0.7484375 0.5078125 0.059375 0.059375
5 0.7484375 0.43125 0.059375 0.059375
3 0.7484375 0.3546875 0.059375 0.059375
3 0.7484375 0.278125 0.059375 0.059375
14 0.65 0.1859375 0.0890625 0.021875
14 0.671875 0.1546875 0.0453125 0.01875
3 0.746875 0.1671875 0.0578125 0.0578125
3 0.7625 0.965625 0.028125 0.0359375
3 0.275 0.0765625 0.053125 0.0125
5 0.425 0.0765625 0.0375 0.0375
3 0.575 0.0765625 0.0390625 0.0375
3 0.725 0.0765625 0.0390625 0.0390625
9 0.5 0.078125 0.6 0.08125
17 0.5 0.01875 0.6 0.034375