3 0.7546875 0.1375 0.0296875 0.0328125
3 0.70625 0.334375 0.01875 0.01875
14 0.634375 0.1421875 0.18125 0.0171875
1 0.2640625 0.18125 0.0828125 0.0828125
14 0.484375 0.3328125 0.4015625 0.021875
14 0.5 0.43125 0.45625 0.1125
14 0.5 0.53125 0.08125 0.0125
5 0.5 0.76875 0.578125 0.175
14 0.5 0.8875 0.08125 0.0140625
5 0.5 0.04375 0.578125 0.0875
14 0.5 0.915625 0.203125 0.0171875
3 0.240625 0.915625 0.034375 0.034375
3 0.30625 0.9140625 0.0328125 0.0328125
3 0.753125 0.915625 0.03125 0.021875
16 0.5 0.915625 0.6 0.0953125
17 0.5 0.98125 0.6 0.034375