14 0.55 0.08125 0.2890625 0.0296875
3 0.3171875 0.0765625 0.0265625 0.0265625
3 0.240625 0.078125 0.0296875 0.021875
14 0.2609375 0.1734375 0.0734375 0.0171875
14 0.5 0.8984375 0.1453125 0.01875
14 0.7015625 0.8359375 0.146875 0.0140625
14 0.7296875 0.80625 0.096875 0.0203125
14 0.6984375 0.296875 0.1578125 0.0140625
14 0.6703125 0.2671875 0.209375 0.0203125
14 0.696875 0.190625 0.1578125 0.0140625
14 0.7421875 0.159375 0.06875 0.0203125
3 0.7609375 0.0765625 0.0234375 0.0234375
15 0.5 0.71875 0.465625 0.0703125
14 0.5203125 0.63125 0.425 0.0484375
14 0.571875 0.5734375 0.3234375 0.0234375
14 0.5359375 0.5265625 0.396875 0.025
14 0.6109375 0.4796875 0.24375 0.01875
14 0.653125 0.4046875 0.1578125 0.015625
14 0.64375 0.3765625 0.1765625 0.0234375
3 0.2671875 0.2828125 0.046875 0.0484375
11 0.5 0.55625 0.515625 0.4421875
17 0.5 0.01875 0.6 0.034375