3 0.70625 0.9234375 0.0296875 0.0328125
3 0.6375 0.9234375 0.0203125 0.0328125
3 0.76875 0.9234375 0.00625 0.025
14 0.2890625 0.91875 0.1296875 0.028125
14 0.23125 0.85 0.0390625 0.0296875
14 0.3 0.853125 0.078125 0.0234375
14 0.5 0.78125 0.3 0.028125
11 0.5 0.4828125 0.525 0.565625
14 0.359375 0.71875 0.1703125 0.021875
2 0.275 0.6546875 0.028125 0.028125
14 0.3921875 0.6515625 0.184375 0.025
14 0.2828125 0.590625 0.025 0.0171875
14 0.4015625 0.590625 0.0109375 0.015625
6 0.625 0.5828125 0.2328125 0.0296875
14 0.55625 0.590625 0.0921875 0.0140625
3 0.3359375 0.590625 0.0140625 0.00625
3 0.4625 0.590625 0.0140625 0.00625
2 0.275 0.528125 0.028125 0.028125
14 0.359375 0.525 0.115625 0.025
14 0.4015625 0.4640625 0.0109375 0.01875
6 0.6265625 0.4578125 0.234375 0.0296875
14 0.2828125 0.4640625 0.025 0.0171875
14 0.5578125 0.465625 0.090625 0.0140625
3 0.3359375 0.4640625 0.0125 0.00625
3 0.4625 0.4640625 0.0125 0.00625
14 0.5 0.378125 0.2515625 0.0296875
14 0.5 0.3078125 0.4140625 0.01875
14 0.68125 0.240625 0.090625 0.015625
14 0.3171875 0.2390625 0.0859375 0.0140625
14 0.2765625 0.15625 0.0875 0.028125
14 0.70625 0.159375 0.11875 0.021875
14 0.259375 0.05625 0.05 0.021875
14 0.70625 0.05625 0.11875 0.021875
17 0.5 0.98125 0.6 0.034375