5 0.6953125 0.1703125 0.1859375 0.278125
5 0.5 0.171875 0.1828125 0.2765625
5 0.303125 0.1703125 0.184375 0.2765625
14 0.2484375 0.3421875 0.071875 0.025
14 0.7609375 0.34375 0.05625 0.0171875
15 0.5 0.496875 0.4078125 0.059375
14 0.5 0.55625 0.2203125 0.0234375
14 0.4984375 0.6140625 0.4734375 0.0265625
5 0.5 0.6953125 0.096875 0.0703125
14 0.2875 0.84375 0.1546875 0.025
3 0.76875 0.9234375 0.0078125 0.0265625
3 0.7078125 0.921875 0.0265625 0.0265625
14 0.328125 0.921875 0.0765625 0.021875
3 0.240625 0.9234375 0.0296875 0.021875
16 0.5 0.9234375 0.5984375 0.0796875
17 0.5 0.98125 0.6 0.034375