3 0.2375 0.9046875 0.028125 0.028125
5 0.2375 0.809375 0.015625 0.028125
14 0.3375 0.90625 0.065625 0.0203125
14 0.3703125 0.8078125 0.128125 0.0171875
14 0.35625 0.740625 0.103125 0.0203125
3 0.2359375 0.7390625 0.028125 0.01875
14 0.365625 0.66875 0.121875 0.0171875
3 0.2375 0.66875 0.028125 0.028125
14 0.3515625 0.5734375 0.09375 0.0171875
3 0.2375 0.5734375 0.028125 0.028125
14 0.3265625 0.503125 0.04375 0.0171875
3 0.2375 0.503125 0.0296875 0.0234375
14 0.3296875 0.4328125 0.0484375 0.0171875
5 0.2375 0.4328125 0.028125 0.0265625
14 0.3390625 0.3640625 0.06875 0.0203125
3 0.2359375 0.3625 0.025 0.01875
14 0.3359375 0.2921875 0.0640625 0.0171875
3 0.2359375 0.2921875 0.0203125 0.021875
14 0.275 0.2078125 0.103125 0.0171875
3 0.5609375 0.2 0.025 0.0125
14 0.275 0.1765625 0.1046875 0.0171875
3 0.2625 0.1 0.0828125 0.0828125
11 0.403125 0.5171875 0.4078125 0.965625
17 0.5 0.01875 0.6 0.034375