3 0.240625 0.0765625 0.025 0.025
14 0.38125 0.0765625 0.2 0.0203125
14 0.7625 0.078125 0.053125 0.015625
14 0.4984375 0.15625 0.3125 0.0234375
14 0.5 0.21875 0.5421875 0.0515625
5 0.271875 0.34375 0.0984375 0.1
14 0.43125 0.3125 0.171875 0.01875
2 0.7609375 0.34375 0.0328125 0.034375
14 0.41875 0.3296875 0.1359375 0.03125
5 0.271875 0.490625 0.0984375 0.0984375
14 0.3875 0.4609375 0.084375 0.01875
2 0.759375 0.4921875 0.0359375 0.034375
14 0.415625 0.4859375 0.140625 0.0171875
5 0.271875 0.6390625 0.0984375 0.1
14 0.3671875 0.609375 0.0421875 0.0171875
2 0.759375 0.640625 0.034375 0.034375
14 0.415625 0.634375 0.140625 0.0171875
5 0.271875 0.7875 0.0984375 0.0984375
14 0.3828125 0.759375 0.071875 0.021875
2 0.759375 0.7875 0.034375 0.0359375
14 0.4171875 0.7828125 0.1390625 0.0171875
5 0.271875 0.934375 0.0984375 0.0984375
14 0.3703125 0.9046875 0.046875 0.0171875
2 0.759375 0.9359375 0.034375 0.034375
14 0.4171875 0.9296875 0.1390625 0.0171875
17 0.5 0.01875 0.6 0.034375