3 0.2375 0.0953125 0.028125 0.028125
5 0.2375 0.190625 0.015625 0.028125
14 0.3375 0.09375 0.065625 0.0203125
14 0.3703125 0.1921875 0.128125 0.0171875
14 0.35625 0.259375 0.103125 0.0203125
3 0.2359375 0.2609375 0.028125 0.01875
14 0.365625 0.33125 0.121875 0.0171875
3 0.2375 0.33125 0.028125 0.028125
14 0.3515625 0.4265625 0.09375 0.0171875
3 0.2375 0.4265625 0.028125 0.028125
14 0.3265625 0.496875 0.04375 0.0171875
3 0.2375 0.496875 0.0296875 0.0234375
14 0.3296875 0.5671875 0.0484375 0.0171875
5 0.2375 0.5671875 0.028125 0.0265625
14 0.3390625 0.6359375 0.06875 0.0203125
3 0.2359375 0.6375 0.025 0.01875
14 0.3359375 0.7078125 0.0640625 0.0171875
3 0.2359375 0.7078125 0.0203125 0.021875
14 0.275 0.7921875 0.103125 0.0171875
3 0.5609375 0.8 0.025 0.0125
14 0.275 0.8234375 0.1046875 0.0171875
3 0.2625 0.9 0.0828125 0.0828125
11 0.403125 0.4828125 0.4078125 0.965625
17 0.5 0.98125 0.6 0.034375