3 0.23125 0.0765625 0.0078125 0.025
3 0.2984375 0.0765625 0.0359375 0.040625
3 0.375 0.0765625 0.0328125 0.0328125
14 0.6125 0.0765625 0.1625 0.025
3 0.7609375 0.0765625 0.025 0.025
14 0.6921875 0.15625 0.1 0.0171875
14 0.7140625 0.234375 0.0546875 0.0203125
14 0.6734375 0.309375 0.1359375 0.0171875
14 0.6703125 0.3875 0.14375 0.0171875
14 0.6578125 0.465625 0.1703125 0.021875
14 0.665625 0.5421875 0.153125 0.021875
14 0.653125 0.61875 0.178125 0.021875
14 0.6984375 0.6953125 0.084375 0.01875
3 0.7734375 0.69375 0.0296875 0.0296875
3 0.771875 0.6171875 0.0296875 0.0296875
5 0.771875 0.540625 0.0375 0.0296875
5 0.771875 0.4640625 0.0359375 0.0359375
5 0.771875 0.3859375 0.0359375 0.0359375
5 0.771875 0.309375 0.0359375 0.0359375
3 0.771875 0.2328125 0.03125 0.028125
3 0.771875 0.15625 0.0328125 0.0328125
16 0.5 0.0765625 0.6 0.08125
11 0.625 0.5578125 0.35 0.8828125
17 0.5 0.01875 0.6 0.034375