14 0.5 0.3515625 0.221875 0.028125
14 0.7390625 0.0203125 0.0578125 0.0109375
3 0.7390625 0.05 0.0359375 0.0359375
14 0.3234375 0.90625 0.196875 0.0421875
14 0.6203125 0.0203125 0.0453125 0.0109375
14 0.4984375 0.0203125 0.040625 0.0109375
14 0.3796875 0.0203125 0.046875 0.0109375
14 0.259375 0.0203125 0.0625 0.0109375
3 0.61875 0.05 0.0328125 0.03125
5 0.4984375 0.05 0.03125 0.034375
3 0.3796875 0.05 0.0359375 0.03125
3 0.259375 0.05 0.0296875 0.0328125
15 0.5 0.165625 0.234375 0.0703125
14 0.5 0.265625 0.4859375 0.0828125
5 0.5 0.5234375 0.6 0.8796875
17 0.5 0.98125 0.6 0.034375