15 0.5 0.9671875 0.6 0.0640625
14 0.475 0.7453125 0.1234375 0.0140625
14 0.3015625 0.6140625 0.046875 0.0140625
3 0.75 0.0765625 0.034375 0.0375
3 0.6859375 0.0765625 0.034375 0.028125
14 0.38125 0.0765625 0.1875 0.0359375
3 0.240625 0.0765625 0.028125 0.01875
6 0.56875 0.7453125 0.3375 0.08125
15 0.5 0.8359375 0.475 0.0703125
15 0.33125 0.7453125 0.1375 0.08125
14 0.415625 0.6796875 0.30625 0.01875
6 0.4984375 0.6125 0.475 0.0734375
14 0.3703125 0.55 0.2140625 0.0203125
14 0.4984375 0.446875 0.20625 0.0140625
14 0.4984375 0.4078125 0.228125 0.0203125
5 0.5015625 0.2890625 0.334375 0.1640625
3 0.259375 0.153125 0.0296875 0.0296875
14 0.7296875 0.1609375 0.0421875 0.021875
11 0.5 0.5171875 0.5484375 0.79375
17 0.5 0.01875 0.6 0.034375