14 0.3796875 0.4078125 0.0921875 0.0171875
14 0.359375 0.315625 0.0515625 0.0171875
15 0.5 0.9125 0.365625 0.0578125
15 0.5 0.83125 0.365625 0.0578125
15 0.5 0.7515625 0.365625 0.0578125
15 0.5 0.646875 0.365625 0.0578125
14 0.5 0.5625 0.1453125 0.01875
15 0.5 0.496875 0.365625 0.0578125
6 0.5 0.409375 0.365625 0.0734375
6 0.5 0.3140625 0.365625 0.0734375
5 0.4953125 0.184375 0.20625 0.1125
15 0.646875 0.0703125 0.30625 0.06875
14 0.3453125 0.0734375 0.0859375 0.028125
17 0.5 0.01875 0.6 0.034375