5 0.2609375 0.14375 0.071875 0.071875
14 0.2640625 0.2546875 0.06875 0.021875
5 0.4328125 0.1578125 0.465625 0.2421875
14 0.346875 0.3265625 0.0546875 0.01875
14 0.2453125 0.325 0.0296875 0.0234375
14 0.34375 0.4046875 0.0515625 0.01875
14 0.35625 0.4828125 0.0765625 0.01875
14 0.3546875 0.5625 0.075 0.01875
14 0.3625 0.640625 0.090625 0.01875
14 0.253125 0.715625 0.0671875 0.0140625
14 0.2671875 0.7890625 0.0984375 0.01875
14 0.2640625 0.859375 0.090625 0.01875
14 0.2703125 0.9296875 0.103125 0.01875
14 0.25625 0.9953125 0.0734375 0.0078125
3 0.24375 0.6390625 0.0296875 0.0296875
3 0.2453125 0.5609375 0.0234375 0.0296875
3 0.2453125 0.4828125 0.0296875 0.0265625
5 0.24375 0.403125 0.028125 0.025
11 0.4328125 0.5171875 0.4671875 0.9640625
17 0.5 0.01875 0.6 0.034375