11 0.5 0.5171875 0.525 0.8109375
14 0.6109375 0.1609375 0.23125 0.028125
2 0.71875 0.2125 0.0265625 0.028125
14 0.61875 0.215625 0.103125 0.01875
2 0.7171875 0.284375 0.028125 0.028125
14 0.640625 0.2859375 0.0578125 0.0140625
2 0.71875 0.35625 0.0265625 0.028125
14 0.634375 0.35625 0.0703125 0.015625
2 0.7171875 0.4296875 0.028125 0.0296875
14 0.6515625 0.43125 0.0375 0.01875
2 0.71875 0.5 0.0265625 0.0296875
14 0.6328125 0.503125 0.0734375 0.01875
2 0.7171875 0.5734375 0.028125 0.0296875
14 0.65 0.5734375 0.04375 0.015625
2 0.7171875 0.64375 0.028125 0.0296875
14 0.63125 0.6453125 0.078125 0.015625
2 0.7171875 0.715625 0.028125 0.028125
14 0.6296875 0.7171875 0.0828125 0.0140625
2 0.7171875 0.7875 0.028125 0.028125
14 0.6328125 0.7890625 0.075 0.0140625
15 0.5328125 0.8765625 0.375 0.0578125
17 0.5 0.01875 0.6 0.034375