3 0.41875 0.921875 0.0296875 0.0265625
14 0.3703125 0.9234375 0.0375 0.0171875
3 0.2984375 0.9234375 0.0328125 0.0265625
14 0.2453125 0.921875 0.046875 0.0171875
3 0.2484375 0.8421875 0.03125 0.009375
3 0.5609375 0.8421875 0.028125 0.03125
3 0.621875 0.8390625 0.0359375 0.0296875
3 0.6859375 0.840625 0.015625 0.03125
3 0.7515625 0.8421875 0.0328125 0.0328125
3 0.7546875 0.9234375 0.0234375 0.0234375
3 0.709375 0.2203125 0.0265625 0.028125
14 0.5859375 0.2203125 0.128125 0.021875
5 0.7078125 0.3078125 0.0296875 0.034375
14 0.471875 0.30625 0.3546875 0.025
5 0.709375 0.3953125 0.0296875 0.0296875
14 0.5578125 0.39375 0.1859375 0.021875
5 0.709375 0.4828125 0.0328125 0.03125
14 0.6140625 0.48125 0.06875 0.0234375
5 0.7109375 0.5703125 0.0328125 0.03125
14 0.578125 0.565625 0.1421875 0.028125
3 0.709375 0.6578125 0.034375 0.034375
14 0.5875 0.65625 0.125 0.0234375
14 0.6796875 0.7546875 0.0921875 0.021875
11 0.5 0.4828125 0.525 0.634375
17 0.5 0.98125 0.6 0.034375