5 0.5 0.3140625 0.2484375 0.4984375
14 0.4296875 0.9421875 0.084375 0.01875
14 0.2921875 0.9390625 0.0734375 0.015625
5 0.43125 0.875 0.0671875 0.0640625
3 0.2921875 0.8734375 0.0703125 0.0703125
14 0.7078125 0.7546875 0.109375 0.0171875
14 0.56875 0.7671875 0.121875 0.0390625
14 0.4296875 0.7546875 0.0421875 0.015625
14 0.2921875 0.7546875 0.075 0.015625
5 0.7078125 0.6890625 0.0625 0.0640625
5 0.5734375 0.6890625 0.059375 0.071875
5 0.4296875 0.6875 0.065625 0.0625
3 0.2921875 0.690625 0.05625 0.05625
14 0.321875 0.5984375 0.1984375 0.01875
11 0.5 0.7828125 0.6 0.434375
17 0.5 0.01875 0.6 0.034375