5 0.25625 0.0734375 0.03125 0.01875
3 0.2546875 0.1453125 0.0234375 0.0203125
3 0.2546875 0.2171875 0.021875 0.0203125
3 0.2546875 0.290625 0.0203125 0.01875
3 0.2546875 0.3953125 0.021875 0.0234375
5 0.2546875 0.4671875 0.021875 0.015625
14 0.271875 0.8234375 0.06875 0.021875
14 0.3203125 0.721875 0.165625 0.0265625
14 0.3140625 0.6484375 0.1515625 0.0265625
14 0.325 0.5734375 0.175 0.021875
14 0.3421875 0.4703125 0.1078125 0.0203125
14 0.3625 0.396875 0.146875 0.021875
14 0.3265625 0.2921875 0.0796875 0.021875
14 0.321875 0.2203125 0.06875 0.021875
14 0.3296875 0.1484375 0.08125 0.025
14 0.3234375 0.0734375 0.06875 0.0203125
11 0.41875 0.5171875 0.4375 0.9640625
17 0.5 0.01875 0.6 0.034375