17 0.5 0.0171875 0.559375 0.0296875
14 0.60625 0.06875 0.1375 0.034375
3 0.5125 0.0703125 0.01875 0.01875
3 0.7484375 0.0671875 0.034375 0.040625
3 0.690625 0.0703125 0.021875 0.025
3 0.30625 0.0703125 0.0375 0.0375
3 0.25 0.0703125 0.0125 0.0359375
8 0.5 0.3671875 0.5609375 0.5140625
14 0.3359375 0.653125 0.05625 0.01875
14 0.409375 0.7 0.0453125 0.0265625
14 0.40625 0.7390625 0.0421875 0.0234375
14 0.4078125 0.7765625 0.04375 0.021875
14 0.4109375 0.815625 0.034375 0.0234375
14 0.284375 0.703125 0.06875 0.0234375
14 0.2859375 0.740625 0.0703125 0.021875
14 0.284375 0.7796875 0.06875 0.0203125
14 0.284375 0.8171875 0.0625 0.021875
14 0.6125 0.6984375 0.0453125 0.0234375
14 0.6140625 0.7375 0.04375 0.0234375
14 0.6140625 0.7796875 0.0484375 0.0234375
14 0.6140625 0.8171875 0.0421875 0.0203125
14 0.49375 0.7 0.03125 0.0203125
14 0.4921875 0.7375 0.03125 0.021875
14 0.49375 0.778125 0.034375 0.021875
14 0.4953125 0.8171875 0.03125 0.021875
14 0.553125 0.653125 0.0671875 0.0203125
14 0.7 0.7640625 0.034375 0.021875
14 0.7046875 0.790625 0.05 0.0234375
3 0.725 0.7109375 0.078125 0.046875
3 0.546875 0.7 0.034375 0.03125
3 0.546875 0.7390625 0.0359375 0.0296875
3 0.5453125 0.7796875 0.0328125 0.0375
3 0.54375 0.8203125 0.0265625 0.0296875
3 0.3546875 0.6984375 0.0328125 0.03125
3 0.353125 0.7390625 0.0296875 0.03125
3 0.3515625 0.778125 0.0328125 0.0328125
3 0.3515625 0.8171875 0.028125 0.03125
14 0.746875 0.653125 0.059375 0.0203125
14 0.753125 0.8234375 0.053125 0.01875
14 0.7640625 0.790625 0.028125 0.0203125
14 0.7625 0.7609375 0.028125 0.025
11 0.5 0.96875 0.5609375 0.05625
3 0.6578125 0.9671875 0.0234375 0.025
3 0.5015625 0.9671875 0.028125 0.028125
3 0.34375 0.96875 0.0265625 0.025
16 0.5 0.0703125 0.5609375 0.075
3 0.746875 0.1578125 0.03125 0.03125