17 0.5 0.0171875 0.5609375 0.0328125
14 0.396875 0.071875 0.1390625 0.034375
3 0.4859375 0.0703125 0.015625 0.0109375
3 0.69375 0.0703125 0.0328125 0.0328125
3 0.7515625 0.0703125 0.0109375 0.0234375
3 0.2515625 0.071875 0.0375 0.0421875
3 0.3109375 0.0703125 0.021875 0.0171875
8 0.5 0.3671875 0.5609375 0.5171875
14 0.7390625 0.6515625 0.053125 0.0171875
14 0.525 0.653125 0.0703125 0.021875
14 0.325 0.6515625 0.0890625 0.01875
14 0.465625 0.7 0.0453125 0.021875
14 0.465625 0.7375 0.0453125 0.0234375
14 0.465625 0.778125 0.046875 0.0265625
14 0.465625 0.815625 0.0453125 0.0234375
14 0.5859375 0.6984375 0.03125 0.0234375
14 0.5859375 0.7390625 0.034375 0.0203125
14 0.5859375 0.778125 0.0359375 0.0203125
14 0.5859375 0.815625 0.0375 0.0234375
14 0.671875 0.6984375 0.040625 0.0234375
14 0.675 0.7390625 0.0484375 0.0234375
14 0.6703125 0.778125 0.046875 0.0203125
14 0.66875 0.8140625 0.0421875 0.0265625
14 0.290625 0.7640625 0.0953125 0.028125
14 0.29375 0.7890625 0.09375 0.0203125
14 0.3171875 0.821875 0.0578125 0.0234375
14 0.375 0.7625 0.034375 0.0203125
14 0.378125 0.7890625 0.0359375 0.028125
3 0.2921875 0.7078125 0.0515625 0.034375
3 0.35625 0.709375 0.06875 0.0421875
3 0.534375 0.703125 0.0359375 0.0234375
3 0.534375 0.740625 0.034375 0.0296875
3 0.5359375 0.7796875 0.0328125 0.0328125
3 0.534375 0.8171875 0.0375 0.03125
3 0.7265625 0.7015625 0.0328125 0.03125
3 0.7265625 0.740625 0.0328125 0.03125
3 0.7265625 0.7796875 0.034375 0.0296875
3 0.7265625 0.81875 0.0328125 0.0359375
11 0.5 0.9671875 0.5609375 0.059375
16 0.5 0.0703125 0.5609375 0.0734375
3 0.3421875 0.9671875 0.025 0.0296875
3 0.5 0.9671875 0.0265625 0.0265625
3 0.6578125 0.9671875 0.025 0.0234375
3 0.2546875 0.1546875 0.028125 0.0296875