5 0.759375 0.1765625 0.034375 0.0359375
3 0.759375 0.246875 0.0359375 0.034375
5 0.7609375 0.315625 0.0390625 0.01875
3 0.759375 0.4703125 0.034375 0.034375
3 0.759375 0.540625 0.0359375 0.0359375
3 0.7609375 0.6109375 0.034375 0.034375
14 0.4203125 0.6109375 0.0109375 0.015625
14 0.671875 0.6125 0.06875 0.021875
14 0.4203125 0.540625 0.0109375 0.0171875
14 0.6515625 0.540625 0.1125 0.015625
14 0.6734375 0.4703125 0.0671875 0.01875
14 0.746875 0.4 0.0578125 0.0171875
14 0.6875 0.3171875 0.0375 0.0171875
14 0.6671875 0.246875 0.08125 0.0171875
14 0.659375 0.1765625 0.09375 0.01875
3 0.4328125 0.078125 0.0359375 0.0359375
3 0.7609375 0.078125 0.0484375 0.046875
14 0.6046875 0.09375 0.2265625 0.0203125
14 0.6640625 0.065625 0.1125 0.021875
11 0.596875 0.5171875 0.4078125 0.9640625
17 0.5 0.01875 0.6 0.034375