17 0.5 0.98125 0.6 0.034375
3 0.76875 0.9234375 0.0203125 0.0203125
14 0.2828125 0.91875 0.11875 0.0265625
5 0.4015625 0.740625 0.034375 0.0390625
14 0.521875 0.740625 0.1890625 0.025
14 0.3015625 0.6390625 0.046875 0.015625
14 0.3234375 0.54375 0.0921875 0.0140625
14 0.321875 0.4484375 0.0875 0.015625
14 0.421875 0.35 0.24375 0.0203125
2 0.2734375 0.353125 0.025 0.0265625
15 0.5 0.2546875 0.496875 0.071875
5 0.5 0.0625 0.04375 0.04375
3 0.259375 0.05625 0.0296875 0.0296875
5 0.3796875 0.05625 0.0265625 0.0296875
3 0.6203125 0.05625 0.0203125 0.0265625
5 0.740625 0.05625 0.0265625 0.0265625
14 0.3796875 0.0171875 0.0703125 0.0140625
14 0.740625 0.015625 0.084375 0.0140625
14 0.6203125 0.0171875 0.071875 0.0109375
14 0.259375 0.015625 0.0484375 0.0140625
6 0.5 0.6390625 0.496875 0.0734375
6 0.5 0.54375 0.496875 0.0734375
6 0.5 0.4484375 0.496875 0.0734375
11 0.5 0.4828125 0.5703125 0.715625