14 0.3953125 0.8078125 0.1859375 0.01875
5 0.4015625 0.7484375 0.053125 0.0640625
5 0.6015625 0.5421875 0.0625 0.0640625
5 0.396875 0.54375 0.06875 0.0640625
14 0.3984375 0.403125 0.1 0.01875
3 0.396875 0.3390625 0.05625 0.05625
3 0.6015625 0.3390625 0.0703125 0.071875
14 0.6015625 0.60625 0.14375 0.01875
14 0.396875 0.609375 0.109375 0.0234375
14 0.6015625 0.4015625 0.0953125 0.0203125
14 0.6640625 0.1890625 0.0109375 0.015625
14 0.615625 0.190625 0.0734375 0.0171875
3 0.6875 0.1890625 0.0234375 0.0234375
14 0.3421875 0.2046875 0.078125 0.0265625
11 0.5 0.5171875 0.4453125 0.7203125
17 0.5 0.01875 0.6 0.034375