14 0.7203125 0.8875 0.0890625 0.0125
2 0.271875 0.8125 0.025 0.025
14 0.5546875 0.7953125 0.421875 0.015625
14 0.6140625 0.8234375 0.3015625 0.0265625
14 0.684375 0.7171875 0.1609375 0.021875
14 0.571875 0.6046875 0.384375 0.0171875
14 0.6125 0.6359375 0.30625 0.021875
2 0.271875 0.621875 0.025 0.025
2 0.271875 0.5234375 0.025 0.025
14 0.5484375 0.50625 0.434375 0.040625
14 0.6171875 0.5453125 0.2953125 0.0265625
14 0.7140625 0.446875 0.10625 0.015625
14 0.7 0.359375 0.128125 0.0171875
14 0.665625 0.3890625 0.196875 0.0265625
14 0.7203125 0.2640625 0.090625 0.0171875
14 0.7234375 0.2953125 0.0796875 0.021875
14 0.7328125 0.2125 0.0640625 0.015625
14 0.665625 0.1390625 0.2 0.0265625
14 0.73125 0.046875 0.06875 0.0203125
3 0.7890625 0.9296875 0.0109375 0.0203125
14 0.7296875 0.9265625 0.0953125 0.025
16 0.5 0.9296875 0.6 0.0703125
17 0.5 0.98125 0.6 0.034375