14 0.55625 0.2140625 0.309375 0.0578125
14 0.3515625 0.446875 0.128125 0.0203125
1 0.734375 0.934375 0.08125 0.08125
3 0.76875 0.0765625 0.00625 0.025
3 0.70625 0.0765625 0.0265625 0.0265625
3 0.55625 0.0765625 0.0140625 0.0078125
14 0.4265625 0.078125 0.1375 0.021875
3 0.3296875 0.0765625 0.03125 0.0265625
3 0.240625 0.075 0.028125 0.0203125
14 0.41875 0.55625 0.278125 0.065625
15 0.5 0.8515625 0.4375 0.06875
14 0.5 0.7734375 0.36875 0.0203125
15 0.5 0.6796875 0.4375 0.06875
15 0.6453125 0.5515625 0.1453125 0.0703125
6 0.5 0.453125 0.4265625 0.0328125
14 0.428125 0.3859375 0.29375 0.01875
14 0.471875 0.3328125 0.3828125 0.065625
5 0.3359375 0.215625 0.109375 0.1109375
11 0.5 0.5171875 0.4734375 0.771875
17 0.5 0.01875 0.6 0.034375