1 0.734375 0.065625 0.0828125 0.08125
3 0.70625 0.9234375 0.025 0.0265625
3 0.76875 0.9234375 0.00625 0.025
3 0.234375 0.7703125 0.0296875 0.0296875
3 0.234375 0.8078125 0.0234375 0.025
14 0.453125 0.8984375 0.2734375 0.053125
14 0.56875 0.8515625 0.05625 0.015625
14 0.35 0.8109375 0.1984375 0.0203125
14 0.3140625 0.76875 0.11875 0.0203125
5 0.259375 0.8984375 0.096875 0.096875
3 0.55625 0.79375 0.0328125 0.028125
3 0.528125 0.8234375 0.0359375 0.0359375
14 0.375 0.6921875 0.303125 0.0171875
14 0.3765625 0.6203125 0.14375 0.021875
14 0.553125 0.621875 0.0625 0.0203125
14 0.278125 0.5390625 0.1125 0.0171875
14 0.4171875 0.4671875 0.225 0.021875
14 0.3671875 0.3953125 0.1265625 0.021875
14 0.246875 0.3140625 0.05 0.0171875
14 0.3984375 0.2421875 0.1875 0.0203125
14 0.3890625 0.171875 0.1671875 0.0203125
14 0.3671875 0.1046875 0.125 0.0171875
14 0.375 0.0328125 0.1390625 0.0171875
3 0.240625 0.034375 0.028125 0.015625
3 0.2390625 0.1046875 0.0328125 0.0328125
3 0.240625 0.1734375 0.0296875 0.021875
3 0.240625 0.2453125 0.0328125 0.0296875
3 0.240625 0.3984375 0.028125 0.0265625
3 0.240625 0.46875 0.021875 0.021875
3 0.240625 0.6234375 0.0296875 0.028125
11 0.403125 0.4828125 0.4078125 0.9640625
17 0.5 0.98125 0.6 0.034375