17 0.5 0.0171875 0.5609375 0.03125
16 0.5 0.0921875 0.5609375 0.1171875
3 0.7296875 0.0921875 0.0328125 0.034375
3 0.2640625 0.0921875 0.0359375 0.025
14 0.5 0.078125 0.0953125 0.0390625
14 0.5 0.1171875 0.1796875 0.015625
8 0.5 0.4734375 0.5609375 0.6453125
4 0.5 0.83125 0.4375 0.06875
11 0.5 0.96875 0.5609375 0.0609375
3 0.2890625 0.8875 0.0328125 0.028125
3 0.434375 0.8890625 0.03125 0.03125
3 0.575 0.8890625 0.0328125 0.0328125
3 0.7109375 0.8890625 0.0328125 0.0328125
14 0.290625 0.915625 0.0515625 0.0140625
14 0.4359375 0.9171875 0.0578125 0.01875
14 0.575 0.91875 0.0421875 0.01875
14 0.7125 0.915625 0.05 0.0140625
3 0.3421875 0.9671875 0.021875 0.025
3 0.6578125 0.9671875 0.021875 0.021875
3 0.5 0.9671875 0.025 0.025
11 0.5 0.9015625 0.5609375 0.071875