14 0.671875 0.7859375 0.1234375 0.0203125
14 0.7046875 0.7203125 0.0609375 0.0203125
3 0.23125 0.0765625 0.00625 0.0234375
15 0.3796875 0.8625 0.23125 0.0546875
15 0.621875 0.8625 0.23125 0.0546875
6 0.5 0.7265625 0.4734375 0.034375
6 0.5 0.7921875 0.4734375 0.0328125
15 0.5 0.64375 0.1640625 0.03125
14 0.503125 0.5765625 0.478125 0.0921875
14 0.5 0.50625 0.18125 0.0203125
5 0.5 0.353125 0.2078125 0.209375
14 0.6671875 0.178125 0.159375 0.01875
3 0.2609375 0.178125 0.00625 0.0234375
11 0.5 0.5359375 0.5421875 0.796875
17 0.5 0.01875 0.6 0.034375