14 0.615625 0.4515625 0.1921875 0.0203125
14 0.65 0.384375 0.1234375 0.021875
14 0.68125 0.3171875 0.0609375 0.021875
3 0.2515625 0.3859375 0.0328125 0.028125
3 0.7484375 0.45 0.028125 0.0296875
3 0.7484375 0.315625 0.0296875 0.0234375
3 0.7484375 0.3828125 0.025 0.03125
15 0.5 0.9421875 0.5546875 0.0703125
14 0.5 0.625 0.2625 0.0203125
15 0.5 0.55 0.5546875 0.0703125
6 0.4703125 0.4578125 0.4859375 0.034375
6 0.471875 0.3890625 0.484375 0.0359375
6 0.4703125 0.3234375 0.4859375 0.034375
14 0.5 0.153125 0.146875 0.0265625
5 0.503125 0.0890625 0.0671875 0.0765625
14 0.5 0.225 0.4484375 0.0265625
0 0.5 0.5171875 0.6 0.9640625
17 0.5 0.01875 0.6 0.034375