14 0.384375 0.5484375 0.1921875 0.0203125
14 0.35 0.615625 0.1234375 0.021875
14 0.31875 0.6828125 0.0609375 0.021875
3 0.7484375 0.6140625 0.0328125 0.028125
3 0.2515625 0.55 0.028125 0.0296875
3 0.2515625 0.684375 0.0296875 0.0234375
3 0.2515625 0.6171875 0.025 0.03125
15 0.5 0.0578125 0.5546875 0.0703125
14 0.5 0.375 0.2625 0.0203125
15 0.5 0.45 0.5546875 0.0703125
6 0.5296875 0.5421875 0.4859375 0.034375
6 0.528125 0.6109375 0.484375 0.0359375
6 0.5296875 0.6765625 0.4859375 0.034375
14 0.5 0.846875 0.146875 0.0265625
5 0.496875 0.9109375 0.0671875 0.0765625
14 0.5 0.775 0.4484375 0.0265625
0 0.5 0.4828125 0.6 0.9640625
17 0.5 0.98125 0.6 0.034375