14 0.4984375 0.0578125 0.05 0.015625
14 0.6140625 0.684375 0.1125 0.021875
14 0.60625 0.5703125 0.128125 0.0234375
14 0.590625 0.4578125 0.159375 0.01875
14 0.60625 0.34375 0.128125 0.01875
14 0.6078125 0.2296875 0.1265625 0.01875
15 0.5 0.1515625 0.53125 0.0703125
3 0.725 0.3171875 0.0796875 0.0796875
14 0.29375 0.3171875 0.0921875 0.0171875
14 0.5296875 0.2984375 0.2828125 0.05
3 0.725 0.4296875 0.0796875 0.0796875
14 0.2921875 0.43125 0.0921875 0.015625
14 0.5296875 0.4125 0.2828125 0.05
5 0.725 0.54375 0.0765625 0.0796875
14 0.2921875 0.5453125 0.0921875 0.0171875
14 0.546875 0.525 0.246875 0.05
5 0.725 0.659375 0.0796875 0.0796875
14 0.2921875 0.6578125 0.0921875 0.0171875
14 0.5359375 0.640625 0.26875 0.05
14 0.5 0.7515625 0.3890625 0.025
14 0.5 0.85 0.4859375 0.1109375
17 0.5 0.98125 0.6 0.034375