14 0.5046875 0.078125 0.2953125 0.028125
14 0.565625 0.1546875 0.240625 0.0203125
14 0.746875 0.1765625 0.0296875 0.015625
14 0.3796875 0.1765625 0.021875 0.0171875
14 0.634375 0.2953125 0.078125 0.021875
14 0.396875 0.2953125 0.00625 0.0171875
14 0.634375 0.4671875 0.078125 0.021875
14 0.396875 0.4671875 0.00625 0.0171875
14 0.6328125 0.6390625 0.0796875 0.021875
14 0.396875 0.6390625 0.00625 0.0140625
14 0.3984375 0.9265625 0.090625 0.01875
14 0.396875 0.9625 0.0890625 0.0265625
15 0.671875 0.9453125 0.2078125 0.053125
5 0.509375 0.6375 0.115625 0.0921875
5 0.509375 0.465625 0.1109375 0.1078125
5 0.50625 0.2953125 0.1125 0.0890625
11 0.5671875 0.51875 0.465625 0.9625
17 0.5 0.01875 0.6 0.034375