14 0.6703125 0.9046875 0.04375 0.0171875
3 0.43125 0.9046875 0.0296875 0.0296875
3 0.74375 0.90625 0.0671875 0.0671875
15 0.596875 0.8109375 0.3625 0.0703125
14 0.659375 0.7203125 0.0609375 0.01875
14 0.634375 0.6484375 0.1109375 0.021875
14 0.6609375 0.5796875 0.0609375 0.01875
14 0.640625 0.5078125 0.1 0.025
14 0.6296875 0.4375 0.121875 0.0234375
15 0.596875 0.0359375 0.4078125 0.0703125
3 0.7609375 0.440625 0.028125 0.028125
3 0.759375 0.5109375 0.028125 0.028125
3 0.759375 0.5796875 0.028125 0.0265625
3 0.759375 0.6515625 0.028125 0.028125
3 0.7609375 0.7203125 0.0296875 0.028125
11 0.596875 0.4828125 0.4078125 0.9640625
17 0.5 0.98125 0.6 0.034375