14 0.65 0.28125 0.0921875 0.0171875
14 0.609375 0.3515625 0.171875 0.0171875
14 0.6671875 0.421875 0.05625 0.0171875
14 0.6359375 0.4921875 0.1171875 0.01875
14 0.6296875 0.5625 0.13125 0.0203125
14 0.6296875 0.6328125 0.13125 0.0171875
3 0.759375 0.63125 0.0359375 0.0203125
3 0.759375 0.5609375 0.0296875 0.028125
3 0.759375 0.4921875 0.0328125 0.021875
3 0.759375 0.421875 0.0296875 0.0296875
3 0.759375 0.3515625 0.0203125 0.025
3 0.759375 0.28125 0.0296875 0.0296875
5 0.596875 0.134375 0.4078125 0.1953125
11 0.596875 0.5171875 0.4078125 0.9625
17 0.5 0.01875 0.6 0.034375