3 0.753125 0.540625 0.03125 0.03125
3 0.753125 0.6125 0.0203125 0.0265625
3 0.753125 0.68125 0.03125 0.03125
5 0.753125 0.7515625 0.03125 0.0265625
3 0.753125 0.821875 0.0234375 0.025
14 0.734375 0.1203125 0.0734375 0.0203125
14 0.734375 0.1890625 0.0734375 0.0203125
14 0.7171875 0.2609375 0.1078125 0.0203125
14 0.715625 0.3328125 0.1125 0.0171875
14 0.6953125 0.4 0.153125 0.0203125
14 0.65625 0.5421875 0.1140625 0.01875
14 0.6640625 0.6125 0.096875 0.01875
14 0.653125 0.6828125 0.121875 0.01875
14 0.659375 0.753125 0.10625 0.01875
14 0.68125 0.8234375 0.0609375 0.01875
5 0.634375 0.9109375 0.284375 0.040625
11 0.58125 0.48125 0.4390625 0.9625
17 0.5 0.98125 0.6 0.034375