12 0.2734375 0.1546875 0.103125 0.0234375
3 0.3171875 0.1578125 0.0171875 0.0171875
5 0.696875 0.9546875 0.0296875 0.0296875
14 0.2609375 0.1515625 0.078125 0.0171875
5 0.2453125 0.953125 0.0515625 0.0515625
14 0.346875 0.9671875 0.109375 0.0140625
14 0.38125 0.940625 0.1796875 0.01875
5 0.7625 0.953125 0.0296875 0.0296875
3 0.7625 0.8890625 0.0046875 0.01875
5 0.2609375 0.8875 0.1078125 0.034375
14 0.521875 0.80625 0.3671875 0.0171875
14 0.3796875 0.7796875 0.0828125 0.0265625
3 0.7625 0.7546875 0.0046875 0.01875
5 0.2609375 0.7890625 0.1078125 0.1078125
14 0.521875 0.6703125 0.365625 0.0171875
14 0.38125 0.64375 0.084375 0.0203125
3 0.7625 0.6203125 0.0046875 0.01875
5 0.2609375 0.6546875 0.1046875 0.10625
14 0.5265625 0.5359375 0.375 0.0171875
14 0.390625 0.5109375 0.10625 0.0265625
3 0.7625 0.4859375 0.0046875 0.01875
5 0.2609375 0.5203125 0.1078125 0.1078125
14 0.525 0.4 0.3734375 0.0140625
14 0.4890625 0.375 0.3015625 0.0203125
3 0.7625 0.3515625 0.0046875 0.01875
5 0.2625 0.3859375 0.1078125 0.1078125
14 0.5234375 0.2671875 0.36875 0.0171875
14 0.4359375 0.2421875 0.19375 0.0265625
3 0.7625 0.2171875 0.0046875 0.01875
5 0.2609375 0.25 0.1078125 0.1078125
14 0.3484375 0.0765625 0.1203125 0.0234375
3 0.7625 0.0765625 0.0265625 0.0265625
3 0.240625 0.0765625 0.028125 0.0203125
16 0.5 0.0765625 0.6 0.08125
17 0.5 0.01875 0.6 0.034375