14 0.4390625 0.3671875 0.0984375 0.0234375
14 0.7390625 0.4515625 0.0734375 0.01875
14 0.73125 0.3640625 0.09375 0.01875
14 0.725 0.2765625 0.1 0.0171875
14 0.7203125 0.190625 0.109375 0.0125
3 0.5171875 0.453125 0.0140625 0.0078125
14 0.5 0.8546875 0.471875 0.0515625
15 0.3796875 0.771875 0.228125 0.053125
15 0.6203125 0.771875 0.228125 0.053125
14 0.5 0.703125 0.1671875 0.01875
15 0.5 0.640625 0.4796875 0.053125
14 0.51875 0.5265625 0.51875 0.0375
14 0.6390625 0.4578125 0.278125 0.0296875
6 0.35625 0.3703125 0.265625 0.0296875
6 0.6453125 0.3703125 0.265625 0.0296875
6 0.5 0.2828125 0.5546875 0.0296875
6 0.5 0.196875 0.5546875 0.028125
14 0.6109375 0.078125 0.2015625 0.021875
3 0.759375 0.0765625 0.025 0.0234375
16 0.5 0.0765625 0.6 0.0828125
17 0.5 0.01875 0.6 0.034375