5 0.5 0.634375 0.6 0.353125
14 0.675 0.9234375 0.0875 0.0234375
14 0.715625 0.846875 0.1 0.015625
14 0.553125 0.846875 0.084375 0.0171875
14 0.375 0.846875 0.128125 0.015625
14 0.21875 0.846875 0.0375 0.0171875
3 0.234375 0.9234375 0.0265625 0.028125
3 0.75625 0.9265625 0.0328125 0.0328125
14 0.2265625 0.3421875 0.0234375 0.021875
14 0.5 0.3421875 0.04375 0.01875
14 0.2265625 0.121875 0.025 0.0234375
14 0.5 0.121875 0.059375 0.01875
5 0.771875 0.1234375 0.0296875 0.01875
14 0.2265625 0.1953125 0.025 0.021875
14 0.4984375 0.1953125 0.04375 0.01875
14 0.2265625 0.26875 0.025 0.021875
14 0.5 0.26875 0.059375 0.01875
5 0.771875 0.2703125 0.0296875 0.01875
14 0.5 0.4203125 0.1125 0.0171875
3 0.2296875 0.41875 0.021875 0.021875
11 0.5 0.228125 0.6 0.45625
17 0.5 0.98125 0.6 0.034375