5 0.5 0.365625 0.6 0.353125
14 0.325 0.0765625 0.0875 0.0234375
14 0.284375 0.153125 0.1 0.015625
14 0.446875 0.153125 0.084375 0.0171875
14 0.625 0.153125 0.128125 0.015625
14 0.78125 0.153125 0.0375 0.0171875
3 0.765625 0.0765625 0.0265625 0.028125
3 0.24375 0.0734375 0.0328125 0.0328125
14 0.7734375 0.6578125 0.0234375 0.021875
14 0.5 0.6578125 0.04375 0.01875
14 0.7734375 0.878125 0.025 0.0234375
14 0.5 0.878125 0.059375 0.01875
5 0.228125 0.8765625 0.0296875 0.01875
14 0.7734375 0.8046875 0.025 0.021875
14 0.5015625 0.8046875 0.04375 0.01875
14 0.7734375 0.73125 0.025 0.021875
14 0.5 0.73125 0.059375 0.01875
5 0.228125 0.7296875 0.0296875 0.01875
14 0.5 0.5796875 0.1125 0.0171875
3 0.7703125 0.58125 0.021875 0.021875
11 0.5 0.771875 0.6 0.45625
17 0.5 0.01875 0.6 0.034375