14 0.4984375 0.3171875 0.196875 0.01875
14 0.496875 0.3546875 0.2765625 0.025
14 0.63125 0.0734375 0.190625 0.021875
14 0.7 0.015625 0.053125 0.01875
3 0.2484375 0.134375 0.0203125 0.0125
3 0.2484375 0.19375 0.0203125 0.0109375
3 0.25 0.2515625 0.021875 0.0109375
5 0.5 0.6140625 0.5109375 0.446875
14 0.640625 0.1328125 0.2078125 0.021875
14 0.6796875 0.1921875 0.128125 0.01875
14 0.640625 0.2515625 0.2046875 0.01875
3 0.2953125 0.921875 0.028125 0.0296875
3 0.3609375 0.921875 0.0265625 0.0296875
3 0.23125 0.9234375 0.034375 0.0296875
3 0.425 0.9234375 0.0296875 0.028125
14 0.6953125 0.921875 0.034375 0.025
3 0.759375 0.9234375 0.0234375 0.0234375
16 0.5 0.921875 0.6 0.08125
17 0.5 0.98125 0.6 0.034375