14 0.3734375 0.2578125 0.084375 0.015625
14 0.628125 0.2578125 0.0921875 0.015625
3 0.3734375 0.31875 0.025 0.025
5 0.628125 0.31875 0.046875 0.0453125
14 0.371875 0.425 0.084375 0.0171875
14 0.628125 0.425 0.0875 0.015625
5 0.36875 0.4859375 0.0421875 0.0515625
3 0.628125 0.4859375 0.040625 0.040625
14 0.371875 0.5921875 0.0890625 0.0171875
14 0.628125 0.5921875 0.1015625 0.015625
3 0.3734375 0.653125 0.040625 0.040625
5 0.628125 0.6546875 0.0453125 0.0453125
14 0.3734375 0.75625 0.096875 0.0203125
14 0.6265625 0.759375 0.14375 0.0171875
5 0.371875 0.821875 0.05 0.0484375
3 0.628125 0.8203125 0.0515625 0.0515625
14 0.6890625 0.8953125 0.075 0.021875
11 0.5 0.4828125 0.525 0.9171875
17 0.5 0.98125 0.6 0.034375