14 0.6640625 0.2265625 0.228125 0.021875
14 0.721875 0.1984375 0.1125 0.021875
14 0.6265625 0.58125 0.1375 0.021875
14 0.6265625 0.509375 0.1375 0.01875
14 0.6578125 0.440625 0.0765625 0.0203125
14 0.6125 0.3703125 0.1671875 0.021875
14 0.5890625 0.3015625 0.2109375 0.021875
3 0.759375 0.578125 0.0296875 0.0296875
3 0.759375 0.5078125 0.0296875 0.0296875
3 0.759375 0.4375 0.0296875 0.0296875
3 0.759375 0.36875 0.03125 0.025
3 0.7609375 0.2984375 0.0171875 0.028125
3 0.396875 0.2109375 0.0140625 0.0078125
3 0.73125 0.10625 0.09375 0.0953125
11 0.578125 0.515625 0.44375 0.9671875
17 0.5 0.01875 0.6 0.034375