14 0.390625 0.2859375 0.1703125 0.01875
14 0.371875 0.359375 0.1359375 0.0234375
14 0.425 0.4328125 0.240625 0.0234375
14 0.38125 0.94375 0.153125 0.01875
3 0.240625 0.940625 0.03125 0.0296875
14 0.334375 0.871875 0.05625 0.01875
3 0.240625 0.8703125 0.0296875 0.025
14 0.39375 0.8046875 0.175 0.025
5 0.240625 0.8 0.028125 0.034375
14 0.328125 0.7328125 0.0484375 0.01875
3 0.240625 0.7296875 0.0296875 0.0296875
14 0.271875 0.6640625 0.0984375 0.015625
14 0.334375 0.575 0.2203125 0.0171875
14 0.5140625 0.5046875 0.415625 0.021875
3 0.240625 0.503125 0.0265625 0.0265625
3 0.240625 0.43125 0.0265625 0.0265625
3 0.240625 0.359375 0.0265625 0.0265625
3 0.240625 0.2875 0.0265625 0.0265625
14 0.521875 0.2171875 0.434375 0.021875
3 0.240625 0.215625 0.0265625 0.0265625
14 0.334375 0.08125 0.0578125 0.0296875
3 0.76875 0.078125 0.00625 0.025
3 0.70625 0.0765625 0.0265625 0.0265625
14 0.259375 0.1515625 0.071875 0.021875
3 0.240625 0.0765625 0.021875 0.021875
16 0.5 0.078125 0.6 0.0796875
17 0.5 0.01875 0.6 0.034375