17 0.5 0.0171875 0.559375 0.03125
16 0.5 0.0703125 0.559375 0.075
14 0.3765625 0.0578125 0.115625 0.021875
14 0.3578125 0.090625 0.0765625 0.0171875
3 0.75 0.071875 0.028125 0.01875
3 0.2578125 0.071875 0.0234375 0.021875
3 0.5515625 0.071875 0.0265625 0.0265625
3 0.6828125 0.0703125 0.0296875 0.0296875
3 0.615625 0.071875 0.034375 0.034375
8 0.5 0.521875 0.559375 0.825
11 0.5 0.9671875 0.5609375 0.0640625
3 0.659375 0.9671875 0.021875 0.021875
3 0.3421875 0.9671875 0.021875 0.025
3 0.5 0.9671875 0.025 0.025