17 0.5 0.9828125 0.5609375 0.03125
16 0.5 0.909375 0.5609375 0.115625
6 0.5203125 0.93125 0.38125 0.0375
6 0.5203125 0.8765625 0.38125 0.0390625
3 0.30625 0.903125 0.0171875 0.0734375
3 0.2546875 0.93125 0.021875 0.021875
3 0.7453125 0.93125 0.0109375 0.0234375
3 0.275 0.8171875 0.0203125 0.01875
3 0.3875 0.8203125 0.01875 0.0203125
3 0.5 0.81875 0.0125 0.021875
3 0.6125 0.8203125 0.0171875 0.021875
3 0.725 0.81875 0.025 0.021875
8 0.5 0.4828125 0.5609375 0.60625
11 0.5 0.0328125 0.5609375 0.0640625
3 0.6578125 0.0328125 0.021875 0.021875
3 0.3421875 0.0328125 0.021875 0.025
3 0.5 0.0328125 0.025 0.025
3 0.5 0.121875 0.03125 0.0328125
3 0.7234375 0.2765625 0.0296875 0.034375
9 0.5 0.8203125 0.5609375 0.0640625
14 0.415625 0.9296875 0.1265625 0.0265625
14 0.4734375 0.875 0.240625 0.0234375