3 0.240625 0.578125 0.034375 0.0328125
3 0.240625 0.5078125 0.034375 0.0328125
3 0.240625 0.4390625 0.025 0.0296875
5 0.2375 0.36875 0.0296875 0.03125
5 0.2375 0.2984375 0.0296875 0.0234375
14 0.3015625 0.7453125 0.1546875 0.021875
14 0.2609375 0.675 0.075 0.021875
14 0.340625 0.58125 0.06875 0.021875
14 0.3390625 0.5109375 0.0671875 0.021875
14 0.3640625 0.4390625 0.1171875 0.01875
14 0.3484375 0.371875 0.096875 0.021875
14 0.34375 0.3 0.0859375 0.0203125
3 0.2703125 0.10625 0.0953125 0.09375
3 0.596875 0.2109375 0.0171875 0.0078125
14 0.3359375 0.225 0.2265625 0.021875
14 0.278125 0.1984375 0.1125 0.021875
11 0.41875 0.51875 0.4390625 0.9625
17 0.5 0.01875 0.6 0.034375