3 0.2328125 0.0765625 0.0265625 0.0234375
3 0.721875 0.134375 0.0953125 0.0953125
3 0.6015625 0.26875 0.0140625 0.0109375
14 0.7015625 0.2703125 0.13125 0.021875
14 0.7265625 0.3 0.0828125 0.015625
14 0.7328125 0.3765625 0.0734375 0.0171875
14 0.6859375 0.403125 0.1671875 0.01875
14 0.6359375 0.4765625 0.1046875 0.0234375
14 0.6484375 0.5546875 0.0828125 0.0234375
14 0.6078125 0.6328125 0.1640625 0.0234375
14 0.65 0.7078125 0.078125 0.01875
14 0.6828125 0.784375 0.1703125 0.0171875
14 0.7140625 0.8640625 0.10625 0.0203125
14 0.7421875 0.940625 0.0546875 0.0171875
15 0.3484375 0.784375 0.046875 0.0359375
3 0.7453125 0.70625 0.0265625 0.0265625
3 0.7453125 0.6296875 0.0234375 0.028125
3 0.7453125 0.5515625 0.0265625 0.0265625
3 0.7453125 0.4734375 0.028125 0.025
3 0.3265625 0.3875 0.0328125 0.0421875
11 0.546875 0.5171875 0.50625 0.9640625
17 0.5 0.01875 0.6 0.034375