14 0.275 0.978125 0.0828125 0.0140625
14 0.425 0.98125 0.0578125 0.0171875
14 0.575 0.98125 0.0578125 0.01875
14 0.725 0.978125 0.0578125 0.0140625
3 0.275 0.946875 0.01875 0.025
3 0.425 0.946875 0.0265625 0.0265625
3 0.575 0.946875 0.0265625 0.021875
3 0.7265625 0.946875 0.028125 0.021875
5 0.7171875 0.8890625 0.1203125 0.05625
14 0.2828125 0.80625 0.0796875 0.01875
14 0.428125 0.8046875 0.071875 0.015625
14 0.571875 0.8046875 0.1125 0.015625
14 0.7171875 0.80625 0.0515625 0.01875
3 0.2359375 0.6765625 0.00625 0.01875
3 0.3796875 0.6765625 0.0046875 0.01875
3 0.525 0.6765625 0.00625 0.01875
3 0.66875 0.6765625 0.00625 0.0203125
5 0.2828125 0.715625 0.121875 0.121875
5 0.428125 0.715625 0.1203125 0.121875
5 0.5734375 0.7140625 0.121875 0.1203125
5 0.7171875 0.7140625 0.121875 0.1203125
14 0.2828125 0.5984375 0.0921875 0.0203125
14 0.428125 0.596875 0.0453125 0.0171875
14 0.5734375 0.6078125 0.1109375 0.0390625
14 0.7171875 0.6078125 0.121875 0.040625
3 0.2359375 0.46875 0.00625 0.01875
5 0.2828125 0.50625 0.121875 0.121875
3 0.38125 0.46875 0.00625 0.01875
5 0.428125 0.50625 0.121875 0.121875
3 0.525 0.46875 0.00625 0.0203125
5 0.5734375 0.50625 0.121875 0.121875
3 0.66875 0.46875 0.0046875 0.0203125
5 0.7171875 0.50625 0.121875 0.121875
14 0.271875 0.39375 0.0609375 0.015625
14 0.5015625 0.321875 0.4921875 0.0484375
14 0.6046875 0.2609375 0.2859375 0.0265625
14 0.35 0.159375 0.06875 0.015625
14 0.6515625 0.159375 0.184375 0.015625
3 0.2515625 0.0828125 0.0203125 0.0203125
14 0.51875 0.084375 0.3640625 0.025
3 0.7453125 0.08125 0.025 0.01875
11 0.5015625 0.31875 0.56875 0.2203125
17 0.5 0.01875 0.6 0.034375