3 0.240625 0.9234375 0.034375 0.040625
14 0.68125 0.93125 0.0609375 0.0171875
14 0.6515625 0.8625 0.121875 0.0234375
14 0.6515625 0.7984375 0.121875 0.01875
14 0.6484375 0.7296875 0.128125 0.021875
14 0.659375 0.6640625 0.1078125 0.01875
14 0.684375 0.5953125 0.05625 0.021875
14 0.6328125 0.5296875 0.15625 0.021875
14 0.621875 0.465625 0.18125 0.01875
14 0.66875 0.396875 0.0859375 0.021875
14 0.6765625 0.3296875 0.071875 0.021875
3 0.7578125 0.334375 0.0328125 0.0375
3 0.7578125 0.4 0.0359375 0.0359375
3 0.7578125 0.4671875 0.0375 0.0359375
5 0.7578125 0.5328125 0.03125 0.0359375
3 0.75625 0.6 0.0421875 0.0359375
3 0.75625 0.665625 0.0375 0.0359375
3 0.7578125 0.7328125 0.0265625 0.0359375
3 0.7578125 0.7984375 0.0375 0.0375
3 0.75625 0.865625 0.0453125 0.0375
3 0.75625 0.93125 0.040625 0.0375
11 0.625 0.4828125 0.35 0.9640625
17 0.5 0.98125 0.6 0.034375