14 0.359375 0.825 0.1796875 0.0515625
14 0.6421875 0.8109375 0.1921875 0.025
14 0.3578125 0.446875 0.128125 0.0234375
14 0.6421875 0.4453125 0.096875 0.01875
5 0.3578125 0.6515625 0.234375 0.2328125
5 0.640625 0.6515625 0.2328125 0.2328125
5 0.3578125 0.2890625 0.2328125 0.2328125
3 0.6421875 0.2890625 0.2328125 0.2328125
14 0.5 0.1109375 0.446875 0.0625
10 0.5 0.959375 0.0359375 0.0140625
14 0.24375 0.959375 0.04375 0.0171875
14 0.715625 0.959375 0.0515625 0.0171875
3 0.759375 0.959375 0.0125 0.01875
17 0.5 0.01875 0.6 0.034375