11 0.4328125 0.5171875 0.4671875 0.9640625
5 0.2578125 0.0984375 0.0890625 0.0875
14 0.48125 0.1015625 0.3296875 0.03125
3 0.2390625 0.20625 0.034375 0.034375
14 0.365625 0.2078125 0.1203125 0.01875
3 0.2390625 0.2765625 0.034375 0.034375
14 0.3859375 0.278125 0.1640625 0.01875
3 0.2390625 0.346875 0.034375 0.03125
14 0.375 0.3484375 0.140625 0.01875
3 0.240625 0.4171875 0.034375 0.0296875
14 0.3609375 0.41875 0.1140625 0.01875
3 0.2390625 0.4875 0.034375 0.0296875
14 0.3890625 0.490625 0.1671875 0.0234375
3 0.240625 0.5578125 0.034375 0.028125
14 0.375 0.5609375 0.140625 0.0234375
14 0.275 0.6453125 0.1 0.021875
3 0.2390625 0.7109375 0.0328125 0.034375
14 0.3953125 0.7140625 0.1796875 0.0234375
3 0.240625 0.7828125 0.034375 0.028125
14 0.3609375 0.784375 0.1125 0.0234375
14 0.340625 0.853125 0.06875 0.01875
14 0.265625 0.9375 0.0875 0.0171875
17 0.5 0.01875 0.6 0.034375
15 0.265625 0.9375 0.0875 0.0171875
15 0.759375 0.965625 0.0484375 0.0203125