14 0.3 0.0578125 0.1578125 0.021875
14 0.3046875 0.1203125 0.1640625 0.0265625
14 0.4546875 0.503125 0.4671875 0.01875
14 0.2640625 0.5375 0.0875 0.021875
14 0.440625 0.6 0.4375 0.0234375
14 0.259375 0.6328125 0.0734375 0.0265625
14 0.4484375 0.6953125 0.4515625 0.0234375
14 0.2671875 0.7328125 0.090625 0.021875
13 0.7203125 0.521875 0.05 0.0328125
13 0.7203125 0.61875 0.05 0.0328125
13 0.7203125 0.7171875 0.05 0.03125
14 0.3421875 0.18125 0.2375 0.0296875
13 0.73125 0.315625 0.0484375 0.03125
14 0.446875 0.29375 0.45 0.0578125
14 0.3515625 0.34375 0.2578125 0.0265625
14 0.3125 0.4078125 0.1828125 0.025
13 0.73125 0.8296875 0.0484375 0.03125
14 0.4515625 0.809375 0.459375 0.05625
14 0.3453125 0.859375 0.24375 0.0265625
14 0.4421875 0.91875 0.3078125 0.0328125
3 0.240625 0.9234375 0.0234375 0.0234375
16 0.5 0.9234375 0.6 0.08125
17 0.5 0.98125 0.6 0.034375