14 0.5 0.7546875 0.4671875 0.0671875
15 0.5 0.134375 0.54375 0.05625
14 0.484375 0.190625 0.196875 0.0171875
15 0.5 0.2625 0.5421875 0.05625
14 0.4859375 0.315625 0.1859375 0.021875
5 0.7421875 0.4125 0.059375 0.0578125
14 0.490625 0.409375 0.3859375 0.046875
5 0.7421875 0.5078125 0.059375 0.0578125
14 0.5046875 0.5078125 0.3578125 0.0421875
14 0.6375 0.590625 0.2640625 0.021875
5 0.5 0.75625 0.6 0.2375
3 0.23125 0.9203125 0.0265625 0.0265625
3 0.7703125 0.921875 0.03125 0.0265625
14 0.625 0.91875 0.1984375 0.0234375
17 0.5 0.98125 0.6 0.034375