11 0.403125 0.5171875 0.409375 0.9640625
3 0.2421875 0.0765625 0.040625 0.0390625
14 0.334375 0.0796875 0.071875 0.025
14 0.3375 0.146875 0.078125 0.01875
3 0.2421875 0.1578125 0.0390625 0.0390625
14 0.3859375 0.175 0.1765625 0.015625
14 0.359375 0.228125 0.125 0.0203125
5 0.24375 0.2390625 0.0421875 0.03125
14 0.39375 0.25625 0.190625 0.015625
14 0.34375 0.3125 0.0890625 0.0234375
5 0.25 0.3203125 0.0578125 0.0375
14 0.425 0.340625 0.2546875 0.01875
14 0.346875 0.3921875 0.09375 0.01875
5 0.24375 0.4046875 0.034375 0.034375
14 0.440625 0.421875 0.284375 0.01875
5 0.2328125 0.4859375 0.0234375 0.021875
14 0.321875 0.4890625 0.11875 0.025
3 0.2328125 0.5671875 0.021875 0.021875
14 0.334375 0.5703125 0.1453125 0.0234375
5 0.2328125 0.64375 0.021875 0.021875
14 0.3234375 0.6453125 0.1203125 0.0140625
3 0.2328125 0.7140625 0.0234375 0.021875
14 0.290625 0.715625 0.0578125 0.0140625
17 0.5 0.01875 0.6 0.034375
15 0.3234375 0.6453125 0.1203125 0.0140625
15 0.290625 0.715625 0.0578125 0.0140625