5 0.546875 0.8890625 0.0921875 0.0921875
14 0.5453125 0.7984375 0.1703125 0.028125
5 0.546875 0.840625 0.50625 0.2453125
14 0.75 0.6703125 0.053125 0.0203125
14 0.6640625 0.5765625 0.0609375 0.015625
14 0.6359375 0.5046875 0.1203125 0.0203125
14 0.64375 0.434375 0.10625 0.0203125
14 0.6515625 0.365625 0.0859375 0.0171875
14 0.6140625 0.29375 0.1609375 0.0203125
14 0.628125 0.2234375 0.1359375 0.0203125
14 0.621875 0.1546875 0.1484375 0.0171875
14 0.6265625 0.0828125 0.1359375 0.0203125
3 0.7609375 0.0875 0.0296875 0.0265625
15 0.3390625 0.0859375 0.0453125 0.0296875
5 0.759375 0.15625 0.0359375 0.0265625
3 0.7609375 0.225 0.0296875 0.0296875
3 0.7609375 0.2953125 0.03125 0.0265625
3 0.759375 0.365625 0.0296875 0.028125
3 0.759375 0.4359375 0.025 0.025
5 0.759375 0.50625 0.03125 0.034375
3 0.759375 0.578125 0.0296875 0.0265625
15 0.3390625 0.50625 0.04375 0.0296875
11 0.546875 0.4828125 0.50625 0.9640625
17 0.5 0.98125 0.6 0.034375