14 0.5390625 0.6734375 0.0421875 0.015625
14 0.578125 0.9765625 0.11875 0.015625
14 0.271875 0.9765625 0.065625 0.015625
5 0.6390625 0.8640625 0.265625 0.271875
5 0.3609375 0.8640625 0.265625 0.271875
14 0.278125 0.6734375 0.075 0.015625
5 0.6390625 0.5703125 0.265625 0.2921875
5 0.3609375 0.5703125 0.265625 0.2921875
14 0.5 0.3703125 0.396875 0.0234375
14 0.4984375 0.309375 0.3640625 0.0296875
5 0.5 0.2015625 0.3109375 0.1203125
14 0.5 0.0828125 0.1234375 0.0203125
14 0.725 0.0828125 0.04375 0.015625
17 0.5 0.01875 0.6 0.034375