14 0.578125 0.153125 0.296875 0.0171875
3 0.746875 0.153125 0.0265625 0.0265625
14 0.2453125 0.340625 0.0625 0.01875
14 0.2609375 0.31875 0.0921875 0.01875
3 0.271875 0.2921875 0.115625 0.0234375
3 0.271875 0.45625 0.1171875 0.0234375
3 0.271875 0.61875 0.1171875 0.025
3 0.271875 0.8015625 0.1171875 0.025
5 0.734375 0.9703125 0.1015625 0.059375
5 0.734375 0.825 0.1015625 0.13125
5 0.734375 0.6421875 0.1015625 0.13125
5 0.734375 0.478125 0.1 0.1296875
5 0.734375 0.3140625 0.1 0.1296875
14 0.5953125 0.9890625 0.14375 0.021875
14 0.5921875 0.953125 0.153125 0.01875
14 0.29375 0.9859375 0.1578125 0.01875
14 0.2453125 0.8515625 0.0625 0.0203125
14 0.2515625 0.828125 0.075 0.01875
14 0.2453125 0.66875 0.0625 0.0203125
14 0.253125 0.6453125 0.0765625 0.01875
14 0.2453125 0.5046875 0.0609375 0.0203125
14 0.2578125 0.4828125 0.0875 0.01875
14 0.6453125 0.6515625 0.046875 0.0171875
14 0.628125 0.6234375 0.0796875 0.01875
14 0.5578125 0.8734375 0.225 0.046875
14 0.64375 0.8328125 0.0453125 0.01875
14 0.6 0.80625 0.1390625 0.0203125
14 0.6375 0.771875 0.0640625 0.0234375
14 0.55625 0.6921875 0.2234375 0.046875
14 0.625 0.590625 0.0890625 0.021875
14 0.5578125 0.4875 0.225 0.0734375
14 0.596875 0.4265625 0.14375 0.021875
14 0.5578125 0.3234375 0.225 0.075
14 0.5734375 0.2625 0.1921875 0.025
14 0.6 0.2125 0.3015625 0.021875
3 0.775 0.209375 0.025 0.025
3 0.6984375 0.0765625 0.028125 0.0375
14 0.2515625 0.1546875 0.0578125 0.01875
5 0.303125 0.153125 0.034375 0.0375
6 0.55625 0.1578125 0.4328125 0.0390625
14 0.24375 0.0796875 0.0578125 0.021875
3 0.29375 0.0765625 0.028125 0.03125
14 0.503125 0.0765625 0.3375 0.021875
3 0.759375 0.0765625 0.0296875 0.034375
17 0.5 0.01875 0.6 0.034375