14 0.346875 0.103125 0.2046875 0.0203125
14 0.6890625 0.203125 0.0765625 0.0140625
3 0.2875 0.303125 0.05625 0.05625
5 0.2875 0.396875 0.0515625 0.0640625
5 0.2875 0.490625 0.0625 0.0625
5 0.2859375 0.584375 0.065625 0.059375
3 0.2875 0.6765625 0.0703125 0.06875
14 0.4078125 0.303125 0.1375 0.0265625
14 0.521875 0.3953125 0.3796875 0.025
14 0.4375 0.490625 0.2 0.0265625
14 0.415625 0.5796875 0.153125 0.03125
14 0.40625 0.6765625 0.1328125 0.025
14 0.353125 0.7515625 0.159375 0.028125
11 0.5 0.4828125 0.5234375 0.6375
17 0.5 0.98125 0.6 0.034375