14 0.3046875 0.5859375 0.1109375 0.0203125
14 0.3046875 0.503125 0.115625 0.01875
5 0.7578125 0.0984375 0.0328125 0.0328125
3 0.6984375 0.1 0.0234375 0.0359375
5 0.5 0.26875 0.365625 0.0890625
6 0.5 0.5109375 0.53125 0.0328125
6 0.5 0.5921875 0.53125 0.034375
14 0.540625 0.64375 0.1421875 0.015625
13 0.6953125 0.64375 0.14375 0.040625
15 0.5 0.775 0.5421875 0.0703125
14 0.378125 0.903125 0.125 0.0203125
14 0.4921875 0.9015625 0.034375 0.0171875
14 0.6125 0.903125 0.1375 0.0203125
14 0.5 0.9328125 0.2234375 0.0109375
14 0.5 0.9625 0.24375 0.0140625
17 0.5 0.01875 0.6 0.034375