5 0.596875 0.1203125 0.38125 0.0734375
15 0.596875 0.2203125 0.3796875 0.059375
14 0.6703125 0.3109375 0.05 0.0171875
14 0.65625 0.3828125 0.075 0.0203125
14 0.6203125 0.453125 0.1515625 0.021875
14 0.65 0.5234375 0.0921875 0.021875
14 0.6671875 0.59375 0.05625 0.021875
14 0.734375 0.6875 0.0875 0.0171875
14 0.75625 0.759375 0.0421875 0.0203125
14 0.7171875 0.828125 0.1203125 0.0171875
14 0.7453125 0.8984375 0.065625 0.0171875
3 0.5546875 0.6875 0.046875 0.046875
3 0.496875 0.6875 0.046875 0.0390625
5 0.4390625 0.6859375 0.046875 0.0484375
5 0.7609375 0.5921875 0.0265625 0.0265625
3 0.759375 0.5203125 0.025 0.025
5 0.759375 0.4515625 0.03125 0.01875
3 0.759375 0.38125 0.0265625 0.015625
5 0.759375 0.3109375 0.0296875 0.0234375
11 0.596875 0.5171875 0.4078125 0.9640625
17 0.5 0.01875 0.6 0.034375