3 0.2671875 0.1359375 0.0765625 0.078125
14 0.2875 0.2078125 0.10625 0.01875
14 0.3484375 0.2421875 0.228125 0.021875
14 0.3359375 0.315625 0.0671875 0.021875
14 0.3546875 0.3875 0.1046875 0.01875
14 0.3546875 0.459375 0.1046875 0.01875
14 0.3390625 0.5328125 0.075 0.01875
14 0.359375 0.60625 0.1125 0.01875
14 0.38125 0.678125 0.1625 0.01875
14 0.3046875 0.753125 0.1546875 0.021875
14 0.265625 0.81875 0.0734375 0.021875
15 0.5921875 0.953125 0.1296875 0.046875
3 0.2515625 0.6796875 0.034375 0.034375
3 0.2515625 0.60625 0.0390625 0.03125
3 0.2515625 0.53125 0.0390625 0.034375
3 0.2515625 0.4609375 0.0390625 0.021875
5 0.2515625 0.3875 0.0375 0.03125
3 0.2515625 0.3125 0.0375 0.0328125
11 0.4390625 0.5171875 0.4796875 0.9640625
17 0.5 0.01875 0.6 0.034375