14 0.3921875 0.0796875 0.2078125 0.0296875
3 0.2390625 0.0765625 0.025 0.0234375
14 0.33125 0.1546875 0.0796875 0.0203125
14 0.4046875 0.225 0.2296875 0.021875
14 0.3703125 0.2953125 0.1609375 0.0203125
14 0.3234375 0.3625 0.0703125 0.0171875
14 0.3171875 0.4328125 0.0546875 0.0171875
3 0.240625 0.43125 0.0296875 0.0296875
3 0.240625 0.3625 0.025 0.0296875
3 0.2390625 0.2921875 0.0296875 0.0296875
5 0.240625 0.221875 0.03125 0.0296875
3 0.240625 0.153125 0.0296875 0.0296875
16 0.5 0.0765625 0.6 0.08125
11 0.375 0.559375 0.35 0.88125
17 0.5 0.01875 0.6 0.034375