8 0.5 0.4109375 0.5609375 0.5984375
17 0.5 0.015625 0.5609375 0.03125
14 0.7203125 0.075 0.075 0.0265625
3 0.2515625 0.071875 0.01875 0.01875
14 0.6625 0.7765625 0.18125 0.0703125
14 0.721875 0.8859375 0.071875 0.021875
14 0.4984375 0.7953125 0.13125 0.0171875
14 0.540625 0.8640625 0.0578125 0.021875
14 0.53125 0.909375 0.0375 0.0171875
14 0.46875 0.8875 0.0375 0.021875
14 0.2703125 0.8640625 0.0578125 0.021875
14 0.2546875 0.9078125 0.025 0.01875
3 0.3421875 0.9671875 0.021875 0.021875
11 0.5 0.9671875 0.5609375 0.0640625
3 0.6578125 0.9671875 0.021875 0.0265625
3 0.5 0.9671875 0.025 0.028125
3 0.2609375 0.1515625 0.0296875 0.0265625