8 0.5015625 0.490625 0.5390625 0.3578125
3 0.2578125 0.0734375 0.021875 0.025
14 0.33125 0.075 0.065625 0.01875
14 0.421875 0.175 0.1390625 0.015625
3 0.2953125 0.1921875 0.0640625 0.065625
15 0.3375 0.278125 0.159375 0.040625
17 0.5 0.015625 0.5609375 0.03125
3 0.6578125 0.9671875 0.021875 0.021875
11 0.5 0.9671875 0.5609375 0.0640625
3 0.3421875 0.9671875 0.021875 0.0265625
3 0.5 0.9671875 0.025 0.028125
15 0.5 0.278125 0.159375 0.040625
15 0.5 0.278125 0.159375 0.040625
15 0.6625 0.278125 0.159375 0.040625
16 0.5 0.075 0.5625 0.08125