8 0.4984375 0.428125 0.540625 0.3421875
3 0.7421875 0.0734375 0.0203125 0.021875
14 0.565625 0.18125 0.14375 0.0203125
3 0.715625 0.18125 0.0640625 0.0640625
14 0.61875 0.0734375 0.16875 0.0171875
17 0.5 0.015625 0.5609375 0.03125
15 0.4984375 0.6359375 0.540625 0.0640625
15 0.4984375 0.709375 0.540625 0.0640625
15 0.4984375 0.7875 0.540625 0.0640625
15 0.4984375 0.8640625 0.540625 0.0640625
3 0.3421875 0.9671875 0.021875 0.021875
11 0.5 0.9671875 0.5609375 0.0640625
3 0.6578125 0.9671875 0.021875 0.0265625
3 0.5 0.9671875 0.025 0.028125
16 0.5 0.075 0.5625 0.08125
14 0.4984375 0.634375 0.1328125 0.01875
14 0.5 0.7125 0.10625 0.0265625
14 0.5 0.7875 0.0984375 0.0234375
14 0.4984375 0.8640625 0.1109375 0.01875