14 0.30625 0.5078125 0.0984375 0.0234375
14 0.284375 0.44375 0.0546875 0.01875
14 0.5 0.0796875 0.1875 0.025
3 0.240625 0.0765625 0.025 0.0234375
3 0.6953125 0.078125 0.0359375 0.0375
3 0.7625 0.0796875 0.0390625 0.0375
14 0.30625 0.225 0.125 0.0265625
14 0.3875 0.259375 0.2484375 0.0265625
5 0.5 0.2453125 0.6 0.25625
6 0.5015625 0.45 0.4921875 0.0296875
6 0.5015625 0.5109375 0.4921875 0.0296875
15 0.5015625 0.5828125 0.5046875 0.0703125
15 0.5015625 0.665625 0.5046875 0.06875
14 0.5015625 0.753125 0.1984375 0.0171875
14 0.5 0.8203125 0.4 0.0515625
15 0.5015625 0.9046875 0.5046875 0.0703125
16 0.5 0.0765625 0.6 0.0796875
17 0.5 0.01875 0.6 0.034375