3 0.73125 0.8953125 0.09375 0.0953125
14 0.721875 0.809375 0.1125 0.021875
14 0.6671875 0.7828125 0.2203125 0.0234375
14 0.5828125 0.6921875 0.225 0.021875
14 0.5859375 0.6203125 0.21875 0.021875
14 0.6140625 0.5515625 0.1625 0.021875
14 0.665625 0.4578125 0.059375 0.0203125
14 0.65 0.3875 0.090625 0.0203125
14 0.6734375 0.315625 0.0421875 0.021875
14 0.6546875 0.24375 0.08125 0.0203125
14 0.6609375 0.1484375 0.0703125 0.021875
5 0.759375 0.1515625 0.028125 0.028125
3 0.7609375 0.2484375 0.0234375 0.021875
3 0.7609375 0.3171875 0.0296875 0.03125
3 0.7609375 0.3875 0.0296875 0.03125
3 0.759375 0.4578125 0.028125 0.028125
3 0.759375 0.553125 0.0328125 0.028125
3 0.7609375 0.6234375 0.021875 0.0296875
3 0.759375 0.69375 0.034375 0.034375
11 0.5671875 0.48125 0.465625 0.9625
17 0.5 0.98125 0.6 0.034375