14 0.3640625 0.4953125 0.115625 0.0203125
14 0.334375 0.415625 0.059375 0.0203125
14 0.3609375 0.334375 0.109375 0.01875
5 0.678125 0.4953125 0.0265625 0.0125
3 0.678125 0.415625 0.015625 0.015625
3 0.678125 0.334375 0.015625 0.015625
5 0.5 0.171875 0.1640625 0.1015625
6 0.5 0.3421875 0.3921875 0.0328125
6 0.5 0.421875 0.3921875 0.034375
6 0.5 0.503125 0.3921875 0.034375
15 0.5 0.5984375 0.3921875 0.0703125
15 0.5 0.6890625 0.3921875 0.071875
14 0.5 0.96875 0.2984375 0.0203125
0 0.5 0.5171875 0.6 0.9640625
17 0.5 0.01875 0.6 0.034375