11 0.5 0.4828125 0.4234375 0.421875
14 0.428125 0.65 0.2046875 0.01875
2 0.6703125 0.5859375 0.0296875 0.0296875
14 0.4109375 0.584375 0.1671875 0.021875
2 0.66875 0.540625 0.0296875 0.0296875
14 0.4078125 0.5390625 0.1625 0.01875
2 0.6703125 0.49375 0.0296875 0.0296875
14 0.4203125 0.490625 0.184375 0.021875
2 0.6703125 0.446875 0.0296875 0.0296875
14 0.390625 0.4453125 0.128125 0.0203125
2 0.6703125 0.4 0.0296875 0.0296875
14 0.35625 0.3984375 0.05625 0.01875
14 0.646875 0.3109375 0.0296875 0.01875
17 0.5 0.98125 0.6 0.034375
15 0.646875 0.3109375 0.0296875 0.01875