14 0.675 0.95625 0.190625 0.028125
2 0.634375 0.8625 0.0421875 0.04375
2 0.2484375 0.8625 0.04375 0.0453125
2 0.440625 0.8625 0.0453125 0.0453125
5 0.3078125 0.8703125 0.178125 0.0734375
5 0.5015625 0.8703125 0.1765625 0.0734375
5 0.69375 0.8703125 0.178125 0.0734375
14 0.3453125 0.7984375 0.065625 0.0171875
14 0.503125 0.7984375 0.1359375 0.0140625
14 0.7296875 0.7984375 0.065625 0.01875
2 0.440625 0.66875 0.04375 0.04375
2 0.634375 0.66875 0.0453125 0.0453125
2 0.2484375 0.66875 0.04375 0.04375
5 0.3078125 0.7296875 0.178125 0.178125
5 0.5 0.7265625 0.178125 0.1765625
5 0.6921875 0.728125 0.178125 0.178125
14 0.35 0.6046875 0.0609375 0.0140625
14 0.5421875 0.603125 0.0578125 0.0140625
14 0.7234375 0.6046875 0.0828125 0.01875
2 0.246875 0.4765625 0.04375 0.0453125
2 0.440625 0.4765625 0.0421875 0.04375
2 0.634375 0.475 0.04375 0.04375
5 0.3078125 0.534375 0.178125 0.178125
5 0.5015625 0.5359375 0.1765625 0.178125
5 0.6921875 0.534375 0.178125 0.178125
14 0.3265625 0.4109375 0.103125 0.0140625
14 0.50625 0.4125 0.13125 0.0171875
14 0.7 0.4109375 0.1265625 0.0140625
2 0.246875 0.2828125 0.0421875 0.0421875
2 0.440625 0.2828125 0.0453125 0.0453125
2 0.6328125 0.2828125 0.04375 0.04375
5 0.3078125 0.34375 0.178125 0.178125
5 0.5 0.3421875 0.178125 0.178125
5 0.6921875 0.3421875 0.178125 0.1765625
14 0.5 0.159375 0.39375 0.05625
14 0.5 0.096875 0.39375 0.034375
17 0.5 0.01875 0.6 0.034375