14 0.7484375 0.8484375 0.0703125 0.015625
14 0.6390625 0.8484375 0.0734375 0.015625
14 0.528125 0.8484375 0.0734375 0.0140625
14 0.4203125 0.8484375 0.065625 0.015625
14 0.29375 0.8484375 0.1125 0.015625
5 0.6453125 0.0328125 0.2875 0.0640625
5 0.35625 0.0328125 0.2875 0.0640625
14 0.3109375 0.1390625 0.1515625 0.021875
14 0.3296875 0.1828125 0.1859375 0.0234375
5 0.6453125 0.325 0.2859375 0.1828125
5 0.3546875 0.325 0.2859375 0.1828125
14 0.3359375 0.49375 0.2 0.0171875
14 0.340625 0.534375 0.20625 0.0234375
5 0.6921875 0.6390625 0.190625 0.1046875
5 0.6921875 0.746875 0.190625 0.1046875
5 0.403125 0.6921875 0.38125 0.2125
3 0.621875 0.921875 0.0140625 0.0203125
14 0.446875 0.9234375 0.284375 0.0234375
3 0.240625 0.921875 0.025 0.025
11 0.5 0.6171875 0.575 0.3640625
11 0.5 0.25 0.575 0.334375
17 0.5 0.98125 0.6 0.034375