17 0.5 0.984375 0.6 0.028125
14 0.5 0.790625 0.3703125 0.0890625
6 0.5 0.68125 0.39375 0.071875
14 0.5015625 0.6828125 0.0484375 0.015625
6 0.5 0.59375 0.3953125 0.071875
14 0.5046875 0.5953125 0.0859375 0.0140625
6 0.5 0.5078125 0.3953125 0.071875
14 0.5 0.509375 0.0859375 0.0140625
14 0.5359375 0.43125 0.2015625 0.040625
2 0.675 0.4328125 0.0265625 0.028125
15 0.5 0.359375 0.3953125 0.071875
14 0.5 0.290625 0.0296875 0.0171875
15 0.5 0.221875 0.39375 0.0703125
14 0.5 0.1265625 0.11875 0.021875
0 0.5 0.484375 0.6015625 0.9671875