14 0.6671875 0.4671875 0.1015625 0.01875
14 0.690625 0.3828125 0.05625 0.01875
5 0.5 0.1546875 0.1203125 0.1203125
5 0.5 0.2734375 0.290625 0.0640625
14 0.353125 0.525 0.1921875 0.01875
6 0.5 0.3828125 0.484375 0.0703125
6 0.5 0.4671875 0.484375 0.0703125
15 0.5 0.5890625 0.484375 0.0703125
14 0.5015625 0.6578125 0.2109375 0.021875
14 0.5 0.8078125 0.2 0.01875
15 0.375 0.728125 0.234375 0.0703125
15 0.625 0.728125 0.234375 0.0703125
15 0.5 0.871875 0.484375 0.0703125
0 0.5 0.515625 0.6 0.96875
17 0.5 0.015625 0.6 0.0296875