14 0.6484375 0.228125 0.25625 0.025
14 0.7140625 0.196875 0.1296875 0.025
14 0.675 0.2875 0.0609375 0.01875
14 0.6734375 0.3609375 0.0671875 0.01875
14 0.6390625 0.4375 0.1359375 0.0234375
14 0.6390625 0.509375 0.1359375 0.025
14 0.6359375 0.58125 0.140625 0.021875
14 0.671875 0.653125 0.06875 0.01875
14 0.6640625 0.73125 0.0859375 0.0234375
14 0.6203125 0.803125 0.1703125 0.025
3 0.7546875 0.8015625 0.0296875 0.0296875
3 0.7546875 0.728125 0.0296875 0.0296875
3 0.7546875 0.653125 0.0296875 0.0296875
3 0.7546875 0.5796875 0.0328125 0.028125
3 0.7546875 0.50625 0.0296875 0.025
3 0.753125 0.4328125 0.0265625 0.0203125
5 0.753125 0.3609375 0.028125 0.025
3 0.7546875 0.2875 0.0296875 0.025
3 0.403125 0.2109375 0.015625 0.009375
3 0.73125 0.10625 0.0953125 0.09375
11 0.58125 0.5171875 0.4375 0.9640625
17 0.5 0.01875 0.6 0.034375