3 0.2390625 0.9265625 0.0234375 0.021875
14 0.40625 0.9234375 0.2359375 0.028125
6 0.5 0.553125 0.54375 0.034375
14 0.2609375 0.559375 0.0609375 0.0203125
6 0.5 0.43125 0.54375 0.034375
14 0.2921875 0.4375 0.1234375 0.0203125
2 0.428125 0.3796875 0.0234375 0.0234375
14 0.521875 0.3796875 0.140625 0.015625
15 0.5 0.30625 0.565625 0.0796875
14 0.5 0.2484375 0.4625 0.0140625
14 0.5 0.140625 0.1421875 0.0140625
15 0.3 0.0640625 0.165625 0.0640625
15 0.5 0.0640625 0.1640625 0.0640625
15 0.7 0.0640625 0.1640625 0.0640625
17 0.5 0.98125 0.6 0.034375
15 0.56875 0.2484375 0.084375 0.0140625
15 0.6875 0.2484375 0.0890625 0.0140625