14 0.3359375 0.5390625 0.1890625 0.01875
14 0.290625 0.6171875 0.1 0.01875
14 0.4390625 0.6953125 0.1546875 0.01875
14 0.253125 0.6984375 0.021875 0.01875
14 0.26875 0.7734375 0.0546875 0.01875
3 0.31875 0.6953125 0.0171875 0.0078125
3 0.240625 0.9234375 0.025 0.025
14 0.3875 0.921875 0.2 0.0234375
3 0.76875 0.9234375 0.00625 0.025
6 0.5 0.7671875 0.5203125 0.03125
6 0.559375 0.6890625 0.4 0.0296875
6 0.2625 0.6921875 0.04375 0.0328125
6 0.5 0.6109375 0.5203125 0.0296875
6 0.5 0.534375 0.5203125 0.03125
15 0.5 0.3703125 0.4390625 0.0578125
17 0.5 0.98125 0.6 0.034375