15 0.728125 0.715625 0.0421875 0.021875
14 0.425 0.0125 0.05 0.01875
5 0.2765625 0.0546875 0.0390625 0.0375
3 0.425 0.0546875 0.0375 0.0359375
14 0.7234375 0.0140625 0.0234375 0.0140625
14 0.575 0.0125 0.065625 0.0171875
14 0.2765625 0.0140625 0.0515625 0.0140625
3 0.721875 0.0546875 0.0296875 0.0296875
3 0.5734375 0.0546875 0.0359375 0.0375
3 0.7640625 0.1109375 0.0109375 0.01875
14 0.3890625 0.1078125 0.2875 0.021875
3 0.6671875 0.203125 0.028125 0.028125
13 0.7375 0.203125 0.065625 0.040625
14 0.303125 0.2 0.1140625 0.025
3 0.765625 0.2953125 0.0109375 0.0203125
14 0.5875 0.29375 0.3125 0.021875
14 0.3234375 0.29375 0.15625 0.01875
3 0.765625 0.3875 0.0109375 0.01875
14 0.359375 0.3859375 0.225 0.025
3 0.765625 0.4671875 0.0109375 0.01875
14 0.303125 0.4625 0.1125 0.0234375
3 0.765625 0.559375 0.0109375 0.0203125
14 0.359375 0.5546875 0.2265625 0.025
3 0.765625 0.6375 0.0109375 0.0203125
14 0.321875 0.634375 0.15 0.025
3 0.765625 0.715625 0.0109375 0.0203125
14 0.3109375 0.715625 0.128125 0.0203125
3 0.765625 0.884375 0.0125 0.0203125
14 0.478125 0.8796875 0.20625 0.0296875
3 0.2953125 0.884375 0.1015625 0.1015625