15 0.728125 0.284375 0.0421875 0.021875
14 0.425 0.9875 0.05 0.01875
5 0.2765625 0.9453125 0.0390625 0.0375
3 0.425 0.9453125 0.0375 0.0359375
14 0.7234375 0.9859375 0.0234375 0.0140625
14 0.575 0.9875 0.065625 0.0171875
14 0.2765625 0.9859375 0.0515625 0.0140625
3 0.721875 0.9453125 0.0296875 0.0296875
3 0.5734375 0.9453125 0.0359375 0.0375
3 0.7640625 0.8890625 0.0109375 0.01875
14 0.3890625 0.8921875 0.2875 0.021875
3 0.6671875 0.796875 0.028125 0.028125
13 0.7375 0.796875 0.065625 0.040625
14 0.303125 0.8 0.1140625 0.025
3 0.765625 0.7046875 0.0109375 0.0203125
14 0.5875 0.70625 0.3125 0.021875
14 0.3234375 0.70625 0.15625 0.01875
3 0.765625 0.6125 0.0109375 0.01875
14 0.359375 0.6140625 0.225 0.025
3 0.765625 0.5328125 0.0109375 0.01875
14 0.303125 0.5375 0.1125 0.0234375
3 0.765625 0.440625 0.0109375 0.0203125
14 0.359375 0.4453125 0.2265625 0.025
3 0.765625 0.3625 0.0109375 0.0203125
14 0.321875 0.365625 0.15 0.025
3 0.765625 0.284375 0.0109375 0.0203125
14 0.3109375 0.284375 0.128125 0.0203125
3 0.765625 0.115625 0.0125 0.0203125
14 0.478125 0.1203125 0.20625 0.0296875
3 0.2953125 0.115625 0.1015625 0.1015625