11 0.5 0.5171875 0.4203125 0.9171875
3 0.7609375 0.0765625 0.025 0.0234375
14 0.5640625 0.1078125 0.221875 0.028125
2 0.6578125 0.1703125 0.028125 0.028125
14 0.4875 0.171875 0.2328125 0.021875
2 0.6578125 0.240625 0.028125 0.028125
14 0.575 0.2421875 0.0578125 0.0203125
2 0.6578125 0.3109375 0.028125 0.028125
14 0.534375 0.3125 0.140625 0.0203125
2 0.6578125 0.38125 0.028125 0.028125
14 0.5296875 0.38125 0.1515625 0.0203125
14 0.475 0.4546875 0.2609375 0.05625
2 0.659375 0.4515625 0.0296875 0.0296875
2 0.659375 0.521875 0.028125 0.0296875
14 0.571875 0.525 0.0671875 0.025
2 0.6578125 0.5921875 0.028125 0.028125
14 0.5640625 0.5921875 0.0796875 0.0203125
2 0.659375 0.6625 0.028125 0.028125
14 0.515625 0.665625 0.175 0.0265625
2 0.6578125 0.7328125 0.028125 0.028125
14 0.471875 0.7359375 0.2625 0.025
2 0.6578125 0.803125 0.028125 0.0296875
14 0.5765625 0.803125 0.05625 0.0203125
2 0.6578125 0.8734375 0.0296875 0.0296875
14 0.528125 0.8734375 0.153125 0.0203125
14 0.4578125 0.9359375 0.0765625 0.015625
14 0.353125 0.9359375 0.0265625 0.015625
17 0.5 0.01875 0.6 0.034375
15 0.4578125 0.9359375 0.0765625 0.015625
15 0.353125 0.9359375 0.0265625 0.015625