17 0.5 0.01875 0.6 0.034375
14 0.3546875 0.0953125 0.06875 0.053125
5 0.5625 0.0984375 0.2328125 0.0515625
14 0.4953125 0.1671875 0.521875 0.05
14 0.3421875 0.2671875 0.11875 0.0203125
14 0.3359375 0.3328125 0.1046875 0.0203125
15 0.5 0.4296875 0.4703125 0.0734375
2 0.41875 0.49375 0.0296875 0.028125
14 0.51875 0.49375 0.1421875 0.01875
14 0.5 0.653125 0.171875 0.025
14 0.5 0.7046875 0.1609375 0.0234375
14 0.5 0.7546875 0.215625 0.021875
14 0.5 0.9390625 0.515625 0.075
6 0.5 0.2671875 0.4703125 0.071875
6 0.5 0.3359375 0.46875 0.0703125
0 0.5 0.5171875 0.6015625 0.9640625