3 0.6578125 0.9671875 0.021875 0.021875
11 0.5 0.9671875 0.5609375 0.0640625
3 0.3421875 0.9671875 0.021875 0.0265625
3 0.5 0.9671875 0.025 0.028125
17 0.5 0.015625 0.5609375 0.03125
8 0.5 0.5265625 0.5609375 0.690625
5 0.5 0.903125 0.4359375 0.0609375
5 0.2421875 0.14375 0.03125 0.0375
5 0.5 0.1421875 0.03125 0.0375
14 0.3609375 0.1390625 0.153125 0.015625
14 0.6046875 0.1390625 0.125 0.040625
3 0.7578125 0.1390625 0.025 0.025
3 0.75 0.065625 0.028125 0.028125
3 0.69375 0.065625 0.028125 0.0265625
3 0.6375 0.065625 0.0328125 0.0296875
3 0.58125 0.065625 0.0375 0.0359375
3 0.525 0.065625 0.0296875 0.0296875
3 0.46875 0.0671875 0.0296875 0.025
3 0.246875 0.065625 0.0265625 0.021875
16 0.5 0.065625 0.5609375 0.065625