17 0.7807291671875001 0.00161065 0.21917955312499998 0.0005369421875 0.21875 0.033826909375000005 0.7807291671875001 0.031679553124999996 0.7807291671875001 0.00161065
3 0.25891322968749997 0.0542311 0.2320661515625 0.0536941578125 0.2320661515625 0.0783934703125 0.259450171875 0.0778565296875 0.25891322968749997 0.0542311
3 0.46875 0.0671875 0.034375 0.0296875
3 0.525 0.065625 0.03125 0.0296875
3 0.5796875 0.065625 0.0390625 0.0375
3 0.6375 0.0671875 0.0328125 0.03125
3 0.69375 0.065625 0.0296875 0.028125
3 0.7484375 0.065625 0.03125 0.0296875
3 0.340625 0.96875 0.028125 0.0265625
3 0.5 0.9671875 0.028125 0.0265625
3 0.659375 0.9671875 0.0234375 0.0234375
11 0.2208333328125 0.096875 0.778125 0.0979166671875 0.7802083328125 0.034375 0.2208333328125 0.034375 0.2208333328125 0.096875
11 0.5 0.9671875 0.5609375 0.0640625
8 0.5 0.4859375 0.5609375 0.7703125
4 0.5015625 0.903125 0.4390625 0.05625