3 0.7015625 0.615625 0.1421875 0.025
3 0.2984375 0.615625 0.0265625 0.0265625
14 0.2765625 0.5640625 0.11875 0.0140625
3 0.240625 0.0765625 0.025 0.025
14 0.3484375 0.9765625 0.10625 0.0328125
14 0.3484375 0.934375 0.071875 0.0125
15 0.65 0.959375 0.2875 0.0703125
14 0.7234375 0.8390625 0.08125 0.025
14 0.740625 0.80625 0.046875 0.01875
14 0.4828125 0.7765625 0.49375 0.0234375
11 0.5 0.803125 0.5734375 0.146875
14 0.7 0.6703125 0.0265625 0.025
14 0.5 0.6703125 0.1390625 0.021875
14 0.3 0.6703125 0.13125 0.05
3 0.5 0.615625 0.0265625 0.0265625
14 0.48125 0.4671875 0.5296875 0.146875
3 0.7625 0.0765625 0.028125 0.0296875
14 0.378125 0.0765625 0.1953125 0.025
5 0.5 0.2015625 0.6 0.3328125
17 0.5 0.01875 0.6 0.034375