14 0.65625 0.4765625 0.1015625 0.021875
14 0.65 0.39375 0.115625 0.0234375
14 0.61875 0.3125 0.1765625 0.0234375
14 0.5890625 0.23125 0.2359375 0.0234375
14 0.653125 0.15 0.109375 0.015625
14 0.6734375 0.06875 0.06875 0.01875
5 0.75 0.0703125 0.0265625 0.0265625
3 0.75 0.1515625 0.0296875 0.0234375
5 0.75 0.2328125 0.034375 0.0359375
3 0.75 0.315625 0.0265625 0.0265625
3 0.7484375 0.396875 0.0296875 0.0265625
5 0.75 0.4796875 0.0328125 0.025
15 0.490625 0.6484375 0.2171875 0.053125
14 0.490625 0.7234375 0.234375 0.046875
14 0.640625 0.91875 0.121875 0.0203125
3 0.75 0.9234375 0.0234375 0.0234375
16 0.4953125 0.9234375 0.590625 0.08125
17 0.496875 0.98125 0.5921875 0.034375