5 0.365625 0.9046875 0.215625 0.0921875
5 0.6640625 0.8984375 0.0765625 0.203125
3 0.2609375 0.734375 0.0296875 0.03125
15 0.3953125 0.7375 0.18125 0.040625
3 0.5609375 0.734375 0.0296875 0.03125
15 0.6953125 0.7375 0.18125 0.040625
14 0.4328125 0.68125 0.0828125 0.0140625
14 0.425 0.6546875 0.0984375 0.0140625
14 0.7296875 0.6546875 0.0890625 0.0140625
14 0.3546875 0.6109375 0.2421875 0.0421875
14 0.653125 0.6125 0.2421875 0.04375
5 0.365625 0.475 0.0765625 0.2171875
5 0.6625 0.475 0.109375 0.2171875
5 0.5 0.228125 0.5953125 0.21875
14 0.6203125 0.078125 0.1828125 0.01875
3 0.2375 0.0765625 0.0296875 0.0296875
3 0.3078125 0.0765625 0.0265625 0.0265625
3 0.759375 0.0765625 0.025 0.025
16 0.5 0.075 0.6 0.0765625
17 0.5 0.01875 0.6 0.034375