5 0.240625 0.0375 0.021875 0.021875
5 0.240625 0.10625 0.0140625 0.021875
5 0.240625 0.1765625 0.0125 0.021875
5 0.240625 0.246875 0.021875 0.0203125
5 0.240625 0.3171875 0.028125 0.034375
5 0.240625 0.3875 0.021875 0.0109375
5 0.240625 0.4578125 0.0203125 0.021875
5 0.240625 0.528125 0.028125 0.01875
5 0.240625 0.6 0.021875 0.025
3 0.240625 0.671875 0.0296875 0.025
14 0.3921875 0.0359375 0.1765625 0.0171875
14 0.4 0.10625 0.190625 0.0171875
14 0.4140625 0.175 0.2171875 0.01875
14 0.40625 0.246875 0.2015625 0.0171875
14 0.3671875 0.3171875 0.121875 0.0171875
14 0.390625 0.3875 0.171875 0.015625
14 0.415625 0.4578125 0.21875 0.015625
14 0.346875 0.5265625 0.0828125 0.015625
14 0.3296875 0.6 0.05 0.0171875
14 0.3328125 0.66875 0.0546875 0.015625
14 0.29375 0.75625 0.1421875 0.021875
14 0.2640625 0.7984375 0.0859375 0.0171875
3 0.28125 0.8828125 0.0984375 0.1
11 0.4328125 0.4828125 0.465625 0.9640625
17 0.5 0.98125 0.6 0.034375