14 0.35625 0.296875 0.103125 0.0171875
14 0.3453125 0.36875 0.0796875 0.0203125
14 0.359375 0.4390625 0.1078125 0.0203125
14 0.3671875 0.509375 0.125 0.0203125
14 0.353125 0.6015625 0.0984375 0.0171875
14 0.3421875 0.675 0.075 0.0203125
14 0.3625 0.7421875 0.115625 0.0171875
5 0.2390625 0.7421875 0.0296875 0.0296875
3 0.240625 0.671875 0.028125 0.0296875
3 0.2390625 0.6015625 0.0265625 0.0296875
5 0.240625 0.50625 0.0296875 0.0296875
3 0.2390625 0.4359375 0.0265625 0.0265625
3 0.240625 0.365625 0.028125 0.015625
5 0.2390625 0.2953125 0.021875 0.03125
11 0.403125 0.51875 0.4078125 0.9625
17 0.5 0.01875 0.6 0.034375