3 0.240625 0.3359375 0.034375 0.021875
14 0.24375 0.8015625 0.040625 0.0171875
14 0.34375 0.6859375 0.08125 0.021875
14 0.396875 0.6171875 0.184375 0.0171875
14 0.3421875 0.546875 0.075 0.0171875
14 0.3609375 0.475 0.1140625 0.0203125
14 0.3875 0.40625 0.165625 0.0171875
14 0.33125 0.334375 0.0546875 0.0203125
14 0.3484375 0.265625 0.0890625 0.0171875
14 0.3359375 0.1953125 0.0640625 0.015625
14 0.3296875 0.153125 0.05 0.0171875
14 0.3421875 0.0890625 0.075 0.0203125
14 0.33125 0.03125 0.05625 0.0171875
3 0.2390625 0.03125 0.025 0.025
3 0.240625 0.0921875 0.025 0.025
3 0.240625 0.153125 0.025 0.021875
5 0.240625 0.196875 0.0328125 0.01875
3 0.240625 0.2671875 0.034375 0.0265625
5 0.240625 0.40625 0.0296875 0.034375
5 0.240625 0.4765625 0.0265625 0.034375
5 0.2390625 0.546875 0.0234375 0.021875
5 0.240625 0.6171875 0.028125 0.034375
3 0.240625 0.6875 0.0328125 0.0203125
11 0.4328125 0.48125 0.4671875 0.9625
17 0.5 0.98125 0.6 0.034375