14 0.303125 0.3625 0.1296875 0.0265625
1 0.2640625 0.9359375 0.0828125 0.08125
5 0.5953125 0.103125 0.096875 0.096875
5 0.596875 0.1796875 0.1453125 0.034375
14 0.6484375 0.2796875 0.09375 0.0203125
14 0.625 0.35 0.14375 0.0203125
14 0.6484375 0.4171875 0.09375 0.0171875
14 0.640625 0.4875 0.109375 0.0171875
14 0.6453125 0.5578125 0.1 0.0171875
14 0.6421875 0.628125 0.1046875 0.0171875
14 0.6625 0.7 0.065625 0.021875
14 0.7390625 0.7953125 0.075 0.021875
14 0.69375 0.865625 0.1671875 0.021875
14 0.7171875 0.9359375 0.11875 0.0203125
3 0.7609375 0.6984375 0.03125 0.028125
3 0.759375 0.628125 0.0234375 0.03125
3 0.759375 0.5578125 0.028125 0.03125
3 0.7609375 0.4875 0.03125 0.034375
3 0.759375 0.4171875 0.0296875 0.0296875
5 0.759375 0.346875 0.034375 0.0296875
3 0.759375 0.2765625 0.0265625 0.03125
11 0.596875 0.51875 0.4078125 0.9625
17 0.5 0.01875 0.6 0.034375