3 0.24281381875000002 0.9394119203125 0.27017405 0.9397415609375 0.27048022656250004 0.9188735875 0.24281381875000002 0.9196334390625 0.24281381875000002 0.9394119203125
14 0.332146625 0.9380933546874999 0.4030195140625 0.937434071875 0.402030590625 0.9183148734375 0.33082805937500004 0.9183148734375 0.332146625 0.9380933546874999
17 0.2197164953125 0.9989261171875 0.7797465640625 0.9989261171875 0.7802835046875 0.9677835046875 0.2197164953125 0.9677835046875 0.2197164953125 0.9989261171875
3 0.4546875 0.928125 0.015625 0.0078125
3 0.6171875 0.928125 0.0265625 0.0265625
3 0.6890625 0.928125 0.034375 0.034375
3 0.7515625 0.928125 0.009375 0.0234375
11 0.5015625 0.9265625 0.559375 0.071875
3 0.34375 0.0328125 0.025 0.028125
3 0.5015625 0.0328125 0.0296875 0.0265625
3 0.6578125 0.03125 0.025 0.025
3 0.740625 0.2359375 0.0515625 0.0515625
3 0.7390625 0.184375 0.05 0.0515625
8 0.5 0.459375 0.5609375 0.6453125
11 0.5 0.0984375 0.559375 0.0671875
4 0.4984375 0.1 0.4390625 0.065625
11 0.5 0.0328125 0.5609375 0.0625
11 0.5 0.834375 0.5578125 0.1046875
14 0.3296875 0.8671875 0.175 0.0234375
14 0.609375 0.8671875 0.2078125 0.0234375
14 0.478125 0.83125 0.4703125 0.0265625
14 0.2640625 0.803125 0.0484375 0.021875