17 0.7805621078125 0.00147405625 0.21979166718749998 9.296875e-7 0.21979166718749998 0.03341195 0.7800707546875 0.0329205984375 0.7805621078125 0.00147405625
3 0.252358490625 0.058470910937499995 0.24449685468750001 0.058470910937499995 0.244005503125 0.08303852187500001 0.25186713906249997 0.08303852187500001 0.252358490625 0.058470910937499995
8 0.5 0.5234375 0.5578125 0.7734375
14 0.7078125 0.921875 0.0921875 0.01875
14 0.2875 0.9234375 0.0734375 0.0203125
3 0.2640625 0.4484375 0.040625 0.040625
3 0.265625 0.5234375 0.0359375 0.021875
3 0.2640625 0.6140625 0.0375 0.0390625
3 0.6546875 0.96875 0.028125 0.0265625
3 0.5015625 0.96875 0.0296875 0.028125
3 0.340625 0.96875 0.025 0.0234375
14 0.671875 0.071875 0.0578125 0.0328125
16 0.5015625 0.0640625 0.5515625 0.0578125
11 0.5 0.9671875 0.5609375 0.0625
3 0.74375 0.071875 0.03125 0.0234375
9 0.5 0.1140625 0.5609375 0.04375