14 0.4296875 0.00625 0.4234375 0.0109375
14 0.3109375 0.0265625 0.1859375 0.0203125
3 0.2671875 0.1734375 0.1015625 0.0203125
14 0.378125 0.071875 0.0984375 0.025
14 0.2671875 0.075 0.0984375 0.03125
3 0.7359375 0.0640625 0.0828125 0.0828125
14 0.4078125 0.125 0.38125 0.028125
14 0.3375 0.171875 0.021875 0.021875
14 0.528125 0.2421875 0.159375 0.0203125
5 0.40625 0.24375 0.0578125 0.0453125
5 0.4984375 0.54375 0.3828125 0.4265625
3 0.6828125 0.9234375 0.034375 0.028125
3 0.753125 0.9234375 0.0265625 0.0296875
14 0.4296875 0.9234375 0.2484375 0.05
3 0.240625 0.9234375 0.025 0.0234375
17 0.5 0.984375 0.6 0.0296875