17 0.5 0.984375 0.559375 0.028125
8 0.5375 0.4046875 0.478125 0.671875
3 0.2546875 0.9296875 0.0328125 0.0375
14 0.3484375 0.93125 0.109375 0.0234375
3 0.7453125 0.9328125 0.040625 0.0390625
3 0.275 0.8578125 0.0421875 0.0421875
3 0.3875 0.8578125 0.04375 0.04375
3 0.5 0.85625 0.0453125 0.0453125
3 0.6140625 0.8546875 0.0453125 0.0421875
3 0.7234375 0.85625 0.0484375 0.0453125
14 0.2609375 0.775 0.046875 0.025
14 0.5421875 0.7765625 0.4203125 0.0203125
3 0.7390625 0.16875 0.0234375 0.025
3 0.7390625 0.115625 0.0234375 0.0125
14 0.259375 0.3109375 0.0484375 0.0265625
14 0.2625 0.240625 0.0640625 0.025
3 0.34375 0.0328125 0.025 0.028125
3 0.5 0.0328125 0.0265625 0.028125
3 0.6578125 0.0328125 0.025 0.028125
11 0.5 0.934375 0.559375 0.0625
11 0.5 0.821875 0.55625 0.153125
11 0.2609375 0.403125 0.078125 0.6796875
11 0.5 0.0328125 0.5578125 0.0609375