17 0.4984375 0.984375 0.559375 0.0296875
6 0.496875 0.925 0.5375 0.0671875
14 0.3875 0.921875 0.11875 0.0234375
3 0.2703125 0.925 0.034375 0.0234375
3 0.7375 0.9203125 0.025 0.0328125
8 0.5015625 0.509375 0.55625 0.746875
3 0.71875 0.2953125 0.034375 0.0390625
11 0.5 0.0984375 0.559375 0.0640625
3 0.2578125 0.1 0.0296875 0.03125
14 0.46875 0.096875 0.3046875 0.034375
11 0.5015625 0.0328125 0.5578125 0.0609375
3 0.3421875 0.0328125 0.0265625 0.0296875
3 0.5 0.0328125 0.0265625 0.028125
3 0.659375 0.03125 0.021875 0.025