5 0.240625 0.4078125 0.0296875 0.0296875
3 0.240625 0.490625 0.03125 0.03125
3 0.240625 0.571875 0.028125 0.0265625
5 0.240625 0.653125 0.03125 0.0328125
3 0.240625 0.7359375 0.0328125 0.0234375
3 0.240625 0.8171875 0.021875 0.03125
15 0.49375 0.81875 0.065625 0.034375
14 0.35 0.4078125 0.1359375 0.01875
14 0.3171875 0.490625 0.071875 0.01875
14 0.3296875 0.571875 0.096875 0.01875
14 0.309375 0.653125 0.053125 0.01875
14 0.33125 0.7359375 0.096875 0.01875
14 0.3234375 0.8171875 0.0828125 0.01875
14 0.3625 0.9109375 0.1140625 0.01875
3 0.253125 0.9109375 0.0578125 0.059375
11 0.375 0.48125 0.35 0.9625
17 0.5 0.98125 0.6 0.034375