3 0.240625 0.078125 0.025 0.025
3 0.759375 0.078125 0.0296875 0.0296875
14 0.3890625 0.971875 0.33125 0.01875
3 0.7296875 0.9296875 0.0734375 0.0734375
14 0.253125 0.9046875 0.059375 0.015625
14 0.2625 0.8734375 0.0765625 0.0140625
14 0.4703125 0.8375 0.49375 0.01875
14 0.284375 0.7921875 0.121875 0.01875
15 0.7171875 0.778125 0.1203125 0.0359375
14 0.253125 0.725 0.0609375 0.0171875
14 0.2625 0.6921875 0.0765625 0.015625
14 0.45625 0.64375 0.465625 0.04375
14 0.3 0.5875 0.153125 0.021875
14 0.253125 0.5 0.059375 0.01875
14 0.3984375 0.4484375 0.35 0.0453125
5 0.7 0.4546875 0.1515625 0.1515625
14 0.2625 0.390625 0.0796875 0.021875
14 0.5 0.3078125 0.1203125 0.025
14 0.253125 0.2234375 0.0609375 0.0171875
14 0.3546875 0.184375 0.2609375 0.015625
14 0.2984375 0.140625 0.1515625 0.01875
14 0.5 0.0671875 0.3734375 0.021875
14 0.5 0.0890625 0.171875 0.0140625
16 0.5 0.078125 0.5984375 0.0828125
17 0.5 0.01875 0.6 0.034375