3 0.40625 0.65 0.021875 0.021875
3 0.7296875 0.9296875 0.0703125 0.0703125
14 0.246875 0.9265625 0.0484375 0.0171875
14 0.378125 0.875 0.3078125 0.0453125
5 0.7 0.8828125 0.1515625 0.1515625
14 0.3265625 0.8171875 0.209375 0.01875
14 0.5015625 0.7359375 0.15 0.0234375
14 0.5171875 0.6484375 0.171875 0.0140625
14 0.553125 0.5859375 0.09375 0.015625
14 0.434375 0.5859375 0.05625 0.015625
14 0.5 0.5 0.1046875 0.0140625
14 0.5 0.465625 0.3390625 0.0171875
14 0.5 0.4 0.43125 0.0734375
3 0.240625 0.0765625 0.025 0.0234375
3 0.759375 0.0765625 0.0296875 0.0296875
5 0.5 0.2203125 0.6 0.365625
17 0.5 0.01875 0.6 0.034375