15 0.5 0.046875 0.578125 0.0703125
5 0.746875 0.103125 0.028125 0.0171875
5 0.5390625 0.21875 0.0859375 0.0859375
5 0.6359375 0.21875 0.0859375 0.0859375
5 0.7328125 0.21875 0.0859375 0.0859375
14 0.684375 0.290625 0.184375 0.021875
14 0.684375 0.3765625 0.18125 0.0265625
14 0.546875 0.43125 0.4578125 0.0328125
5 0.3265625 0.63125 0.1328125 0.2875
5 0.64375 0.63125 0.1328125 0.2875
14 0.6125 0.81875 0.3296875 0.01875
14 0.659375 0.8484375 0.2328125 0.0203125
3 0.2234375 0.9234375 0.0078125 0.028125
3 0.2875 0.9234375 0.0296875 0.028125
3 0.36875 0.9234375 0.025 0.0265625
3 0.759375 0.9234375 0.0234375 0.021875
16 0.5 0.9234375 0.6 0.0796875
17 0.5 0.98125 0.6 0.034375