14 0.3625 0.5890625 0.1 0.01875
14 0.340625 0.5203125 0.059375 0.01875
5 0.5 0.1953125 0.2078125 0.0609375
14 0.5 0.271875 0.1203125 0.021875
15 0.5 0.321875 0.3890625 0.053125
15 0.5 0.3890625 0.390625 0.053125
14 0.5 0.459375 0.0234375 0.0171875
3 0.240625 0.521875 0.0296875 0.025
3 0.240625 0.5921875 0.028125 0.0359375
6 0.5015625 0.528125 0.3875 0.034375
6 0.5015625 0.5984375 0.3875 0.0359375
14 0.4984375 0.759375 0.1609375 0.021875
14 0.5 0.79375 0.125 0.021875
15 0.5 0.6875 0.390625 0.053125
14 0.5 0.85625 0.16875 0.021875
14 0.5 0.8890625 0.1 0.01875
0 0.5 0.5171875 0.6 0.9640625
17 0.5 0.01875 0.6 0.034375