3 0.725 0.1125 0.10625 0.10625
14 0.5859375 0.096875 0.115625 0.01875
14 0.521875 0.128125 0.2421875 0.025
14 0.671875 0.2453125 0.06875 0.01875
14 0.5796875 0.315625 0.25 0.01875
14 0.6609375 0.3859375 0.0875 0.01875
14 0.615625 0.45625 0.178125 0.01875
14 0.75 0.5390625 0.053125 0.0171875
14 0.709375 0.609375 0.1375 0.0234375
14 0.728125 0.6796875 0.096875 0.01875
14 0.7359375 0.7515625 0.08125 0.021875
14 0.70625 0.821875 0.14375 0.0234375
5 0.7640625 0.45625 0.0265625 0.0265625
3 0.7640625 0.3859375 0.0265625 0.0265625
3 0.7640625 0.3171875 0.0265625 0.028125
3 0.7640625 0.246875 0.0265625 0.0265625
11 0.58125 0.5171875 0.4390625 0.9640625
17 0.5 0.01875 0.6 0.034375