14 0.5 0.1625 0.184375 0.0109375
14 0.33125 0.6609375 0.171875 0.0234375
14 0.290625 0.5625 0.0890625 0.0171875
14 0.3125 0.4671875 0.134375 0.0171875
14 0.29375 0.3703125 0.096875 0.0171875
14 0.2921875 0.275 0.0953125 0.0171875
14 0.5 0.1078125 0.1859375 0.0671875
14 0.4 0.2015625 0.3109375 0.021875
14 0.59375 0.2015625 0.0640625 0.0234375
6 0.5015625 0.2828125 0.515625 0.034375
6 0.5 0.378125 0.5140625 0.0328125
6 0.5 0.4734375 0.5140625 0.0328125
6 0.5 0.5703125 0.5140625 0.0328125
6 0.5 0.665625 0.515625 0.0328125
14 0.496875 0.753125 0.5078125 0.05625
15 0.5 0.85625 0.503125 0.0734375
0 0.5 0.5171875 0.6 0.9640625
17 0.5 0.01875 0.6 0.034375