14 0.6453125 0.1765625 0.2671875 0.0171875
14 0.721875 0.2453125 0.1109375 0.0203125
14 0.7125 0.328125 0.128125 0.0203125
14 0.6875 0.4015625 0.1796875 0.0171875
14 0.7078125 0.4703125 0.140625 0.0171875
14 0.68125 0.540625 0.190625 0.0171875
14 0.696875 0.6109375 0.159375 0.0171875
14 0.71875 0.6953125 0.1171875 0.0171875
14 0.7390625 0.7625 0.075 0.0203125
5 0.5796875 0.90625 0.2046875 0.0375
5 0.5796875 0.8890625 0.4421875 0.153125
11 0.578125 0.4828125 0.44375 0.965625
17 0.5 0.98125 0.6 0.034375