14 0.5953125 0.921875 0.2328125 0.0234375
14 0.73125 0.846875 0.1390625 0.01875
14 0.5765625 0.846875 0.09375 0.01875
14 0.4078125 0.846875 0.171875 0.01875
14 0.253125 0.846875 0.053125 0.01875
3 0.23125 0.921875 0.009375 0.0265625
3 0.7609375 0.9234375 0.025 0.0265625
5 0.7625 0.76875 0.0359375 0.040625
5 0.7609375 0.678125 0.0453125 0.0453125
5 0.7609375 0.590625 0.040625 0.04375
5 0.7625 0.503125 0.0296875 0.034375
5 0.7609375 0.4140625 0.040625 0.0453125
3 0.7609375 0.328125 0.0421875 0.04375
3 0.7609375 0.240625 0.040625 0.040625
3 0.7609375 0.153125 0.0453125 0.04375
5 0.7609375 0.0640625 0.0453125 0.04375
14 0.6453125 0.0625 0.128125 0.0203125
14 0.65625 0.15 0.1078125 0.021875
14 0.665625 0.2390625 0.0890625 0.01875
14 0.6625 0.325 0.09375 0.021875
14 0.66875 0.4125 0.08125 0.021875
14 0.665625 0.5015625 0.0890625 0.01875
14 0.6734375 0.5875 0.0765625 0.021875
14 0.6328125 0.6765625 0.1546875 0.021875
14 0.653125 0.765625 0.1140625 0.01875
16 0.5 0.9265625 0.5984375 0.06875
9 0.5 0.8515625 0.6 0.0796875
11 0.625 0.40625 0.35 0.8109375
17 0.5 0.98125 0.6 0.034375