5 0.74375 0.9203125 0.046875 0.0453125
14 0.6578125 0.8625 0.2390625 0.025
14 0.7109375 0.8265625 0.1328125 0.01875
14 0.6078125 0.7453125 0.178125 0.021875
14 0.58125 0.675 0.2296875 0.021875
14 0.578125 0.6046875 0.2328125 0.021875
14 0.6015625 0.534375 0.1859375 0.021875
14 0.7109375 0.453125 0.13125 0.0171875
14 0.5625 0.38125 0.2671875 0.0203125
14 0.6265625 0.3109375 0.1375 0.01875
14 0.621875 0.240625 0.146875 0.021875
14 0.709375 0.1578125 0.134375 0.021875
14 0.634375 0.0875 0.11875 0.021875
14 0.6359375 0.0171875 0.1171875 0.021875
3 0.759375 0.01875 0.028125 0.0265625
3 0.759375 0.0890625 0.0296875 0.0296875
3 0.759375 0.24375 0.0265625 0.0296875
5 0.759375 0.3125 0.0296875 0.0296875
5 0.759375 0.3828125 0.0296875 0.0265625
3 0.759375 0.5375 0.0265625 0.021875
3 0.759375 0.60625 0.028125 0.0265625
3 0.759375 0.678125 0.0265625 0.021875
3 0.759375 0.746875 0.0296875 0.025
11 0.596875 0.48125 0.4078125 0.9625
17 0.5 0.98125 0.6 0.034375