17 0.5 0.98125 0.6 0.034375
5 0.6265625 0.7328125 0.1140625 0.115625
14 0.4328125 0.7328125 0.2328125 0.053125
14 0.68125 0.6171875 0.15 0.021875
14 0.6890625 0.509375 0.1359375 0.021875
14 0.471875 0.4140625 0.4828125 0.0921875
2 0.7484375 0.415625 0.0296875 0.028125
15 0.5 0.3171875 0.234375 0.071875
14 0.66875 0.221875 0.20625 0.021875
14 0.3265625 0.221875 0.1953125 0.021875
6 0.5 0.6171875 0.5421875 0.0609375
6 0.5015625 0.5109375 0.54375 0.0640625
0 0.5 0.4828125 0.6015625 0.9640625
15 0.66875 0.221875 0.20625 0.021875
15 0.3265625 0.221875 0.1953125 0.021875
15 0.53125 0.4265625 0.2578125 0.025
15 0.3328125 0.425 0.125 0.025
15 0.4859375 0.4015625 0.1171875 0.0203125