17 0.5 0.015625 0.559375 0.0296875
11 0.5 0.0703125 0.5578125 0.0765625
3 0.25625 0.0703125 0.03125 0.021875
14 0.41875 0.075 0.20625 0.0328125
3 0.746875 0.0703125 0.03125 0.03125
8 0.5 0.246875 0.5609375 0.2734375
14 0.5015625 0.4171875 0.1796875 0.0234375
6 0.5 0.5484375 0.3546875 0.059375
14 0.5171875 0.5484375 0.109375 0.021875
3 0.35 0.546875 0.0265625 0.028125
3 0.753125 0.628125 0.034375 0.028125
15 0.5 0.478125 0.3578125 0.05625
11 0.5 0.965625 0.559375 0.0625
3 0.5 0.9671875 0.028125 0.0265625
3 0.6578125 0.9671875 0.0234375 0.028125
3 0.34375 0.9671875 0.028125 0.0296875
14 0.3328125 0.628125 0.084375 0.021875
14 0.325 0.6875 0.065625 0.0203125
14 0.315625 0.74375 0.046875 0.01875
14 0.33125 0.803125 0.08125 0.0234375
14 0.31875 0.8625 0.053125 0.028125
3 0.3515625 0.4796875 0.0296875 0.03125
14 0.5171875 0.478125 0.1671875 0.0203125