3 0.240625 0.2984375 0.0203125 0.0296875
14 0.3546875 0.1515625 0.246875 0.0671875
14 0.4 0.3 0.1890625 0.015625
14 0.3328125 0.3953125 0.053125 0.015625
14 0.325 0.4671875 0.0390625 0.01875
14 0.3453125 0.534375 0.0796875 0.015625
14 0.3859375 0.6078125 0.1625 0.0203125
14 0.346875 0.675 0.0828125 0.015625
14 0.3640625 0.7484375 0.1203125 0.0203125
14 0.346875 0.81875 0.0828125 0.0203125
14 0.396875 0.8875 0.184375 0.0203125
14 0.371875 0.98125 0.1328125 0.015625
15 0.559375 0.815625 0.05 0.0328125
15 0.5578125 0.7453125 0.05 0.0328125
5 0.240625 0.9796875 0.0328125 0.0296875
3 0.2390625 0.8859375 0.03125 0.0265625
3 0.240625 0.815625 0.0296875 0.0234375
3 0.240625 0.7453125 0.025 0.028125
3 0.240625 0.675 0.0296875 0.028125
5 0.2390625 0.6046875 0.0265625 0.021875
5 0.240625 0.534375 0.028125 0.025
3 0.240625 0.4640625 0.028125 0.0265625
3 0.2390625 0.39375 0.0265625 0.0265625
11 0.403125 0.51875 0.4078125 0.9625
17 0.5 0.01875 0.6 0.034375