17 0.5015625 0.01875 0.5578125 0.03125
11 0.5 0.0703125 0.559375 0.0703125
3 0.25625 0.071875 0.025 0.0203125
14 0.415625 0.075 0.2046875 0.0328125
3 0.746875 0.071875 0.0265625 0.0296875
8 0.5 0.246875 0.5609375 0.2734375
14 0.5 0.4140625 0.18125 0.0359375
15 0.5 0.478125 0.346875 0.053125
6 0.4984375 0.5453125 0.3546875 0.059375
3 0.3484375 0.5453125 0.0265625 0.025
14 0.51875 0.546875 0.1234375 0.034375
11 0.5 0.9671875 0.5578125 0.0625
3 0.3421875 0.96875 0.0234375 0.0265625
3 0.5 0.9671875 0.0265625 0.0265625
3 0.6578125 0.96875 0.025 0.0265625
14 0.3328125 0.628125 0.078125 0.0203125
14 0.3234375 0.6875 0.0609375 0.01875
14 0.3125 0.7453125 0.040625 0.01875
14 0.33125 0.8046875 0.078125 0.01875
14 0.315625 0.8640625 0.04375 0.021875
2 0.7546875 0.6265625 0.0328125 0.028125
3 0.35 0.4796875 0.0328125 0.0328125
14 0.51875 0.4796875 0.165625 0.01875