13 0.534375 0.5296875 0.05 0.0296875
14 0.30625 0.340625 0.071875 0.021875
14 0.309375 0.40625 0.0765625 0.021875
3 0.2734375 0.175 0.0984375 0.0984375
14 0.296875 0.259375 0.1671875 0.021875
3 0.5421875 0.25625 0.0265625 0.025
3 0.24375 0.340625 0.0265625 0.0171875
3 0.24375 0.4046875 0.021875 0.021875
3 0.24375 0.4703125 0.021875 0.0234375
3 0.24375 0.590625 0.025 0.025
3 0.24375 0.6546875 0.0265625 0.025
5 0.24375 0.7203125 0.021875 0.021875
14 0.3546875 0.7234375 0.171875 0.0265625
14 0.34375 0.65625 0.1484375 0.021875
14 0.296875 0.59375 0.0515625 0.0265625
14 0.4078125 0.5296875 0.125 0.0234375
14 0.315625 0.4734375 0.09375 0.0265625
11 0.3890625 0.51875 0.3796875 0.9625
17 0.5 0.01875 0.6 0.034375