5 0.240625 0.471875 0.0359375 0.0359375
3 0.240625 0.540625 0.0265625 0.0265625
3 0.240625 0.6375 0.0359375 0.0359375
5 0.2390625 0.7078125 0.028125 0.028125
3 0.240625 0.7765625 0.0265625 0.028125
3 0.240625 0.846875 0.0265625 0.025
3 0.240625 0.9171875 0.0265625 0.028125
14 0.384375 0.46875 0.1609375 0.0234375
14 0.346875 0.5375 0.084375 0.0234375
14 0.3625 0.634375 0.1171875 0.0234375
14 0.3578125 0.70625 0.1078125 0.01875
14 0.3796875 0.7765625 0.15 0.01875
14 0.3515625 0.846875 0.096875 0.0203125
14 0.3359375 0.915625 0.0640625 0.0171875
11 0.403125 0.4828125 0.409375 0.9640625
17 0.5 0.98125 0.6 0.034375