5 0.5671875 0.2484375 0.103125 0.103125
14 0.6296875 0.0765625 0.165625 0.025
3 0.7609375 0.0765625 0.025 0.0234375
5 0.5671875 0.2484375 0.4671875 0.2609375
14 0.75 0.428125 0.0546875 0.0171875
14 0.7046875 0.5 0.146875 0.021875
14 0.7203125 0.56875 0.1140625 0.01875
14 0.721875 0.6390625 0.109375 0.0171875
14 0.7359375 0.709375 0.0828125 0.0171875
14 0.61875 0.80625 0.15625 0.0203125
14 0.6234375 0.875 0.1421875 0.015625
5 0.759375 0.8046875 0.0359375 0.0359375
5 0.759375 0.8734375 0.0359375 0.0359375
11 0.5671875 0.559375 0.4671875 0.88125
16 0.5 0.0765625 0.6 0.08125
17 0.5 0.01875 0.6 0.034375