14 0.6109375 0.040625 0.096875 0.0203125
14 0.584375 0.08125 0.1453125 0.0265625
5 0.73125 0.065625 0.096875 0.0953125
14 0.615625 0.165625 0.0828125 0.01875
14 0.5859375 0.2109375 0.140625 0.025
5 0.73125 0.190625 0.0953125 0.0953125
14 0.609375 0.2921875 0.0953125 0.0203125
14 0.60625 0.3359375 0.1 0.021875
5 0.73125 0.3171875 0.096875 0.096875
14 0.609375 0.4171875 0.0953125 0.0203125
14 0.5921875 0.4625 0.128125 0.0234375
14 0.609375 0.54375 0.0953125 0.0203125
14 0.5671875 0.584375 0.1796875 0.028125
5 0.73125 0.56875 0.096875 0.096875
14 0.615625 0.6703125 0.0828125 0.0203125
14 0.61875 0.7140625 0.0765625 0.0234375
5 0.73125 0.69375 0.096875 0.096875
14 0.615625 0.7953125 0.0828125 0.0203125
14 0.59375 0.840625 0.128125 0.0234375
5 0.73125 0.8203125 0.096875 0.096875
14 0.64375 0.9203125 0.0984375 0.028125
3 0.759375 0.9234375 0.01875 0.0296875
16 0.5 0.9234375 0.6 0.08125
17 0.5 0.98125 0.6 0.034375