3 0.24375 0.153125 0.0296875 0.03125
3 0.24375 0.2296875 0.040625 0.03125
5 0.3015625 0.303125 0.025 0.0234375
5 0.3015625 0.378125 0.025 0.025
3 0.2421875 0.453125 0.0359375 0.0359375
3 0.24375 0.528125 0.034375 0.0296875
3 0.2421875 0.603125 0.034375 0.03125
5 0.2421875 0.678125 0.028125 0.040625
3 0.24375 0.7515625 0.028125 0.0328125
3 0.24375 0.828125 0.0328125 0.03125
3 0.24375 0.9015625 0.0328125 0.03125
5 0.24375 0.9765625 0.0265625 0.025
14 0.35 0.978125 0.125 0.021875
14 0.3328125 0.90625 0.090625 0.028125
14 0.31875 0.828125 0.0609375 0.021875
14 0.3203125 0.753125 0.0640625 0.0203125
14 0.3359375 0.6953125 0.1 0.0171875
14 0.3875 0.6671875 0.1984375 0.0296875
14 0.3390625 0.603125 0.1 0.0203125
14 0.321875 0.5296875 0.06875 0.021875
14 0.3640625 0.45625 0.1515625 0.0296875
14 0.409375 0.3796875 0.125 0.021875
14 0.4125 0.303125 0.1328125 0.021875
14 0.3296875 0.2296875 0.0828125 0.0203125
14 0.3203125 0.1578125 0.065625 0.028125
5 0.2921875 0.0765625 0.0265625 0.0328125
3 0.2390625 0.0765625 0.025 0.025
16 0.5 0.0765625 0.6 0.08125
11 0.4171875 0.5578125 0.434375 0.8828125
17 0.5 0.01875 0.6 0.034375