5 0.2890625 0.0765625 0.1359375 0.04375
14 0.3515625 0.1640625 0.0953125 0.0234375
14 0.353125 0.2328125 0.096875 0.01875
14 0.3546875 0.3046875 0.1 0.021875
14 0.3453125 0.375 0.08125 0.021875
14 0.3421875 0.4703125 0.075 0.021875
14 0.3890625 0.540625 0.165625 0.021875
14 0.3625 0.609375 0.115625 0.021875
14 0.3375 0.7046875 0.0625 0.021875
5 0.240625 0.703125 0.0328125 0.034375
3 0.240625 0.6078125 0.028125 0.034375
3 0.240625 0.5375 0.0296875 0.0296875
3 0.240625 0.4671875 0.03125 0.03125
5 0.240625 0.371875 0.0296875 0.0296875
3 0.240625 0.3015625 0.034375 0.021875
3 0.240625 0.2328125 0.021875 0.03125
3 0.240625 0.1625 0.0296875 0.03125
11 0.4046875 0.51875 0.4078125 0.9625
17 0.5 0.01875 0.6 0.034375