5 0.3890625 0.1390625 0.1046875 0.103125
14 0.3453125 0.284375 0.0796875 0.0171875
14 0.340625 0.340625 0.0703125 0.01875
14 0.3375 0.3984375 0.065625 0.01875
14 0.35 0.4546875 0.0890625 0.0171875
14 0.3390625 0.5109375 0.06875 0.0171875
14 0.334375 0.56875 0.0609375 0.0171875
14 0.365625 0.625 0.1234375 0.01875
14 0.3265625 0.6828125 0.0421875 0.0171875
3 0.2671875 0.2890625 0.0375 0.0375
5 0.2671875 0.35 0.0375 0.0296875
5 0.2671875 0.4015625 0.0375 0.034375
3 0.26875 0.459375 0.0328125 0.0359375
5 0.2671875 0.515625 0.034375 0.0296875
3 0.2671875 0.571875 0.0359375 0.0375
5 0.2671875 0.628125 0.0375 0.0296875
3 0.2671875 0.6875 0.03125 0.0375
3 0.2453125 0.9546875 0.0375 0.0359375
14 0.35 0.9546875 0.1078125 0.0203125
11 0.3890625 0.5171875 0.378125 0.9640625
17 0.5 0.01875 0.6 0.034375