14 0.7421875 0.909375 0.09375 0.0171875
14 0.7015625 0.8515625 0.0609375 0.021875
14 0.68125 0.784375 0.1 0.021875
14 0.70625 0.7171875 0.053125 0.0203125
14 0.678125 0.6515625 0.1046875 0.021875
14 0.7390625 0.59375 0.0984375 0.015625
14 0.70625 0.534375 0.05 0.0265625
14 0.684375 0.4703125 0.09375 0.021875
14 0.6921875 0.403125 0.0796875 0.0203125
14 0.75625 0.346875 0.0671875 0.015625
14 0.6734375 0.290625 0.11875 0.0171875
14 0.684375 0.221875 0.0984375 0.0203125
14 0.70625 0.15625 0.0546875 0.0171875
3 0.7625 0.15625 0.03125 0.03125
3 0.7625 0.2234375 0.0296875 0.03125
5 0.7625 0.290625 0.0328125 0.034375
5 0.7625 0.4046875 0.0359375 0.01875
5 0.7625 0.471875 0.0359375 0.028125
5 0.7625 0.5375 0.034375 0.03125
3 0.7625 0.6515625 0.021875 0.0359375
5 0.7625 0.71875 0.034375 0.0328125
5 0.7625 0.7859375 0.034375 0.0296875
5 0.7625 0.8515625 0.0359375 0.0359375
11 0.6546875 0.4828125 0.2921875 0.9640625
17 0.5 0.98125 0.6 0.034375