14 0.5578125 0.8921875 0.2390625 0.046875
5 0.7359375 0.8921875 0.0890625 0.0890625
14 0.746875 0.7046875 0.0640625 0.01875
14 0.6875 0.6265625 0.1828125 0.0234375
14 0.7015625 0.5515625 0.15625 0.0203125
14 0.7125 0.4734375 0.134375 0.025
14 0.703125 0.396875 0.1515625 0.025
14 0.6890625 0.3203125 0.1796875 0.0234375
14 0.725 0.246875 0.1046875 0.0203125
14 0.6796875 0.1703125 0.1984375 0.025
14 0.740625 0.09375 0.0796875 0.021875
11 0.596875 0.4828125 0.409375 0.9640625
17 0.5 0.98125 0.6 0.034375