3 0.76875 0.0765625 0.0078125 0.025
5 0.4328125 0.1296875 0.128125 0.128125
3 0.240625 0.2875 0.028125 0.0265625
3 0.240625 0.3578125 0.0265625 0.025
5 0.2390625 0.428125 0.028125 0.021875
3 0.240625 0.496875 0.015625 0.028125
5 0.240625 0.56875 0.0265625 0.01875
5 0.240625 0.6375 0.0265625 0.0234375
3 0.240625 0.7078125 0.0265625 0.0234375
14 0.3515625 0.709375 0.0953125 0.0171875
14 0.3546875 0.640625 0.1015625 0.0203125
14 0.3359375 0.5703125 0.0625 0.0203125
14 0.3484375 0.4984375 0.0890625 0.0171875
14 0.3453125 0.4296875 0.08125 0.0203125
14 0.3453125 0.359375 0.08125 0.0171875
14 0.35 0.2875 0.0890625 0.0171875
11 0.4328125 0.51875 0.4671875 0.9625
17 0.5 0.01875 0.6 0.034375