3 0.759375 0.0765625 0.028125 0.0296875
3 0.7578125 0.1625 0.0328125 0.0359375
3 0.7578125 0.25 0.0359375 0.0359375
3 0.7578125 0.3390625 0.03125 0.0359375
3 0.7578125 0.428125 0.0359375 0.0359375
3 0.7578125 0.515625 0.0359375 0.009375
14 0.684375 0.515625 0.0578125 0.0171875
14 0.6625 0.4265625 0.1 0.01875
14 0.665625 0.340625 0.096875 0.021875
14 0.64375 0.2515625 0.1390625 0.0203125
14 0.6515625 0.1640625 0.121875 0.0203125
16 0.5 0.0765625 0.6 0.08125
11 0.625 0.5578125 0.35 0.8828125
17 0.5 0.01875 0.6 0.034375