14 0.378125 0.7203125 0.1578125 0.01875
5 0.2484375 0.7 0.0359375 0.0359375
14 0.3265625 0.684375 0.0515625 0.021875
5 0.2484375 0.5875 0.0359375 0.0359375
14 0.378125 0.6078125 0.1578125 0.0203125
14 0.3296875 0.571875 0.0578125 0.021875
14 0.378125 0.4953125 0.1578125 0.01875
5 0.2484375 0.475 0.0359375 0.0359375
14 0.3359375 0.4578125 0.075 0.0234375
5 0.2484375 0.3609375 0.0359375 0.0359375
14 0.378125 0.3828125 0.15625 0.01875
14 0.3265625 0.346875 0.05625 0.021875
14 0.3703125 0.26875 0.14375 0.0203125
5 0.2484375 0.2484375 0.0359375 0.0359375
3 0.7484375 0.2484375 0.0265625 0.0203125
14 0.3265625 0.2328125 0.0515625 0.021875
14 0.3234375 0.1765625 0.190625 0.0203125
14 0.3546875 0.078125 0.0984375 0.021875
3 0.240625 0.0765625 0.025 0.0234375
16 0.5 0.0765625 0.5984375 0.0796875
17 0.5 0.01875 0.6 0.034375