17 0.5 0.015625 0.5609375 0.0296875
11 0.3703125 0.5171875 0.3 0.83125
8 0.65 0.5171875 0.2609375 0.8328125
15 0.453125 0.175 0.1046875 0.025
15 0.4625 0.23125 0.0890625 0.0265625
15 0.453125 0.2859375 0.10625 0.025
15 0.4796875 0.3421875 0.0515625 0.0296875
15 0.4328125 0.3953125 0.146875 0.028125
15 0.4328125 0.4515625 0.1453125 0.025
15 0.4703125 0.5078125 0.065625 0.0234375
3 0.25 0.125 0.0390625 0.0390625
11 0.5 0.9671875 0.5609375 0.0640625
3 0.6578125 0.9671875 0.028125 0.03125
3 0.5015625 0.9671875 0.028125 0.028125
3 0.3421875 0.9671875 0.025 0.0265625
4 0.5 0.065625 0.5609375 0.0703125
3 0.7515625 0.7578125 0.0328125 0.0375
14 0.6359375 0.75625 0.040625 0.0234375
14 0.5640625 0.75625 0.059375 0.0203125
14 0.659375 0.79375 0.084375 0.0171875
14 0.6609375 0.815625 0.0796875 0.0203125
14 0.6578125 0.840625 0.090625 0.01875
14 0.6796875 0.8609375 0.0484375 0.015625
14 0.5640625 0.8625 0.0734375 0.01875
14 0.5796875 0.8390625 0.0421875 0.0171875
14 0.5765625 0.8171875 0.0484375 0.01875
14 0.58125 0.79375 0.040625 0.01875
14 0.746875 0.79375 0.0421875 0.0171875
14 0.7453125 0.8203125 0.05 0.0203125
3 0.728125 0.8609375 0.034375 0.015625
14 0.65625 0.9078125 0.06875 0.0234375
14 0.5671875 0.90625 0.0515625 0.0234375