17 0.5 0.015625 0.5609375 0.03125
16 0.5 0.065625 0.5609375 0.0640625
5 0.2703125 0.0578125 0.028125 0.025
5 0.375 0.0578125 0.0234375 0.021875
5 0.4828125 0.059375 0.0625 0.046875
5 0.5875 0.059375 0.05 0.053125
3 0.74375 0.06875 0.009375 0.0359375
14 0.2703125 0.0921875 0.06875 0.009375
14 0.375 0.0921875 0.0453125 0.0109375
14 0.48125 0.09375 0.0671875 0.009375
14 0.5890625 0.09375 0.05625 0.009375
8 0.5 0.5171875 0.5609375 0.8359375
11 0.5 0.9671875 0.5609375 0.0640625
3 0.3421875 0.9671875 0.021875 0.0234375
3 0.5 0.96875 0.025 0.025
3 0.6578125 0.9671875 0.0234375 0.0234375