17 0.5 0.984375 0.5609375 0.03125
16 0.5 0.934375 0.5609375 0.0640625
5 0.7296875 0.9421875 0.028125 0.025
5 0.625 0.9421875 0.0234375 0.021875
5 0.5171875 0.940625 0.0625 0.046875
5 0.4125 0.940625 0.05 0.053125
3 0.25625 0.93125 0.009375 0.0359375
14 0.7296875 0.9078125 0.06875 0.009375
14 0.625 0.9078125 0.0453125 0.0109375
14 0.51875 0.90625 0.0671875 0.009375
14 0.4109375 0.90625 0.05625 0.009375
8 0.5 0.4828125 0.5609375 0.8359375
11 0.5 0.0328125 0.5609375 0.0640625
3 0.6578125 0.0328125 0.021875 0.0234375
3 0.5 0.03125 0.025 0.025
3 0.3421875 0.0328125 0.0234375 0.0234375