14 0.5 0.1921875 0.271875 0.0265625
3 0.5671875 0.921875 0.040625 0.0359375
3 0.6359375 0.9234375 0.0359375 0.0390625
3 0.7078125 0.9234375 0.0375 0.0390625
3 0.671875 0.58125 0.0125 0.00625
3 0.6703125 0.509375 0.0140625 0.00625
3 0.6703125 0.4375 0.0140625 0.00625
3 0.6703125 0.365625 0.015625 0.0078125
14 0.5265625 0.365625 0.0921875 0.01875
14 0.528125 0.4359375 0.096875 0.021875
14 0.55 0.509375 0.14375 0.01875
14 0.50625 0.58125 0.0515625 0.01875
15 0.5 0.2953125 0.41875 0.06875
14 0.3328125 0.365625 0.053125 0.0171875
14 0.3375 0.4359375 0.0640625 0.0203125
14 0.3359375 0.509375 0.0609375 0.01875
14 0.3390625 0.58125 0.06875 0.01875
14 0.3890625 0.6609375 0.1671875 0.0265625
5 0.66875 0.6609375 0.0421875 0.0375
11 0.5 0.4828125 0.4203125 0.4421875
17 0.5 0.98125 0.6 0.034375