0 0.5 0.4828125 0.6 0.9640625
14 0.2671875 0.9203125 0.05 0.0171875
5 0.5 0.7515625 0.2953125 0.10625
14 0.5046875 0.6671875 0.2875 0.0234375
6 0.625 0.5515625 0.2375 0.0328125
14 0.659375 0.55625 0.125 0.0203125
6 0.375 0.55 0.2375 0.03125
14 0.409375 0.55625 0.125 0.0203125
6 0.5 0.490625 0.4875 0.0328125
14 0.6921875 0.496875 0.0609375 0.0203125
6 0.5 0.43125 0.4875 0.0328125
14 0.6671875 0.4359375 0.1125 0.0203125
6 0.5 0.3703125 0.4875 0.0328125
14 0.571875 0.375 0.303125 0.0265625
15 0.5 0.296875 0.5 0.059375
14 0.5 0.2171875 0.3015625 0.0203125
14 0.5 0.159375 0.46875 0.040625
2 0.7265625 0.09375 0.028125 0.028125
14 0.490625 0.0703125 0.425 0.059375
17 0.5 0.98125 0.6 0.034375
15 0.5078125 0.0703125 0.09375 0.0171875
15 0.4859375 0.1484375 0.1453125 0.01875
15 0.31875 0.1703125 0.10625 0.0171875
15 0.3796875 0.2171875 0.0609375 0.021875
15 0.2671875 0.9203125 0.05 0.0171875