17 0.5 0.015625 0.5609375 0.0296875
8 0.3234375 0.45 0.20625 0.8328125
4 0.6046875 0.8390625 0.3515625 0.0515625
11 0.6046875 0.4234375 0.3515625 0.778125
3 0.4625 0.0671875 0.028125 0.028125
3 0.7609375 0.0875 0.0125 0.025
3 0.7609375 0.196875 0.009375 0.0203125
3 0.4625 0.178125 0.0265625 0.028125
3 0.4640625 0.509375 0.0265625 0.028125
3 0.4625 0.6203125 0.028125 0.028125
3 0.7609375 0.5296875 0.0109375 0.021875
3 0.7609375 0.6546875 0.009375 0.0203125
3 0.7609375 0.79375 0.00625 0.0203125
3 0.4625 0.759375 0.0296875 0.0296875
14 0.5890625 0.753125 0.18125 0.021875
14 0.71875 0.7671875 0.053125 0.015625
14 0.5203125 0.7828125 0.05 0.0234375
14 0.559375 0.615625 0.128125 0.0265625
14 0.525 0.64375 0.059375 0.021875
14 0.7203125 0.6296875 0.053125 0.0171875
14 0.603125 0.675 0.2125 0.0265625
14 0.5421875 0.7 0.090625 0.021875
14 0.51875 0.5609375 0.04375 0.021875
14 0.6046875 0.5359375 0.2171875 0.028125
14 0.7203125 0.503125 0.053125 0.01875
14 0.559375 0.503125 0.1296875 0.0234375
14 0.51875 0.3390625 0.0421875 0.0234375
3 0.4625 0.2875 0.03125 0.034375
3 0.7609375 0.3078125 0.009375 0.021875
3 0.7625 0.4203125 0.0109375 0.0234375
3 0.4625 0.3984375 0.0328125 0.03125
14 0.5171875 0.45 0.0453125 0.0203125
14 0.6125 0.425 0.2296875 0.0234375
14 0.7203125 0.3921875 0.0546875 0.01875
14 0.56875 0.3953125 0.140625 0.028125
14 0.603125 0.3140625 0.209375 0.0234375
14 0.7203125 0.2828125 0.0515625 0.021875
14 0.5609375 0.2828125 0.1265625 0.0234375
14 0.5421875 0.2296875 0.09375 0.01875
14 0.603125 0.203125 0.2171875 0.0234375
14 0.7203125 0.171875 0.0546875 0.0171875
14 0.559375 0.1734375 0.1265625 0.021875
14 0.5203125 0.1171875 0.0453125 0.0203125
14 0.6015625 0.0921875 0.209375 0.021875
14 0.5859375 0.0625 0.1796875 0.025
14 0.7203125 0.059375 0.05625 0.01875
4 0.5 0.9015625 0.5609375 0.0671875
11 0.5 0.9671875 0.5609375 0.0640625
3 0.34375 0.96875 0.028125 0.028125
3 0.5 0.9671875 0.028125 0.0296875
3 0.6578125 0.96875 0.0234375 0.0234375