17 0.5 0.9828125 0.559375 0.0296875
8 0.5 0.5515625 0.5609375 0.8328125
4 0.5 0.1 0.559375 0.0671875
11 0.5 0.0328125 0.5609375 0.0640625
3 0.3421875 0.0328125 0.025 0.0265625
3 0.5 0.0328125 0.0265625 0.028125
3 0.6578125 0.0328125 0.025 0.0234375
3 0.25625 0.93125 0.0453125 0.04375
3 0.3125 0.93125 0.0453125 0.046875
3 0.36875 0.93125 0.04375 0.046875
3 0.425 0.93125 0.046875 0.0453125
3 0.4828125 0.93125 0.0484375 0.0453125
3 0.6890625 0.9296875 0.04375 0.0453125
3 0.7453125 0.93125 0.046875 0.046875