17 0.5 0.015625 0.5609375 0.03125
16 0.5 0.065625 0.5609375 0.0671875
4 0.5 0.125 0.5609375 0.05
8 0.5 0.496875 0.5609375 0.6875
11 0.5 0.9671875 0.5609375 0.0640625
3 0.6578125 0.9671875 0.0265625 0.028125
3 0.5 0.9671875 0.028125 0.0265625
3 0.3421875 0.9671875 0.028125 0.025
14 0.6296875 0.0671875 0.16875 0.0265625
3 0.7421875 0.0640625 0.04375 0.0453125
15 0.640625 0.9 0.275 0.05625
15 0.359375 0.8984375 0.2765625 0.0546875
14 0.6375 0.903125 0.171875 0.025
14 0.3578125 0.9015625 0.1328125 0.0171875