14 0.6453125 0.921875 0.134375 0.025
14 0.5375 0.8234375 0.1875 0.021875
14 0.6921875 0.71875 0.065625 0.028125
14 0.6765625 0.6296875 0.096875 0.028125
14 0.665625 0.5421875 0.115625 0.0234375
14 0.69375 0.4515625 0.059375 0.021875
3 0.7625 0.453125 0.034375 0.034375
3 0.7625 0.5421875 0.0234375 0.0359375
3 0.7625 0.63125 0.0359375 0.0359375
3 0.7625 0.7203125 0.034375 0.0296875
5 0.684375 0.8234375 0.0734375 0.0734375
3 0.7609375 0.9234375 0.025 0.025
16 0.5 0.9265625 0.6 0.0734375
11 0.58125 0.4453125 0.4375 0.8890625
17 0.5 0.98125 0.6 0.034375