14 0.3546875 0.078125 0.134375 0.025
14 0.4625 0.1765625 0.1875 0.021875
14 0.3078125 0.28125 0.065625 0.028125
14 0.3234375 0.3703125 0.096875 0.028125
14 0.334375 0.4578125 0.115625 0.0234375
14 0.30625 0.5484375 0.059375 0.021875
3 0.2375 0.546875 0.034375 0.034375
3 0.2375 0.4578125 0.0234375 0.0359375
3 0.2375 0.36875 0.0359375 0.0359375
3 0.2375 0.2796875 0.034375 0.0296875
5 0.315625 0.1765625 0.0734375 0.0734375
3 0.2390625 0.0765625 0.025 0.025
16 0.5 0.0734375 0.6 0.0734375
11 0.41875 0.5546875 0.4375 0.8890625
17 0.5 0.01875 0.6 0.034375