14 0.3546875 0.921875 0.134375 0.025
14 0.4625 0.8234375 0.1875 0.021875
14 0.3078125 0.71875 0.065625 0.028125
14 0.3234375 0.6296875 0.096875 0.028125
14 0.334375 0.5421875 0.115625 0.0234375
14 0.30625 0.4515625 0.059375 0.021875
3 0.2375 0.453125 0.034375 0.034375
3 0.2375 0.5421875 0.0234375 0.0359375
3 0.2375 0.63125 0.0359375 0.0359375
3 0.2375 0.7203125 0.034375 0.0296875
5 0.315625 0.8234375 0.0734375 0.0734375
3 0.2390625 0.9234375 0.025 0.025
16 0.5 0.9265625 0.6 0.0734375
11 0.41875 0.4453125 0.4375 0.8890625
17 0.5 0.98125 0.6 0.034375