14 0.7421875 0.9640625 0.0671875 0.015625
14 0.7390625 0.934375 0.078125 0.01875
14 0.5875 0.8546875 0.378125 0.0171875
14 0.7515625 0.8265625 0.05 0.01875
2 0.246875 0.73125 0.028125 0.028125
14 0.6546875 0.75 0.24375 0.0203125
14 0.6546875 0.7203125 0.24375 0.0234375
14 0.63125 0.6421875 0.290625 0.0203125
14 0.6828125 0.6125 0.1859375 0.021875
2 0.246875 0.515625 0.028125 0.028125
14 0.6015625 0.534375 0.3515625 0.0203125
14 0.6984375 0.5015625 0.1578125 0.01875
2 0.246875 0.4078125 0.028125 0.028125
14 0.65625 0.4234375 0.24375 0.0171875
14 0.7078125 0.396875 0.1359375 0.0234375
14 0.625 0.31875 0.3015625 0.0203125
14 0.715625 0.2890625 0.121875 0.021875
14 0.6375 0.2109375 0.278125 0.0203125
14 0.671875 0.18125 0.209375 0.0234375
14 0.66875 0.0796875 0.2125 0.028125
16 0.5 0.0765625 0.6 0.0828125
17 0.5 0.01875 0.6 0.034375