14 0.3625 0.928125 0.303125 0.0296875
14 0.59375 0.85625 0.1125 0.021875
14 0.5875 0.7859375 0.1265625 0.0234375
14 0.571875 0.7171875 0.1578125 0.01875
14 0.5875 0.6453125 0.1234375 0.021875
14 0.7375 0.0421875 0.040625 0.015625
14 0.7375 0.1703125 0.0515625 0.015625
14 0.7375 0.2953125 0.0625 0.01875
14 0.7375 0.425 0.0375 0.0140625
14 0.7375 0.5515625 0.065625 0.0140625
14 0.7375 0.6796875 0.046875 0.0140625
14 0.7375 0.8046875 0.0390625 0.01875
3 0.79375 0.928125 0.0140625 0.025
3 0.7375 0.840625 0.046875 0.04375
3 0.7375 0.7140625 0.046875 0.0484375
3 0.7375 0.5875 0.0359375 0.0484375
3 0.7375 0.4609375 0.034375 0.0484375
3 0.7375 0.3328125 0.0375 0.0484375
3 0.7375 0.20625 0.04375 0.0484375
3 0.7375 0.078125 0.0484375 0.0171875
11 0.546875 0.446875 0.50625 0.8921875
16 0.5 0.9296875 0.6 0.0703125
17 0.5 0.98125 0.6 0.034375