14 0.4984375 0.784375 0.434375 0.021875
14 0.7078125 0.7078125 0.1140625 0.0296875
14 0.2671875 0.7078125 0.084375 0.0296875
14 0.7078125 0.6390625 0.1140625 0.0296875
14 0.26875 0.6390625 0.090625 0.0296875
14 0.71875 0.565625 0.0953125 0.0234375
14 0.315625 0.56875 0.1828125 0.0296875
14 0.6484375 0.4984375 0.234375 0.0296875
14 0.3046875 0.496875 0.1625 0.0234375
14 0.2921875 0.43125 0.134375 0.025
14 0.5 0.3171875 0.4703125 0.0546875
13 0.7359375 0.2296875 0.05 0.03125
14 0.290625 0.234375 0.134375 0.0296875
14 0.3078125 0.1671875 0.16875 0.025
14 0.371875 0.0796875 0.1328125 0.028125
3 0.2390625 0.0765625 0.025 0.0234375
16 0.5 0.0765625 0.6 0.0828125
17 0.5 0.01875 0.6 0.034375