3 0.29375 0.0765625 0.0328125 0.0359375
3 0.23125 0.0765625 0.00625 0.025
14 0.5203125 0.078125 0.3484375 0.0296875
3 0.759375 0.0765625 0.025 0.025
11 0.5 0.51875 0.525 0.7203125
14 0.6421875 0.20625 0.1703125 0.028125
2 0.7109375 0.26875 0.028125 0.028125
14 0.625 0.2734375 0.0609375 0.025
2 0.7109375 0.3390625 0.028125 0.0296875
14 0.61875 0.3421875 0.075 0.0265625
2 0.709375 0.409375 0.0296875 0.028125
14 0.6078125 0.4109375 0.09375 0.021875
2 0.7109375 0.4796875 0.028125 0.0296875
14 0.6015625 0.48125 0.109375 0.021875
2 0.709375 0.55 0.0296875 0.028125
14 0.6015625 0.5515625 0.1078125 0.0203125
2 0.7109375 0.6203125 0.028125 0.028125
14 0.621875 0.6234375 0.06875 0.025
2 0.709375 0.690625 0.0296875 0.028125
14 0.615625 0.69375 0.0828125 0.025
2 0.7109375 0.7609375 0.028125 0.028125
14 0.6140625 0.7640625 0.08125 0.025
2 0.7109375 0.83125 0.028125 0.0296875
14 0.63125 0.834375 0.05 0.015625
14 0.7453125 0.9265625 0.0796875 0.0203125
14 0.7078125 0.9765625 0.1609375 0.01875
17 0.5 0.01875 0.6 0.034375