14 0.334375 0.68125 0.2296875 0.025
14 0.290625 0.8890625 0.146875 0.021875
14 0.3671875 0.7859375 0.3 0.0265625
13 0.7265625 0.784375 0.109375 0.0640625
13 0.7265625 0.678125 0.1078125 0.0625
14 0.278125 0.5734375 0.121875 0.0203125
13 0.7296875 0.5734375 0.1078125 0.0609375
14 0.3015625 0.46875 0.16875 0.0203125
14 0.28125 0.365625 0.128125 0.025
14 0.3015625 0.2609375 0.1671875 0.0265625
3 0.7578125 0.153125 0.0171875 0.0125
14 0.2515625 0.16875 0.06875 0.01875
14 0.3203125 0.140625 0.20625 0.0265625
14 0.4 0.078125 0.1859375 0.0265625
3 0.759375 0.0765625 0.0296875 0.0296875
3 0.2390625 0.078125 0.034375 0.0359375
16 0.5 0.078125 0.5984375 0.0828125
17 0.5 0.01875 0.6 0.034375