17 0.5 0.015625 0.5609375 0.03125
3 0.2625 0.0875 0.0265625 0.028125
3 0.7375 0.0828125 0.0546875 0.0578125
14 0.3921875 0.0859375 0.1890625 0.03125
16 0.5 0.084375 0.5578125 0.1015625
3 0.26875 0.8875 0.0375 0.0390625
14 0.5015625 0.8890625 0.125 0.021875
3 0.734375 0.8875 0.03125 0.0421875
3 0.6640625 0.8609375 0.0296875 0.03125
11 0.5 0.8859375 0.559375 0.09375
11 0.5 0.965625 0.559375 0.0640625
3 0.3421875 0.96875 0.025 0.028125
3 0.5 0.9671875 0.0265625 0.025
3 0.6578125 0.9671875 0.0234375 0.025
8 0.5015625 0.4859375 0.5578125 0.6984375
6 0.503125 0.084375 0.5421875 0.0625