17 0.5 0.984375 0.5578125 0.0296875
16 0.5 0.9171875 0.5578125 0.103125
11 0.5 0.034375 0.5578125 0.0640625
3 0.65625 0.0328125 0.025 0.025
3 0.5 0.0328125 0.028125 0.0265625
3 0.3421875 0.0328125 0.025 0.028125
3 0.73125 0.1125 0.040625 0.0453125
14 0.5 0.115625 0.1703125 0.025
14 0.5 0.084375 0.096875 0.021875
3 0.3359375 0.140625 0.03125 0.0234375
3 0.265625 0.1125 0.0375 0.0375
3 0.5 0.1578125 0.059375 0.0578125
11 0.5 0.1140625 0.5578125 0.09375
8 0.5 0.5125 0.5609375 0.7
3 0.734375 0.9140625 0.028125 0.025
14 0.609375 0.9140625 0.190625 0.021875
3 0.2609375 0.91875 0.05 0.0546875
6 0.5015625 0.9140625 0.5359375 0.0609375