17 0.5 0.0171875 0.559375 0.0328125
11 0.5 0.9671875 0.559375 0.0609375
3 0.3453125 0.9671875 0.0234375 0.025
3 0.4984375 0.9671875 0.028125 0.0296875
3 0.659375 0.96875 0.028125 0.0265625
3 0.25625 0.0703125 0.0359375 0.0359375
3 0.740625 0.0703125 0.0375 0.0375
14 0.365625 0.071875 0.1 0.025
16 0.5 0.071875 0.5578125 0.075
8 0.5 0.5234375 0.5578125 0.8203125
15 0.3203125 0.8671875 0.1578125 0.0859375
15 0.59375 0.8671875 0.3296875 0.0828125
14 0.3203125 0.8703125 0.05625 0.021875
14 0.5953125 0.86875 0.05 0.021875