14 0.64375 0.9203125 0.134375 0.0296875
3 0.23125 0.9234375 0.00625 0.0234375
14 0.7640625 0.846875 0.0734375 0.015625
14 0.61875 0.846875 0.109375 0.015625
14 0.4484375 0.846875 0.109375 0.015625
14 0.2796875 0.846875 0.0765625 0.015625
11 0.5 0.48125 0.525 0.5796875
14 0.6328125 0.725 0.1859375 0.021875
2 0.7109375 0.6609375 0.028125 0.028125
14 0.634375 0.659375 0.040625 0.0203125
2 0.7109375 0.590625 0.028125 0.028125
14 0.6234375 0.5890625 0.065625 0.0203125
2 0.709375 0.5203125 0.0296875 0.028125
14 0.6328125 0.51875 0.0484375 0.0203125
2 0.7109375 0.4515625 0.028125 0.0265625
14 0.6328125 0.4484375 0.0453125 0.0203125
2 0.709375 0.3796875 0.0296875 0.028125
14 0.6234375 0.378125 0.0640625 0.0203125
2 0.709375 0.309375 0.0296875 0.028125
14 0.6296875 0.309375 0.05625 0.01875
2 0.7109375 0.2390625 0.028125 0.028125
14 0.6328125 0.2390625 0.0453125 0.0203125
17 0.5 0.98125 0.6 0.034375