17 0.5 0.9859375 0.5609375 0.028125
11 0.5 0.0328125 0.559375 0.0640625
3 0.6578125 0.0328125 0.028125 0.028125
3 0.5015625 0.0328125 0.03125 0.0328125
3 0.3421875 0.0328125 0.0296875 0.0265625
8 0.5 0.709375 0.5609375 0.3796875
4 0.5 0.934375 0.5609375 0.0703125
14 0.721875 0.425 0.090625 0.0296875
14 0.6765625 0.484375 0.1703125 0.0265625
14 0.6671875 0.365625 0.1 0.025
14 0.6640625 0.30625 0.109375 0.0296875
14 0.7046875 0.246875 0.1265625 0.028125
14 0.5046875 0.1859375 0.43125 0.03125
14 0.68125 0.1421875 0.078125 0.025
14 0.5140625 0.0828125 0.40625 0.028125
3 0.75 0.36875 0.034375 0.025
3 0.75 0.309375 0.03125 0.028125
3 0.75 0.16875 0.04375 0.0390625
3 0.2453125 0.1671875 0.0203125 0.0328125
3 0.246875 0.3078125 0.021875 0.03125
3 0.2453125 0.3703125 0.0203125 0.034375
3 0.3046875 0.484375 0.0234375 0.028125
3 0.2484375 0.490625 0.025 0.0234375
3 0.365625 0.4875 0.0375 0.0234375