14 0.396875 0.096875 0.228125 0.01875
14 0.3546875 0.06875 0.14375 0.028125
3 0.240625 0.0765625 0.0296875 0.021875
3 0.765625 0.078125 0.0296875 0.0296875
14 0.75 0.1546875 0.0421875 0.015625
14 0.2484375 0.153125 0.0515625 0.0171875
5 0.2671875 0.325 0.0296875 0.0328125
5 0.265625 0.41875 0.025 0.034375
5 0.2671875 0.5125 0.0359375 0.03125
3 0.2671875 0.60625 0.034375 0.025
5 0.26875 0.6984375 0.0453125 0.0421875
3 0.2671875 0.7921875 0.0296875 0.028125
14 0.34375 0.79375 0.0609375 0.0265625
14 0.3734375 0.7015625 0.11875 0.03125
14 0.371875 0.6078125 0.115625 0.0265625
14 0.3796875 0.5171875 0.13125 0.03125
14 0.35 0.4203125 0.06875 0.025
14 0.3515625 0.325 0.075 0.0234375
14 0.3828125 0.2296875 0.2203125 0.0265625
11 0.5 0.5171875 0.553125 0.6671875
17 0.5 0.01875 0.6 0.034375