14 0.5109375 0.0765625 0.178125 0.05
3 0.240625 0.0765625 0.0296875 0.021875
3 0.7671875 0.078125 0.00625 0.0234375
11 0.5 0.5171875 0.55625 0.5984375
14 0.365625 0.2640625 0.1859375 0.028125
2 0.275 0.3484375 0.0296875 0.028125
14 0.40625 0.3484375 0.1546875 0.021875
2 0.275 0.41875 0.028125 0.028125
14 0.375 0.421875 0.0921875 0.0265625
2 0.275 0.4875 0.028125 0.0265625
14 0.3734375 0.4890625 0.0875 0.021875
2 0.275 0.5578125 0.028125 0.0265625
14 0.3671875 0.559375 0.0765625 0.0203125
2 0.275 0.628125 0.0296875 0.0296875
14 0.421875 0.63125 0.1859375 0.0265625
2 0.275 0.7 0.028125 0.028125
14 0.3671875 0.6984375 0.0765625 0.021875
2 0.275 0.76875 0.028125 0.028125
14 0.3984375 0.76875 0.140625 0.021875
15 0.35625 0.953125 0.2671875 0.053125
15 0.65625 0.953125 0.265625 0.053125
17 0.5 0.01875 0.6 0.034375