3 0.5328125 0.8390625 0.021875 0.015625
3 0.5671875 0.8390625 0.0078125 0.015625
3 0.6 0.840625 0.01875 0.015625
3 0.6328125 0.8390625 0.015625 0.015625
3 0.665625 0.8390625 0.015625 0.015625
3 0.7 0.840625 0.0046875 0.0171875
3 0.74375 0.8390625 0.021875 0.0171875
3 0.7953125 0.8390625 0.0109375 0.021875
3 0.846875 0.8390625 0.0203125 0.021875
3 0.8984375 0.8390625 0.028125 0.0296875
3 0.9484375 0.840625 0.021875 0.021875
5 0.125 0.840625 0.1890625 0.0328125
9 0.315625 0.7859375 0.5671875 0.015625
3 0.3015625 0.2 0.0140625 0.0125
3 0.2421875 0.8390625 0.0125 0.0078125
3 0.1765625 0.7828125 0.0125 0.0078125
3 0.2390625 0.7828125 0.0125 0.0078125
3 0.3203125 0.7828125 0.0125 0.0078125
3 0.396875 0.7828125 0.0125 0.0078125
3 0.4625 0.7828125 0.0125 0.0078125
3 0.5359375 0.7828125 0.0109375 0.0078125
3 0.590625 0.7828125 0.0109375 0.0078125
14 0.0640625 0.784375 0.065625 0.0125
14 0.1421875 0.784375 0.04375 0.0125
14 0.2140625 0.784375 0.028125 0.0109375
14 0.2859375 0.784375 0.04375 0.0140625
14 0.3640625 0.784375 0.040625 0.0125
14 0.4359375 0.7859375 0.0296875 0.0125
14 0.50625 0.7859375 0.0375 0.0140625
14 0.56875 0.7859375 0.01875 0.0109375
14 0.059375 0.340625 0.0578125 0.0140625
14 0.45625 0.2578125 0.846875 0.078125
14 0.1609375 0.1984375 0.25625 0.015625
14 0.3640625 0.1984375 0.1 0.0140625
14 0.83125 0.1953125 0.1140625 0.0140625
14 0.9390625 0.1953125 0.0453125 0.0125
4 0.5 0.409375 0.7109375 0.0875
5 0.5 0.6125 0.996875 0.2984375
15 0.83125 0.1953125 0.13125 0.0234375
15 0.940625 0.1953125 0.059375 0.025
12 0.1515625 0.784375 0.0640625 0.0125
12 0.2234375 0.784375 0.0453125 0.0125
12 0.2953125 0.7859375 0.0625 0.0125
12 0.3734375 0.784375 0.059375 0.0125
12 0.4453125 0.7859375 0.0484375 0.0125
12 0.5140625 0.7859375 0.05625 0.0125
12 0.578125 0.784375 0.0375 0.0125
16 0.4953125 0.840625 0.928125 0.034375