14 0.853125 0.1453125 0.2125 0.009375
14 0.63125 0.2015625 0.1390625 0.0140625
14 0.4484375 0.209375 0.1421875 0.009375
14 0.48125 0.1921875 0.0765625 0.009375
14 0.0984375 0.2015625 0.0390625 0.0125
14 0.9640625 0.2640625 0.0390625 0.0125
14 0.890625 0.2625 0.040625 0.0140625
14 0.81875 0.2625 0.0390625 0.0140625
14 0.7359375 0.2625 0.0625 0.0125
14 0.65625 0.2625 0.03125 0.0125
14 0.5953125 0.2625 0.025 0.0140625
14 0.5328125 0.2625 0.0375 0.0125
14 0.840625 0.3328125 0.2140625 0.0125
14 0.4703125 0.3359375 0.4609375 0.01875
14 0.075 0.3328125 0.025 0.0109375
14 0.8265625 0.4046875 0.253125 0.01875
14 0.853125 0.48125 0.1984375 0.084375
14 0.853125 0.5578125 0.196875 0.028125
14 0.61875 0.48125 0.2 0.084375
14 0.61875 0.5578125 0.196875 0.0296875
14 0.384375 0.4796875 0.203125 0.08125
14 0.384375 0.559375 0.196875 0.0296875
14 0.16875 0.45625 0.1203125 0.009375
14 0.1875 0.6828125 0.28125 0.021875
3 0.9765625 0.1453125 0.0125 0.009375
3 0.5296875 0.1953125 0.0125 0.0171875
3 0.2 0.2 0.01875 0.01875
3 0.1421875 0.2 0.0234375 0.0234375
3 0.03125 0.2 0.01875 0.0125
3 0.9609375 0.3328125 0.0125 0.0109375
3 0.1140625 0.3328125 0.0109375 0.0171875
3 0.0359375 0.3328125 0.0109375 0.0171875
3 0.1640625 0.484375 0.0125 0.0078125
5 0.934375 0.2 0.096875 0.025
5 0.6796875 0.7671875 0.5453125 0.2125
5 0.1875 0.803125 0.28125 0.1421875
15 0.1640625 0.46875 0.171875 0.071875
15 0.1171875 0.2015625 0.1078125 0.0625
1 0.03125 0.2 0.0609375 0.0625
1 0.2015625 0.2 0.0625 0.0625
16 0.5 0.2015625 0.9984375 0.0625
9 0.7484375 0.2640625 0.4703125 0.0140625
11 0.5 0.334375 0.96875 0.04375