0 0.2578125 0.5171875 0.3390625 0.521875
14 0.696875 0.853125 0.04375 0.0140625
14 0.6203125 0.853125 0.059375 0.0140625
14 0.525 0.8515625 0.0765625 0.0171875
14 0.4 0.853125 0.1203125 0.0140625
14 0.2234375 0.853125 0.1734375 0.021875
14 0.221875 0.821875 0.05 0.0125
14 0.0546875 0.8296875 0.059375 0.0171875
14 0.73125 0.5359375 0.4171875 0.06875
14 0.75625 0.40625 0.3640625 0.1203125
14 0.796875 0.1578125 0.321875 0.03125
5 0.8625 0.846875 0.1921875 0.0484375
5 0.74375 0.678125 0.3890625 0.1
5 0.3046875 0.14375 0.184375 0.034375
11 0.2234375 0.8390625 0.190625 0.06875
15 0.05 0.8296875 0.0984375 0.040625
15 0.221875 0.821875 0.1 0.021875
9 0.5296875 0.85 0.3796875 0.01875
11 0.5 0.190625 0.996875 0.1265625