14 0.1109375 0.821875 0.1421875 0.01875
14 0.2484375 0.690625 0.4125 0.059375
15 0.9203125 0.821875 0.078125 0.034375
14 0.91875 0.8234375 0.0390625 0.0078125
14 0.278125 0.6 0.471875 0.078125
15 0.290625 0.5015625 0.4984375 0.05
15 0.2921875 0.434375 0.5 0.05
14 0.315625 0.5 0.11875 0.009375
14 0.3171875 0.434375 0.1359375 0.0109375
14 0.246875 0.3671875 0.30625 0.0125
5 0.7640625 0.5484375 0.346875 0.3421875
14 0.215625 0.24375 0.03125 0.009375
14 0.2671875 0.24375 0.03125 0.009375
14 0.315625 0.24375 0.0234375 0.0109375
14 0.3671875 0.24375 0.034375 0.0109375
14 0.425 0.24375 0.0375 0.0109375
14 0.490625 0.24375 0.0546875 0.009375
14 0.5640625 0.24375 0.05 0.0078125
14 0.6609375 0.24375 0.0703125 0.0125
3 0.615625 0.2453125 0.0125 0.0109375
14 0.7640625 0.24375 0.0640625 0.0109375
3 0.721875 0.2453125 0.009375 0.009375
14 0.15625 0.2203125 0.14375 0.009375
14 0.2609375 0.2203125 0.0390625 0.009375
14 0.31875 0.2203125 0.0515625 0.009375
14 0.375 0.2203125 0.0359375 0.0109375
14 0.4453125 0.2203125 0.08125 0.0109375
14 0.51875 0.2203125 0.0390625 0.0109375
14 0.5890625 0.2203125 0.075 0.009375
14 0.684375 0.2203125 0.090625 0.009375
14 0.7734375 0.2203125 0.0671875 0.0078125
14 0.865625 0.21875 0.0953125 0.0109375
14 0.4015625 0.184375 0.028125 0.009375
14 0.44375 0.1828125 0.0328125 0.009375
14 0.49375 0.1828125 0.04375 0.0109375
14 0.5515625 0.184375 0.0484375 0.009375
14 0.6 0.184375 0.0203125 0.0078125
3 0.5828125 0.184375 0.0078125 0.0078125
5 0.0671875 0.5015625 0.0171875 0.0171875
5 0.06875 0.4359375 0.01875 0.015625