11 0.5 0.165625 0.996875 0.0796875
14 0.39375 0.1640625 0.7265625 0.040625
14 0.8671875 0.153125 0.0765625 0.0171875
14 0.8796875 0.178125 0.0953125 0.015625
12 0.8625 0.2328125 0.0671875 0.0203125
14 0.8546875 0.2328125 0.0453125 0.015625
3 0.8890625 0.234375 0.009375 0.0140625
14 0.95 0.234375 0.053125 0.0125
5 0.1140625 0.3140625 0.1765625 0.053125
14 0.29375 0.30625 0.1140625 0.0296875
9 0.284375 0.3875 0.565625 0.0453125
14 0.075 0.390625 0.103125 0.0203125
12 0.221875 0.3890625 0.146875 0.0171875
14 0.2140625 0.3890625 0.13125 0.0171875
3 0.2890625 0.3890625 0.0109375 0.0140625
12 0.3828125 0.3890625 0.1375 0.0140625
14 0.375 0.3890625 0.121875 0.0125
3 0.446875 0.3890625 0.0125 0.0125
12 0.515625 0.3921875 0.0859375 0.0171875
14 0.50625 0.390625 0.0671875 0.0125
3 0.5515625 0.3890625 0.0078125 0.009375
3 0.9640625 0.3890625 0.0296875 0.0265625
5 0.146875 0.509375 0.2109375 0.1078125
5 0.3953125 0.5078125 0.2109375 0.1078125
5 0.60625 0.5078125 0.2109375 0.10625
5 0.84375 0.5109375 0.2265625 0.1140625
14 0.1234375 0.6015625 0.15625 0.0359375
14 0.390625 0.5859375 0.203125 0.0171875
14 0.5671875 0.5984375 0.13125 0.0359375
14 0.7953125 0.5890625 0.0921875 0.0171875
14 0.1484375 0.684375 0.2109375 0.0984375
14 0.39375 0.6390625 0.2078125 0.05625
14 0.5953125 0.6703125 0.1921875 0.0796875
14 0.853125 0.640625 0.2109375 0.0546875
14 0.5015625 0.8296875 0.153125 0.021875