5 0.84375 0.2296875 0.240625 0.0421875
14 0.565625 0.221875 0.1453125 0.0109375
14 0.43125 0.221875 0.0359375 0.0109375
14 0.3390625 0.2234375 0.0578125 0.015625
14 0.2234375 0.2234375 0.084375 0.0140625
9 0.5 0.14375 0.946875 0.0390625
14 0.90625 0.1453125 0.0875 0.0078125
14 0.796875 0.1453125 0.0703125 0.0078125
14 0.6953125 0.1453125 0.06875 0.00625
14 0.5859375 0.1453125 0.0890625 0.0078125
3 0.159375 0.14375 0.0140625 0.0140625
3 0.1109375 0.14375 0.0140625 0.0125
3 0.065625 0.14375 0.0140625 0.0140625
5 0.9359375 0.2953125 0.015625 0.0171875
14 0.621875 0.296875 0.5828125 0.0140625
1 0.065625 0.2953125 0.0203125 0.01875
14 0.7484375 0.4265625 0.4140625 0.0390625
14 0.659375 0.490625 0.596875 0.05
15 0.859375 0.5671875 0.1984375 0.040625
14 0.859375 0.5671875 0.115625 0.009375
14 0.18125 0.4640625 0.25 0.084375
15 0.24375 0.5453125 0.125 0.0375
14 0.24375 0.5453125 0.04375 0.009375
14 0.1953125 0.646875 0.225 0.0109375
6 0.203125 0.684375 0.2046875 0.0296875
14 0.2140625 0.6875 0.1578125 0.0140625
3 0.0734375 0.684375 0.0109375 0.0125
14 0.528125 0.846875 0.903125 0.0328125
3 0.0265625 0.8359375 0.015625 0.015625