14 0.771875 0.728125 0.371875 0.159375
1 0.0375 0.8359375 0.0453125 0.0453125
14 0.3921875 0.778125 0.0703125 0.0140625
14 0.3921875 0.73125 0.125 0.0140625
10 0.2625 0.803125 0.384375 0.00625
5 0.4453125 0.7765625 0.0203125 0.0203125
15 0.3625 0.6859375 0.184375 0.0421875
15 0.1640625 0.684375 0.184375 0.040625
14 0.1640625 0.6859375 0.0609375 0.0140625
14 0.3625 0.6859375 0.0703125 0.0125
14 0.3546875 0.628125 0.203125 0.0140625
2 0.44375 0.5234375 0.025 0.0234375
14 0.246875 0.51875 0.334375 0.03125
14 0.3796875 0.465625 0.1515625 0.0125
15 0.3625 0.421875 0.1859375 0.040625
14 0.3625 0.421875 0.0875 0.0109375
15 0.1640625 0.421875 0.1875 0.040625
14 0.1640625 0.4203125 0.05 0.0140625
14 0.7375 0.4953125 0.440625 0.184375
14 0.825 0.3625 0.2671875 0.009375
15 0.421875 0.5828125 0.065625 0.0421875
15 0.3421875 0.5828125 0.0640625 0.0421875
15 0.2640625 0.5828125 0.0640625 0.0421875
15 0.1828125 0.5828125 0.065625 0.0421875
15 0.1046875 0.5828125 0.0640625 0.040625
14 0.421875 0.5828125 0.0265625 0.0140625
14 0.3421875 0.5828125 0.028125 0.0140625
14 0.2625 0.5828125 0.0265625 0.0125
14 0.184375 0.5828125 0.0359375 0.0125
14 0.1046875 0.5828125 0.040625 0.0109375
5 0.8671875 0.28125 0.1828125 0.04375
15 0.0859375 0.28125 0.0875 0.04375
14 0.5578125 0.28125 0.05 0.0125
14 0.4765625 0.28125 0.0515625 0.0125
14 0.3828125 0.28125 0.075 0.0125
14 0.2921875 0.28125 0.04375 0.0125
14 0.1921875 0.28125 0.09375 0.0125
0 0.5 0.221875 0.996875 0.190625