14 0.675 0.3703125 0.425 0.015625
14 0.5578125 0.321875 0.190625 0.0296875
14 0.5328125 0.28125 0.140625 0.015625
14 0.5703125 0.1484375 0.1078125 0.0140625
3 0.634375 0.146875 0.0125 0.0125
14 0.6921875 0.1484375 0.08125 0.0140625
3 0.740625 0.146875 0.0125 0.0125
15 0.809375 0.146875 0.103125 0.025
14 0.8109375 0.1453125 0.0859375 0.009375
15 0.925 0.146875 0.10625 0.025
14 0.925 0.146875 0.0875 0.0109375
9 0.3546875 0.2015625 0.2125 0.0234375
14 0.2734375 0.2015625 0.0453125 0.015625
14 0.353125 0.2 0.0671875 0.0140625
14 0.434375 0.2 0.05 0.0125
12 0.509375 0.2 0.0578125 0.0125
14 0.503125 0.2 0.0421875 0.0125
3 0.5328125 0.2 0.0125 0.009375
5 0.1953125 0.3859375 0.34375 0.2328125
15 0.575 0.4375 0.228125 0.0515625
14 0.575 0.4359375 0.125 0.0140625
14 0.1234375 0.6078125 0.2 0.053125
14 0.1265625 0.696875 0.20625 0.09375
14 0.8703125 0.71875 0.1671875 0.040625
14 0.3765625 0.71875 0.153125 0.0421875
14 0.625 0.71875 0.1578125 0.0421875
3 0.3765625 0.634375 0.059375 0.053125
3 0.6234375 0.634375 0.0421875 0.0484375
3 0.8703125 0.634375 0.0515625 0.0375
5 0.125 0.1921875 0.2015625 0.053125
3 0.7140625 0.196875 0.0171875 0.0171875
6 0.8390625 0.1953125 0.278125 0.0265625
14 0.76875 0.19375 0.08125 0.0125
3 0.9640625 0.196875 0.015625 0.0140625
14 0.096875 0.7859375 0.146875 0.0140625
14 0.378125 0.765625 0.153125 0.0140625
14 0.6234375 0.765625 0.090625 0.0140625
14 0.8703125 0.7640625 0.153125 0.0140625