5 0.0828125 0.159375 0.0609375 0.03125
14 0.2015625 0.1609375 0.115625 0.0125
14 0.303125 0.1609375 0.028125 0.0125
14 0.3625 0.1609375 0.0328125 0.01875
14 0.4375 0.1625 0.059375 0.01875
14 0.7703125 0.1640625 0.0703125 0.0140625
14 0.9046875 0.1609375 0.0609375 0.0140625
14 0.1875 0.2859375 0.2734375 0.028125
14 0.375 0.38125 0.65625 0.103125
14 0.18125 0.6 0.2609375 0.0203125
14 0.1890625 0.6875 0.278125 0.103125
14 0.4125 0.815625 0.7265625 0.05625
14 0.8875 0.8109375 0.040625 0.015625
5 0.6546875 0.6265625 0.5890625 0.265625
5 0.81875 0.1609375 0.0171875 0.0203125
15 0.78125 0.1625 0.1296875 0.04375
15 0.8875 0.809375 0.125 0.0421875