9 0.5015625 0.346875 0.5671875 0.096875
16 0.5 0.1546875 0.996875 0.05625
3 0.965625 0.153125 0.025 0.0234375
5 0.0609375 0.15625 0.0796875 0.0375
14 0.2046875 0.1546875 0.1046875 0.015625
14 0.296875 0.1546875 0.05 0.0171875
14 0.3890625 0.153125 0.1046875 0.015625
14 0.5 0.1546875 0.0859375 0.0171875
3 0.5796875 0.1546875 0.0234375 0.0171875
14 0.5 0.2390625 0.428125 0.025
14 0.5 0.2671875 0.428125 0.0203125
14 0.425 0.371875 0.1234375 0.0171875
14 0.5765625 0.3734375 0.10625 0.015625
6 0.5015625 0.4546875 0.44375 0.065625
3 0.31875 0.4546875 0.021875 0.0234375
3 0.31875 0.5296875 0.0265625 0.0234375
3 0.540625 0.5296875 0.025 0.0265625
3 0.31875 0.6046875 0.0265625 0.0265625
3 0.578125 0.3375 0.0421875 0.0375
3 0.425 0.3375 0.0421875 0.0375
14 0.4765625 0.4546875 0.2609375 0.0203125
14 0.390625 0.521875 0.090625 0.0171875
14 0.378125 0.5421875 0.0640625 0.015625
14 0.6125 0.521875 0.090625 0.01875
14 0.59375 0.540625 0.0515625 0.01875
15 0.6453125 0.5984375 0.1515625 0.0515625
3 0.5328125 0.6046875 0.0140625 0.0171875
12 0.4203125 0.6046875 0.2796875 0.0625
14 0.375 0.5984375 0.0546875 0.015625
14 0.3703125 0.6171875 0.046875 0.0171875
15 0.8046875 0.846875 0.196875 0.040625
3 0.928125 0.8453125 0.0234375 0.025
14 0.38125 0.8375 0.5625 0.0203125
3 0.065625 0.8453125 0.0421875 0.0421875
15 0.5 0.740625 0.1734375 0.0328125
14 0.5125 0.7421875 0.1375 0.015625
3 0.4296875 0.740625 0.021875 0.0203125
14 0.8046875 0.8453125 0.09375 0.0140625
14 0.6453125 0.5984375 0.0734375 0.0171875
4 0.4984375 0.8453125 0.996875 0.05625