16 0.5 0.1484375 0.996875 0.0453125
14 0.1390625 0.1484375 0.2328125 0.0265625
14 0.6515625 0.1484375 0.0453125 0.0140625
14 0.846875 0.1484375 0.0640625 0.0125
14 0.9546875 0.1484375 0.04375 0.015625
3 0.89375 0.1484375 0.0078125 0.00625
3 0.6078125 0.1484375 0.0171875 0.015625
6 0.6875 0.1484375 0.1921875 0.034375
12 0.85625 0.1484375 0.109375 0.03125
14 0.0984375 0.2453125 0.034375 0.0125
14 0.165625 0.2453125 0.0484375 0.0109375
14 0.275 0.246875 0.1171875 0.0109375
14 0.4046875 0.246875 0.0921875 0.0109375
14 0.121875 0.2859375 0.0484375 0.0125
14 0.1203125 0.309375 0.0484375 0.0109375
14 0.121875 0.33125 0.028125 0.0125
14 0.121875 0.3546875 0.028125 0.0140625
14 0.1328125 0.3796875 0.04375 0.0109375
14 0.4921875 0.4515625 0.821875 0.0390625
14 0.5 0.503125 0.8359375 0.015625
14 0.128125 0.5796875 0.090625 0.0203125
14 0.4953125 0.653125 0.825 0.0640625
14 0.4890625 0.7375 0.8140625 0.0640625
14 0.1046875 0.8203125 0.0453125 0.01875
14 0.1109375 0.8609375 0.05625 0.015625
3 0.109375 0.403125 0.0203125 0.0078125
3 0.1640625 0.284375 0.0109375 0.009375
3 0.1265625 0.2453125 0.0078125 0.0109375
3 0.203125 0.246875 0.0046875 0.0109375
3 0.346875 0.246875 0.0078125 0.0125
3 0.8125 0.246875 0.015625 0.015625
3 0.8359375 0.246875 0.015625 0.0140625
3 0.859375 0.246875 0.0171875 0.0171875
3 0.8828125 0.246875 0.0171875 0.0171875
3 0.90625 0.246875 0.0171875 0.0140625
9 0.2671875 0.246875 0.371875 0.0234375
12 0.134375 0.2859375 0.071875 0.0203125