11 0.5015625 0.6140625 0.4984375 0.51875
14 0.46875 0.3984375 0.390625 0.034375
3 0.7328125 0.375 0.0171875 0.021875
14 0.484375 0.45625 0.4203125 0.0359375
14 0.5 0.5703125 0.45625 0.1578125
14 0.4953125 0.6890625 0.44375 0.0375
14 0.49375 0.7546875 0.4390625 0.0578125
7 0.375 0.8359375 0.1484375 0.0203125
15 0.6546875 0.8328125 0.1484375 0.040625
7 0.5640625 0.7546875 0.03125 0.015625
16 0.5 0.2171875 0.996875 0.0796875
14 0.5 0.15625 0.6046875 0.0234375
5 0.0875 0.21875 0.125 0.053125
6 0.4015625 0.21875 0.4421875 0.04375
14 0.2296875 0.215625 0.0765625 0.0140625
14 0.328125 0.2203125 0.08125 0.01875
12 0.4515625 0.2140625 0.153125 0.034375
14 0.41875 0.21875 0.0609375 0.0171875
3 0.5078125 0.21875 0.01875 0.0140625
15 0.5765625 0.215625 0.090625 0.040625
3 0.675 0.215625 0.0234375 0.0265625
3 0.7359375 0.2171875 0.03125 0.03125
3 0.796875 0.215625 0.0234375 0.0296875
12 0.9125 0.2109375 0.11875 0.0390625
3 0.9578125 0.215625 0.0171875 0.0140625
14 0.89375 0.20625 0.0859375 0.0265625
11 0.146875 0.559375 0.28125 0.5828125
9 0.1484375 0.2921875 0.2796875 0.0421875
14 0.0890625 0.2953125 0.05625 0.0203125
14 0.1828125 0.296875 0.0765625 0.0203125
3 0.059375 0.3484375 0.025 0.021875
14 0.121875 0.3484375 0.071875 0.0140625
14 0.1046875 0.3796875 0.0390625 0.009375
14 0.128125 0.4109375 0.08125 0.0140625
14 0.1296875 0.44375 0.0859375 0.015625
14 0.1109375 0.475 0.05 0.0140625
14 0.10625 0.5046875 0.040625 0.015625
14 0.1125 0.5359375 0.053125 0.015625
14 0.1453125 0.56875 0.1171875 0.0171875
14 0.140625 0.5984375 0.1078125 0.0171875
14 0.125 0.6296875 0.0796875 0.015625
14 0.1375 0.6609375 0.1 0.01875
14 0.1390625 0.69375 0.1078125 0.0140625
14 0.13125 0.725 0.0890625 0.0140625
14 0.1140625 0.75625 0.053125 0.015625
14 0.1390625 0.7859375 0.103125 0.015625
14 0.1421875 0.8296875 0.1875 0.0171875
3 0.059375 0.378125 0.0171875 0.021875
3 0.059375 0.4109375 0.01875 0.01875
3 0.0578125 0.440625 0.0203125 0.0203125
3 0.059375 0.4734375 0.015625 0.0234375
3 0.0609375 0.5046875 0.021875 0.0234375
3 0.059375 0.5359375 0.021875 0.021875
3 0.059375 0.565625 0.021875 0.0234375
3 0.0578125 0.5984375 0.01875 0.0203125
3 0.059375 0.6296875 0.025 0.01875
3 0.059375 0.6609375 0.01875 0.0234375
3 0.059375 0.690625 0.025 0.0203125
3 0.059375 0.7234375 0.021875 0.0265625
3 0.059375 0.7546875 0.025 0.021875
3 0.059375 0.7859375 0.021875 0.021875
15 0.88125 0.4671875 0.115625 0.0375
14 0.9296875 0.5375 0.115625 0.0125
14 0.790625 0.5390625 0.0734375 0.015625
5 0.8390625 0.7171875 0.1078125 0.1125
14 0.8390625 0.796875 0.103125 0.0171875