5 0.090625 0.765625 0.09375 0.0921875
14 0.31875 0.7734375 0.33125 0.0484375
14 0.3203125 0.734375 0.33125 0.0125
14 0.6890625 0.76875 0.15625 0.0125
14 0.4453125 0.5625 0.8078125 0.0390625
14 0.1375 0.5125 0.1875 0.03125
14 0.4390625 0.4671875 0.79375 0.0203125
4 0.5 0.6484375 0.709375 0.0859375
6 0.73125 0.7671875 0.2609375 0.0484375
15 0.9109375 0.7671875 0.096875 0.05
16 0.5 0.85625 0.996875 0.0375
14 0.0953125 0.85625 0.053125 0.0125
14 0.15 0.85625 0.025 0.0125
14 0.2015625 0.85625 0.0484375 0.0125
3 0.2515625 0.85625 0.0171875 0.0140625
3 0.0515625 0.8578125 0.01875 0.0109375
3 0.2890625 0.8578125 0.015625 0.0140625
14 0.3453125 0.85625 0.075 0.0109375
3 0.409375 0.8578125 0.015625 0.0140625
3 0.784375 0.85625 0.0203125 0.015625
14 0.809375 0.85625 0.0234375 0.0125
14 0.85625 0.85625 0.0390625 0.0171875
14 0.9078125 0.8546875 0.0296875 0.0140625
3 0.9484375 0.85625 0.01875 0.00625
5 0.2609375 0.325 0.4390625 0.184375
5 0.7390625 0.3234375 0.4390625 0.184375
14 0.228125 0.190625 0.334375 0.0390625
14 0.7046875 0.1890625 0.33125 0.040625
14 0.7390625 0.1453125 0.3984375 0.015625
14 0.253125 0.1453125 0.3859375 0.0140625