3 0.025 0.1546875 0.01875 0.021875
5 0.125 0.15625 0.1484375 0.0421875
6 0.4078125 0.1546875 0.39375 0.04375
1 0.58125 0.1546875 0.040625 0.0359375
12 0.275 0.1546875 0.121875 0.0390625
14 0.2703125 0.1546875 0.0890625 0.01875
3 0.325 0.1546875 0.0078125 0.009375
12 0.6703125 0.1515625 0.11875 0.0359375
14 0.6640625 0.153125 0.0984375 0.03125
3 0.7234375 0.1609375 0.0109375 0.0078125
14 0.771875 0.153125 0.0515625 0.0328125
12 0.840625 0.153125 0.0671875 0.0375
14 0.8359375 0.153125 0.04375 0.0296875
3 0.8625 0.1609375 0.0125 0.0109375
5 0.90625 0.1546875 0.040625 0.0328125
14 0.95 0.1625 0.05 0.0171875
11 0.671875 0.2203125 0.1515625 0.084375
15 0.671875 0.2109375 0.0984375 0.0328125
14 0.646875 0.24375 0.0734375 0.0140625
7 0.709375 0.24375 0.0453125 0.0125
14 0.8609375 0.203125 0.21875 0.0234375
9 0.3765625 0.203125 0.3359375 0.040625
14 0.24375 0.203125 0.05625 0.0171875
14 0.334375 0.2015625 0.084375 0.015625
14 0.4625 0.203125 0.1421875 0.0171875
14 0.109375 0.2046875 0.1453125 0.0296875
3 0.025 0.203125 0.01875 0.021875
14 0.309375 0.2484375 0.578125 0.021875
5 0.5 0.3890625 0.996875 0.2421875
3 0.0375 0.3875 0.0265625 0.04375
3 0.9625 0.3890625 0.0234375 0.040625
14 0.5015625 0.5328125 0.6484375 0.0265625
7 0.7875 0.53125 0.0765625 0.01875
14 0.1546875 0.6140625 0.23125 0.0484375
14 0.49375 0.615625 0.2546875 0.05
5 0.828125 0.6671875 0.29375 0.1984375
5 0.5 0.7625 0.2671875 0.221875
5 0.1734375 0.7625 0.2671875 0.2234375
14 0.8109375 0.865625 0.23125 0.0171875
14 0.909375 0.821875 0.096875 0.0125
3 0.9671875 0.8234375 0.0140625 0.0125