3 0.9734375 0.15625 0.0234375 0.0265625
5 0.8734375 0.153125 0.1484375 0.034375
6 0.6 0.15625 0.3671875 0.040625
1 0.4375 0.1546875 0.0390625 0.0359375
12 0.703125 0.1546875 0.1578125 0.0328125
14 0.7078125 0.1546875 0.1328125 0.0171875
3 0.634375 0.1546875 0.009375 0.0109375
12 0.3453125 0.1546875 0.125 0.0390625
14 0.353125 0.153125 0.1015625 0.028125
3 0.290625 0.1625 0.0109375 0.0078125
14 0.2328125 0.1546875 0.071875 0.03125
12 0.153125 0.1546875 0.071875 0.040625
14 0.159375 0.153125 0.040625 0.028125
3 0.1296875 0.1609375 0.0046875 0.0078125
5 0.0890625 0.153125 0.0375 0.0359375
14 0.046875 0.1609375 0.0375 0.0125
9 0.621875 0.203125 0.334375 0.0359375
14 0.7328125 0.203125 0.1015625 0.0171875
14 0.6203125 0.2015625 0.084375 0.0125
14 0.5421875 0.2015625 0.034375 0.0140625
14 0.48125 0.203125 0.0546875 0.0109375
11 0.34375 0.2203125 0.2171875 0.08125
15 0.34375 0.2109375 0.1703125 0.0328125
14 0.38125 0.2421875 0.115625 0.0140625
7 0.2828125 0.24375 0.06875 0.015625
14 0.9046875 0.209375 0.115625 0.0125
14 0.95 0.1953125 0.021875 0.0109375
3 0.975 0.2015625 0.0140625 0.0171875
5 0.5 0.340625 0.9921875 0.2390625
3 0.9609375 0.3421875 0.0265625 0.0390625
3 0.0359375 0.34375 0.0234375 0.040625
5 0.896875 0.5984375 0.1265625 0.1015625
5 0.75625 0.5984375 0.1296875 0.0984375
5 0.5 0.6703125 0.26875 0.2953125
5 0.896875 0.74375 0.1265625 0.0984375
5 0.75625 0.7421875 0.1265625 0.0984375
14 0.90625 0.6578125 0.103125 0.0078125
14 0.7578125 0.665625 0.1265625 0.025
14 0.9 0.8125 0.1234375 0.03125
14 0.7625 0.8046875 0.1171875 0.0109375
7 0.89375 0.846875 0.134375 0.0140625
7 0.5984375 0.846875 0.0703125 0.009375
15 0.171875 0.8328125 0.2671875 0.0328125
14 0.1828125 0.7765625 0.246875 0.04375
5 0.1703125 0.628125 0.1734375 0.1078125
14 0.1 0.71875 0.1140625 0.009375
3 0.0328125 0.7203125 0.0140625 0.015625
14 0.1765625 0.6953125 0.0859375 0.0171875
14 0.1703125 0.5265625 0.2796875 0.0859375
14 0.5484375 0.5015625 0.16875 0.0203125
14 0.8265625 0.5140625 0.2671875 0.0484375
14 0.134375 0.203125 0.2015625 0.01875
3 0.01875 0.203125 0.0203125 0.0296875