9 0.3328125 0.2015625 0.2796875 0.0375
14 0.2578125 0.2015625 0.084375 0.0125
14 0.334375 0.2015625 0.034375 0.0109375
14 0.4109375 0.203125 0.08125 0.0109375
14 0.046875 0.1953125 0.01875 0.0109375
14 0.1078125 0.2109375 0.140625 0.0140625
3 0.0234375 0.203125 0.01875 0.0203125
15 0.634375 0.2109375 0.1171875 0.03125
14 0.634375 0.24375 0.1375 0.0109375
14 0.85625 0.20625 0.275 0.0203125
0 0.5 0.546875 0.9984375 0.65
3 0.9625 0.34375 0.01875 0.034375
3 0.0359375 0.34375 0.01875 0.0375
14 0.446875 0.4984375 0.1609375 0.015625
14 0.7578125 0.5 0.1296875 0.015625
14 0.7546875 0.7734375 0.1234375 0.0171875
14 0.8125 0.809375 0.2375 0.0328125
14 0.7421875 0.8484375 0.0984375 0.0140625
14 0.396875 0.8484375 0.0625 0.0109375
14 0.065625 0.8484375 0.0546875 0.0125
14 0.1234375 0.5015625 0.165625 0.01875
5 0.103125 0.5796875 0.125 0.1140625
5 0.24375 0.5796875 0.1265625 0.1140625
5 0.24375 0.7375 0.1265625 0.1140625
5 0.1015625 0.7359375 0.1265625 0.1140625
14 0.065625 0.6453125 0.0515625 0.0125
14 0.21875 0.646875 0.078125 0.0125
14 0.0625 0.8046875 0.0421875 0.0109375
14 0.23125 0.803125 0.1015625 0.0109375
5 0.5015625 0.6703125 0.265625 0.2953125
5 0.828125 0.6375 0.2265625 0.2328125
14 0.09375 0.3015625 0.1796875 0.0265625
14 0.090625 0.3328125 0.1765625 0.0265625
5 0.0765625 0.3890625 0.0671875 0.0421875
1 0.0265625 0.1546875 0.0359375 0.040625
3 0.025 0.1546875 0.0234375 0.0234375
5 0.1203125 0.153125 0.140625 0.0328125
6 0.3984375 0.1546875 0.2390625 0.0359375
12 0.246875 0.153125 0.0609375 0.0375
14 0.2421875 0.1546875 0.0328125 0.0140625
3 0.265625 0.1546875 0.00625 0.0046875
1 0.5421875 0.1546875 0.0453125 0.0359375
3 0.540625 0.1546875 0.0203125 0.0234375
12 0.634375 0.1546875 0.115625 0.0328125
14 0.628125 0.1546875 0.103125 0.0265625
3 0.6875 0.1609375 0.0078125 0.0078125
14 0.7421875 0.153125 0.0625 0.028125
12 0.81875 0.1609375 0.053125 0.0140625
14 0.8265625 0.1453125 0.065625 0.0109375
14 0.8140625 0.1625 0.0359375 0.0140625
3 0.840625 0.1609375 0.00625 0.0078125
3 0.9 0.153125 0.0390625 0.0296875
14 0.9484375 0.1609375 0.0515625 0.0109375
16 0.5 0.1546875 0.996875 0.053125