3 0.975 0.1546875 0.01875 0.021875
5 0.875 0.15625 0.1484375 0.0421875
6 0.5921875 0.1546875 0.39375 0.04375
1 0.41875 0.1546875 0.040625 0.0359375
12 0.725 0.1546875 0.121875 0.0390625
14 0.7296875 0.1546875 0.0890625 0.01875
3 0.675 0.1546875 0.0078125 0.009375
12 0.3296875 0.1515625 0.11875 0.0359375
14 0.3359375 0.153125 0.0984375 0.03125
3 0.2765625 0.1609375 0.0109375 0.0078125
14 0.228125 0.153125 0.0515625 0.0328125
12 0.159375 0.153125 0.0671875 0.0375
14 0.1640625 0.153125 0.04375 0.0296875
3 0.1375 0.1609375 0.0125 0.0109375
5 0.09375 0.1546875 0.040625 0.0328125
14 0.05 0.1625 0.05 0.0171875
11 0.328125 0.2203125 0.1515625 0.084375
15 0.328125 0.2109375 0.0984375 0.0328125
14 0.353125 0.24375 0.0734375 0.0140625
7 0.290625 0.24375 0.0453125 0.0125
14 0.1390625 0.203125 0.21875 0.0234375
9 0.6234375 0.203125 0.3359375 0.040625
14 0.75625 0.203125 0.05625 0.0171875
14 0.665625 0.2015625 0.084375 0.015625
14 0.5375 0.203125 0.1421875 0.0171875
14 0.890625 0.2046875 0.1453125 0.0296875
3 0.975 0.203125 0.01875 0.021875
14 0.690625 0.2484375 0.578125 0.021875
5 0.5 0.3890625 0.996875 0.2421875
3 0.9625 0.3875 0.0265625 0.04375
3 0.0375 0.3890625 0.0234375 0.040625
14 0.4984375 0.5328125 0.6484375 0.0265625
7 0.2125 0.53125 0.0765625 0.01875
14 0.8453125 0.6140625 0.23125 0.0484375
14 0.50625 0.615625 0.2546875 0.05
5 0.171875 0.6671875 0.29375 0.1984375
5 0.5 0.7625 0.2671875 0.221875
5 0.8265625 0.7625 0.2671875 0.2234375
14 0.1890625 0.865625 0.23125 0.0171875
14 0.090625 0.821875 0.096875 0.0125
3 0.0328125 0.8234375 0.0140625 0.0125