9 0.375 0.7984375 0.4203125 0.034375
14 0.25 0.7984375 0.06875 0.0125
14 0.3375 0.7984375 0.06875 0.0109375
14 0.4296875 0.796875 0.078125 0.0140625
14 0.5046875 0.7984375 0.0359375 0.0109375
14 0.0625 0.8046875 0.05 0.0109375
14 0.08125 0.790625 0.0875 0.0125
3 0.0234375 0.796875 0.0171875 0.0203125
14 0.3015625 0.753125 0.56875 0.0140625
0 0.5 0.4296875 0.9984375 0.6046875
3 0.9640625 0.609375 0.01875 0.0359375
3 0.0359375 0.609375 0.0203125 0.0359375
14 0.5015625 0.6453125 0.3328125 0.025
5 0.4984375 0.6 0.21875 0.0328125
14 0.5 0.46875 0.6078125 0.0109375
14 0.159375 0.3953125 0.2375 0.01875
14 0.4921875 0.384375 0.2515625 0.040625
14 0.928125 0.1765625 0.0609375 0.009375
3 0.9671875 0.1765625 0.0125 0.0109375
14 0.7921875 0.134375 0.196875 0.015625
5 0.828125 0.309375 0.2921875 0.24375
5 0.5015625 0.2375 0.265625 0.221875
5 0.1734375 0.25 0.26875 0.246875
14 0.8734375 0.7953125 0.1484375 0.0203125
14 0.765625 0.796875 0.0390625 0.0171875
15 0.6671875 0.790625 0.109375 0.03125
14 0.665625 0.7578125 0.13125 0.009375
5 0.115625 0.846875 0.134375 0.0328125
1 0.025 0.8453125 0.0359375 0.0390625
3 0.0265625 0.84375 0.01875 0.0234375
6 0.40625 0.8453125 0.2890625 0.0359375
12 0.2390625 0.8453125 0.0453125 0.040625
14 0.234375 0.8453125 0.015625 0.0125
3 0.246875 0.846875 0.0078125 0.00625
1 0.5734375 0.8453125 0.040625 0.0390625
3 0.571875 0.8453125 0.01875 0.0203125
12 0.66875 0.846875 0.11875 0.0265625
14 0.659375 0.8453125 0.103125 0.028125
3 0.7203125 0.8390625 0.0078125 0.00625
14 0.771875 0.846875 0.059375 0.028125
12 0.846875 0.846875 0.053125 0.0265625
14 0.840625 0.8453125 0.0375 0.025
3 0.86875 0.8390625 0.0078125 0.0078125
3 0.9109375 0.8453125 0.0359375 0.0296875
14 0.953125 0.8390625 0.04375 0.015625
16 0.4984375 0.8453125 0.9953125 0.0578125