16 0.5 0.1546875 0.996875 0.05625
14 0.8390625 0.515625 0.2484375 0.0484375
14 0.5625 0.4984375 0.14375 0.01875
14 0.209375 0.7765625 0.1953125 0.05
14 0.5984375 0.8484375 0.0765625 0.015625
14 0.8546875 0.85 0.215625 0.015625
5 0.825 0.6828125 0.275 0.2734375
5 0.5 0.66875 0.275 0.3046875
5 0.171875 0.5875 0.2921875 0.2453125
5 0.903125 0.153125 0.1 0.03125
7 0.8609375 0.1640625 0.05 0.0125
14 0.7671875 0.1546875 0.0140625 0.0109375
3 0.753125 0.1546875 0.009375 0.00625
14 0.7515625 0.203125 0.0671875 0.0109375
14 0.646875 0.2015625 0.1015625 0.0125
14 0.5375 0.203125 0.0828125 0.0125
3 0.490625 0.15625 0.021875 0.0234375
14 0.45 0.203125 0.0578125 0.0125
14 0.3421875 0.24375 0.1328125 0.0125
14 0.340625 0.2109375 0.0390625 0.0125
15 0.340625 0.2109375 0.1109375 0.0328125
14 0.3640625 0.146875 0.06875 0.0125
14 0.346875 0.1609375 0.1046875 0.0109375
3 0.2875 0.1609375 0.00625 0.00625
3 0.440625 0.1625 0.0125 0.0140625
3 0.4265625 0.1609375 0.0078125 0.0046875
14 0.4421875 0.146875 0.0171875 0.0109375
14 0.2328125 0.153125 0.0609375 0.028125
14 0.24375 0.2015625 0.0328125 0.0125
14 0.1546875 0.1609375 0.0625 0.0140625
14 0.0390625 0.1609375 0.028125 0.0140625
14 0.1078125 0.203125 0.18125 0.015625
5 0.071875 0.153125 0.0390625 0.03125
3 0.9765625 0.203125 0.0171875 0.0203125
14 0.896875 0.203125 0.1328125 0.028125
14 0.171875 0.834375 0.0921875 0.0140625
15 0.1734375 0.834375 0.26875 0.03125
0 0.4984375 0.515625 0.9953125 0.584375
6 0.6265625 0.153125 0.228125 0.040625
3 0.1140625 0.159375 0.00625 0.0046875
1 0.975 0.1546875 0.0375 0.0390625
3 0.975 0.1546875 0.0203125 0.0203125
9 0.4984375 0.2046875 0.9953125 0.0390625
11 0.3390625 0.2234375 0.159375 0.08125
14 0.071875 0.71875 0.059375 0.0109375
3 0.0390625 0.3453125 0.028125 0.0390625
3 0.9625 0.34375 0.028125 0.0390625
3 0.0328125 0.7203125 0.0140625 0.0109375
12 0.7625 0.1546875 0.0421875 0.0390625
1 0.4921875 0.1546875 0.040625 0.0359375