14 0.78125 0.6765625 0.2140625 0.0546875
14 0.7171875 0.63125 0.334375 0.01875
15 0.7859375 0.5890625 0.1953125 0.04375
14 0.7859375 0.5875 0.14375 0.0203125
5 0.225 0.634375 0.446875 0.3484375
14 0.434375 0.3890625 0.29375 0.03125
5 0.434375 0.278125 0.1390625 0.1359375
5 0.0640625 0.2765625 0.125 0.134375
5 0.809375 0.2765625 0.1625 0.1328125
14 0.809375 0.1796875 0.1125 0.0203125
14 0.434375 0.1796875 0.078125 0.0203125
14 0.0546875 0.1796875 0.1078125 0.0203125
14 0.8109375 0.1484375 0.2421875 0.0359375
14 0.4328125 0.1484375 0.2234375 0.0390625
14 0.0921875 0.1484375 0.18125 0.040625