3 0.5203125 0.7265625 0.0125 0.0171875
5 0.2359375 0.68125 0.0328125 0.15625
3 0.7421875 0.9296875 0.0265625 0.01875
3 0.671875 0.928125 0.0203125 0.0203125
3 0.328125 0.9296875 0.0265625 0.0296875
3 0.25625 0.928125 0.0265625 0.025
5 0.584375 0.85625 0.0390625 0.040625
5 0.475 0.85625 0.04375 0.0296875
3 0.365625 0.8578125 0.0328125 0.0375
14 0.540625 0.925 0.1921875 0.021875
6 0.5375 0.928125 0.3328125 0.0546875
14 0.709375 0.8546875 0.075 0.0203125
14 0.2484375 0.85625 0.059375 0.015625
14 0.5 0.790625 0.2734375 0.01875
14 0.4546875 0.725 0.109375 0.0109375
14 0.4640625 0.6859375 0.2703125 0.01875
14 0.4625 0.6421875 0.05625 0.0140625
5 0.703125 0.68125 0.084375 0.0703125
10 0.5 0.58125 0.0375 0.009375
14 0.278125 0.5078125 0.084375 0.0140625
14 0.7171875 0.509375 0.0953125 0.015625
5 0.690625 0.403125 0.1359375 0.128125
5 0.6375 0.121875 0.2609375 0.24375
5 0.3625 0.121875 0.2609375 0.24375
14 0.725 0.271875 0.075 0.01875
17 0.5 0.9828125 0.5609375 0.0328125