14 0.271875 0.5546875 0.0609375 0.0171875
14 0.4796875 0.55625 0.0875 0.0171875
14 0.715625 0.5546875 0.053125 0.0171875
5 0.271875 0.6375 0.1046875 0.1125
5 0.44375 0.6375 0.2015625 0.1140625
5 0.6640625 0.6375 0.2015625 0.1125
14 0.6421875 0.4515625 0.23125 0.0296875
14 0.5 0.371875 0.2640625 0.0203125
14 0.4984375 0.325 0.125 0.0171875
14 0.63125 0.2421875 0.2546875 0.0296875
14 0.5 0.1640625 0.2578125 0.0203125
14 0.715625 0.021875 0.1 0.0171875
3 0.271875 0.0375 0.025 0.0171875
3 0.38125 0.0375 0.0265625 0.025
3 0.4875 0.0375 0.0296875 0.0234375
3 0.596875 0.0390625 0.025 0.025
3 0.715625 0.05 0.028125 0.028125
14 0.7109375 0.740625 0.09375 0.025
14 0.5375 0.834375 0.2875 0.053125
17 0.5 0.9828125 0.5609375 0.0328125
14 0.6921875 0.928125 0.1296875 0.021875
3 0.73125 0.840625 0.0546875 0.0546875