3 0.2625 0.934375 0.0078125 0.0265625
3 0.6875 0.9328125 0.021875 0.025
3 0.7421875 0.934375 0.0234375 0.0234375
14 0.5859375 0.93125 0.1546875 0.0234375
14 0.3421875 0.9328125 0.0625 0.0171875
5 0.49375 0.8296875 0.178125 0.053125
14 0.59375 0.753125 0.065625 0.0171875
14 0.403125 0.753125 0.08125 0.0171875
15 0.5 0.671875 0.3390625 0.05
15 0.5 0.5953125 0.3390625 0.05
14 0.4984375 0.53125 0.0234375 0.0140625
6 0.5 0.46875 0.3078125 0.0328125
14 0.63125 0.478125 0.0390625 0.0140625
6 0.5 0.36875 0.3078125 0.0328125
14 0.603125 0.3765625 0.0953125 0.0171875
14 0.56875 0.303125 0.165625 0.015625
15 0.3984375 0.225 0.1046875 0.05
2 0.6421875 0.234375 0.021875 0.021875
14 0.565625 0.234375 0.1046875 0.0125
14 0.5 0.16875 0.2875 0.0125
14 0.4984375 0.13125 0.3453125 0.0125
17 0.5 0.9828125 0.5609375 0.0328125