14 0.3109375 0.4 0.140625 0.0234375
14 0.565625 0.3984375 0.0984375 0.01875
14 0.5609375 0.7234375 0.090625 0.0203125
14 0.2859375 0.7234375 0.090625 0.0203125
5 0.3640625 0.8828125 0.2609375 0.2328125
5 0.6375 0.8828125 0.2609375 0.2328125
5 0.6375 0.571875 0.2609375 0.2609375
5 0.3640625 0.571875 0.2609375 0.2625
5 0.6375 0.2453125 0.2609375 0.2609375
5 0.3640625 0.2453125 0.2609375 0.2609375
3 0.25 0.0640625 0.034375 0.034375
5 0.5 0.0671875 0.14375 0.034375
15 0.71875 0.0640625 0.1109375 0.03125
17 0.5 0.0171875 0.5609375 0.03125