14 0.3015625 0.5078125 0.1078125 0.0265625
14 0.3359375 0.609375 0.175 0.021875
14 0.3078125 0.709375 0.1171875 0.021875
14 0.584375 0.4078125 0.1296875 0.0203125
14 0.3140625 0.409375 0.13125 0.0203125
6 0.5 0.8359375 0.5078125 0.034375
14 0.365625 0.075 0.09375 0.0265625
14 0.503125 0.1515625 0.403125 0.0234375
14 0.5 0.33125 0.1671875 0.01875
14 0.5 0.915625 0.4296875 0.015625
15 0.49921875 0.96171875 0.5609375 0.0765625
14 0.4375 0.8328125 0.3765625 0.028125
6 0.5 0.7140625 0.5078125 0.0328125
6 0.5 0.615625 0.5078125 0.0328125
6 0.5 0.5109375 0.5078125 0.0328125
6 0.365625 0.4140625 0.2375 0.03125
6 0.634375 0.4140625 0.2375 0.03125
3 0.7265625 0.83125 0.0140625 0.0078125
3 0.7359375 0.709375 0.034375 0.0234375
3 0.721875 0.1484375 0.0140625 0.0078125
5 0.2765625 0.146875 0.025 0.025
3 0.2578125 0.071875 0.0203125 0.0203125
3 0.35 0.2203125 0.025 0.028125
15 0.5 0.221875 0.5171875 0.05
15 0.5 0.2765625 0.5171875 0.05
17 0.5 0.0171875 0.5609375 0.0328125