14 0.675 0.765625 0.1625 0.0203125
6 0.5 0.703125 0.51875 0.03125
14 0.7125 0.9265625 0.0921875 0.03125
14 0.6453125 0.8546875 0.0703125 0.0171875
14 0.3640625 0.8546875 0.0921875 0.0171875
14 0.675 0.653125 0.1640625 0.0171875
14 0.584375 0.59375 0.346875 0.021875
14 0.6125 0.5625 0.25 0.01875
14 0.6046875 0.53125 0.265625 0.01875
14 0.646875 0.5015625 0.1796875 0.01875
14 0.6125 0.4703125 0.2484375 0.01875
14 0.3 0.5390625 0.1125 0.04375
14 0.321875 0.475 0.1484375 0.0171875
15 0.5 0.05625 0.5328125 0.078125
5 0.3765625 0.540625 0.0296875 0.046875
3 0.75 0.56875 0.0140625 0.0140625
3 0.7515625 0.5375 0.0140625 0.0140625
3 0.75 0.50625 0.0140625 0.0140625
3 0.75 0.4765625 0.0140625 0.0140625
3 0.2515625 0.928125 0.0203125 0.0203125
6 0.5 0.759375 0.51875 0.03125
17 0.5 0.9828125 0.5609375 0.0328125