17 0.5 0.9828125 0.5609375 0.0328125
14 0.275 0.0078125 0.0484375 0.0140625
14 0.3875 0.0078125 0.053125 0.0109375
14 0.5 0.0078125 0.0609375 0.0140625
14 0.6125 0.0078125 0.0609375 0.0140625
14 0.7265625 0.009375 0.0421875 0.0125
3 0.7265625 0.040625 0.028125 0.0296875
3 0.6125 0.0390625 0.040625 0.03125
3 0.5015625 0.040625 0.0328125 0.03125
3 0.3875 0.0390625 0.0359375 0.0328125
3 0.275 0.040625 0.0359375 0.0359375
3 0.7421875 0.934375 0.034375 0.028125
14 0.5 0.384375 0.3703125 0.0265625
5 0.5 0.5890625 0.25625 0.2640625