14 0.5 0.9015625 0.25 0.028125
14 0.3140625 0.725 0.0953125 0.0171875
14 0.5 0.7125 0.09375 0.0421875
14 0.6890625 0.7109375 0.0921875 0.0453125
14 0.6890625 0.5421875 0.0828125 0.021875
14 0.5015625 0.5421875 0.0765625 0.021875
14 0.3140625 0.54375 0.103125 0.0171875
14 0.3125 0.3515625 0.140625 0.040625
14 0.5 0.353125 0.140625 0.0421875
3 0.5 0.040625 0.0328125 0.0328125
5 0.5 0.428125 0.0578125 0.0578125
5 0.3125 0.428125 0.05625 0.0703125
5 0.3125 0.609375 0.065625 0.0421875
5 0.5 0.609375 0.053125 0.053125
3 0.6875 0.609375 0.05625 0.0546875
3 0.6875 0.7890625 0.0515625 0.05
3 0.5 0.7890625 0.0578125 0.046875
3 0.3125 0.7890625 0.046875 0.059375
17 0.5 0.9828125 0.5609375 0.0328125