14 0.4 0.071875 0.1609375 0.025
14 0.3390625 0.528125 0.19375 0.028125
14 0.35625 0.5953125 0.2265625 0.028125
14 0.365625 0.6625 0.2453125 0.028125
14 0.2890625 0.9796875 0.05 0.0140625
14 0.4296875 0.98125 0.090625 0.01875
14 0.5703125 0.9796875 0.0546875 0.0140625
14 0.7109375 0.978125 0.0296875 0.015625
3 0.7109375 0.95 0.028125 0.028125
3 0.5703125 0.95 0.01875 0.028125
3 0.4296875 0.95 0.028125 0.0265625
3 0.290625 0.95 0.025 0.025
3 0.7328125 0.659375 0.0140625 0.0078125
3 0.2578125 0.0703125 0.028125 0.0203125
5 0.5 0.3015625 0.5609375 0.3828125
17 0.5 0.0171875 0.5609375 0.0328125