17 0.5 0.0171875 0.5609375 0.0328125
15 0.5 0.759375 0.2625 0.0625
14 0.5 0.65625 0.321875 0.0546875
14 0.5015625 0.5875 0.3140625 0.0359375
5 0.5 0.3828125 0.121875 0.2203125
14 0.5 0.14375 0.0671875 0.0203125
14 0.3125 0.140625 0.078125 0.0171875
14 0.6875 0.14375 0.0828125 0.021875
14 0.740625 0.071875 0.034375 0.0125
14 0.325 0.0703125 0.153125 0.021875
14 0.290625 0.978125 0.0578125 0.015625
3 0.290625 0.9484375 0.0234375 0.0234375
3 0.4296875 0.9484375 0.0265625 0.025
14 0.43125 0.978125 0.0515625 0.0171875
14 0.571875 0.978125 0.075 0.015625
14 0.7125 0.978125 0.0578125 0.015625
5 0.571875 0.9484375 0.03125 0.0203125
3 0.7109375 0.946875 0.0328125 0.034375