6 0.5 0.6625 0.51875 0.034375
14 0.3015625 0.5140625 0.1078125 0.0265625
6 0.5 0.5171875 0.5078125 0.0359375
14 0.4046875 0.0765625 0.1734375 0.0296875
14 0.4859375 0.171875 0.4875 0.0609375
14 0.4671875 0.2640625 0.4515625 0.053125
14 0.421875 0.4375 0.359375 0.025
14 0.48125 0.7375 0.4921875 0.0328125
14 0.33125 0.5875 0.18125 0.025
14 0.271875 0.65625 0.0625 0.021875
3 0.7328125 0.65625 0.0140625 0.0078125
15 0.5 0.340625 0.51875 0.0515625
3 0.25625 0.071875 0.0234375 0.0234375
17 0.5 0.0140625 0.5609375 0.0265625