14 0.3 0.7859375 0.1046875 0.01875
14 0.3484375 0.659375 0.2 0.01875
3 0.5 0.071875 0.015625 0.0171875
3 0.7265625 0.7875 0.03125 0.0265625
14 0.5 0.1078125 0.0765625 0.0171875
14 0.340625 0.371875 0.1984375 0.021875
14 0.484375 0.4265625 0.4875 0.021875
14 0.5 0.58125 0.1875 0.021875
14 0.6609375 0.965625 0.1953125 0.0171875
15 0.5 0.9 0.5171875 0.0640625
6 0.5 0.7921875 0.5078125 0.0359375
6 0.5 0.665625 0.5078125 0.0296875
15 0.365625 0.503125 0.2484375 0.0640625
15 0.634375 0.503125 0.2484375 0.0640625
5 0.28125 0.2796875 0.0828125 0.0828125
17 0.5 0.0171875 0.5609375 0.0328125