17 0.5 0.9828125 0.5609375 0.0328125
3 0.2578125 0.928125 0.0125 0.021875
14 0.35 0.84375 0.2171875 0.0328125
14 0.65625 0.8453125 0.2109375 0.0203125
14 0.4765625 0.7953125 0.471875 0.021875
6 0.5 0.7234375 0.5203125 0.0609375
14 0.4671875 0.721875 0.4140625 0.0296875
6 0.5 0.646875 0.5203125 0.0609375
14 0.29375 0.646875 0.0640625 0.021875
6 0.5 0.571875 0.5203125 0.0609375
14 0.31875 0.571875 0.115625 0.021875
14 0.5 0.5046875 0.5125 0.0390625
14 0.49375 0.440625 0.384375 0.0484375
2 0.259375 0.44375 0.040625 0.0390625
15 0.5 0.3625 0.521875 0.0765625