14 0.503125 0.071875 0.2015625 0.01875
5 0.6296875 0.896875 0.2484375 0.028125
5 0.371875 0.896875 0.2484375 0.028125
5 0.725 0.85625 0.059375 0.059375
3 0.7453125 0.48125 0.0203125 0.0203125
3 0.4859375 0.4796875 0.0203125 0.0203125
3 0.4859375 0.8546875 0.0203125 0.0203125
5 0.6296875 0.259375 0.2484375 0.2484375
14 0.56875 0.4796875 0.1234375 0.01875
14 0.609375 0.425 0.2078125 0.046875
5 0.6296875 0.6328125 0.2484375 0.2484375
14 0.59375 0.8 0.175 0.0453125
14 0.575 0.853125 0.1359375 0.0171875
14 0.315625 0.853125 0.1359375 0.01875
3 0.3328125 0.071875 0.0359375 0.0234375
14 0.725 0.990625 0.059375 0.0171875
14 0.6125 0.9875 0.0875 0.0140625
14 0.5 0.9875 0.0328125 0.0140625
14 0.3890625 0.9890625 0.040625 0.0125
14 0.2765625 0.9875 0.0671875 0.0125
3 0.275 0.959375 0.0328125 0.0328125
3 0.3875 0.959375 0.021875 0.028125
3 0.5 0.959375 0.0328125 0.0328125
3 0.6125 0.959375 0.0328125 0.0328125
3 0.725 0.959375 0.028125 0.028125
14 0.3609375 0.8 0.2265625 0.046875
5 0.371875 0.6328125 0.2484375 0.246875
14 0.309375 0.4796875 0.125 0.01875
14 0.340625 0.425 0.1875 0.046875
3 0.278125 0.071875 0.0234375 0.0234375
6 0.534375 0.071875 0.3140625 0.0609375
3 0.734375 0.075 0.0328125 0.0359375
3 0.646875 0.071875 0.08125 0.0515625
17 0.5 0.0171875 0.5609375 0.0328125
5 0.371875 0.259375 0.2484375 0.2484375