14 0.4375 0.925 0.2390625 0.0234375
14 0.5 0.775 0.428125 0.0203125
14 0.325 0.6453125 0.1828125 0.01875
14 0.375 0.59375 0.24375 0.0234375
14 0.403125 0.5296875 0.29375 0.01875
14 0.3515625 0.4625 0.196875 0.0234375
14 0.3171875 0.4 0.1265625 0.01875
14 0.3453125 0.33125 0.1828125 0.025
14 0.3890625 0.26875 0.2671875 0.01875
14 0.3203125 0.2 0.13125 0.025
14 0.34375 0.1375 0.1765625 0.01875
14 0.31875 0.06875 0.1296875 0.0234375
14 0.3296875 0.0078125 0.15 0.015625
3 0.7484375 0.928125 0.0234375 0.025
3 0.2578125 0.928125 0.021875 0.021875
5 0.5 0.775 0.5328125 0.190625
17 0.5 0.9828125 0.5609375 0.0328125