14 0.34375 0.08125 0.09375 0.03125
14 0.3265625 0.15625 0.053125 0.01875
14 0.4 0.1765625 0.2 0.0125
14 0.325 0.2203125 0.05 0.015625
14 0.3671875 0.2421875 0.134375 0.0125
14 0.346875 0.2859375 0.09375 0.015625
14 0.3765625 0.309375 0.1546875 0.015625
14 0.334375 0.353125 0.06875 0.01875
14 0.3875 0.375 0.1765625 0.015625
14 0.4171875 0.41875 0.23125 0.01875
14 0.4046875 0.440625 0.203125 0.015625
14 0.35 0.484375 0.0984375 0.01875
14 0.384375 0.50625 0.1671875 0.015625
14 0.35 0.55 0.103125 0.01875
14 0.4140625 0.571875 0.2296875 0.015625
14 0.365625 0.615625 0.13125 0.0171875
14 0.440625 0.6375 0.2828125 0.015625
14 0.2796875 0.715625 0.0765625 0.021875
14 0.2875 0.778125 0.0890625 0.0171875
14 0.334375 0.84375 0.1859375 0.0171875
14 0.3078125 0.9125 0.13125 0.021875
3 0.259375 0.6234375 0.0296875 0.025
5 0.259375 0.5578125 0.034375 0.025
3 0.259375 0.4921875 0.0375 0.034375
3 0.2609375 0.428125 0.0328125 0.0234375
3 0.259375 0.3609375 0.0328125 0.028125
5 0.259375 0.2953125 0.0328125 0.0203125
5 0.259375 0.2296875 0.0328125 0.0171875
5 0.259375 0.1640625 0.03125 0.0328125
3 0.2640625 0.078125 0.0453125 0.04375
11 0.45625 0.5171875 0.4734375 0.965625
17 0.5 0.0171875 0.5609375 0.0328125