5 0.575 0.1 0.3828125 0.0703125
5 0.2953125 0.1015625 0.1515625 0.0703125
14 0.2625 0.175 0.0625 0.015625
14 0.65625 0.178125 0.2203125 0.03125
14 0.65 0.6546875 0.2109375 0.04375
3 0.24375 0.2703125 0.0109375 0.01875
3 0.24375 0.3390625 0.0109375 0.01875
14 0.646875 0.265625 0.103125 0.0203125
14 0.6328125 0.3375 0.134375 0.015625
5 0.7421875 0.2703125 0.0375 0.028125
5 0.7421875 0.340625 0.0390625 0.0328125
3 0.24375 0.409375 0.0125 0.0203125
3 0.24375 0.478125 0.0109375 0.0203125
3 0.24375 0.55 0.0125 0.0203125
14 0.665625 0.40625 0.0703125 0.021875
14 0.625 0.475 0.1484375 0.0203125
14 0.628125 0.5453125 0.1453125 0.0203125
3 0.74375 0.409375 0.0359375 0.0203125
5 0.74375 0.48125 0.0265625 0.025
3 0.74375 0.55 0.03125 0.0265625
14 0.7234375 0.00703125 0.046875 0.0140625
14 0.6125 0.0078125 0.053125 0.0109375
14 0.4984375 0.0078125 0.059375 0.0140625
14 0.3859375 0.0078125 0.0609375 0.0140625
14 0.275 0.009375 0.0421875 0.0125
3 0.275 0.0390625 0.0296875 0.0296875
3 0.3875 0.0390625 0.0421875 0.03125
3 0.4984375 0.040625 0.0328125 0.0328125
3 0.6125 0.040625 0.0359375 0.034375
3 0.725 0.040625 0.0359375 0.0359375
3 0.253125 0.93125 0.03125 0.0296875
3 0.321875 0.9296875 0.0390625 0.0296875
14 0.690625 0.9296875 0.075 0.021875
3 0.746875 0.928125 0.03125 0.0265625
5 0.5 0.784375 0.5609375 0.3625
17 0.5 0.9828125 0.5609375 0.0328125