14 0.5 0.9859375 0.11875 0.015625
14 0.5 0.9546875 0.18125 0.01875
14 0.6953125 0.8390625 0.1125 0.025
14 0.7078125 0.74375 0.0890625 0.01875
14 0.6734375 0.65 0.15625 0.01875
14 0.6609375 0.559375 0.1828125 0.025
14 0.6140625 0.4671875 0.2765625 0.025
14 0.725 0.3921875 0.05625 0.0140625
14 0.728125 0.303125 0.0484375 0.01875
14 0.7171875 0.2125 0.0703125 0.025
14 0.715625 0.140625 0.0734375 0.01875
3 0.2515625 0.071875 0.0296875 0.03125
3 0.31875 0.071875 0.0328125 0.0328125
3 0.384375 0.071875 0.0234375 0.025
14 0.6609375 0.071875 0.0390625 0.0203125
3 0.7421875 0.071875 0.021875 0.021875
17 0.5 0.0140625 0.5609375 0.025