14 0.409375 0.1 0.1765625 0.0265625
14 0.2734375 0.9 0.0640625 0.01875
14 0.2953125 0.8484375 0.1078125 0.046875
3 0.4734375 0.834375 0.028125 0.0234375
5 0.365625 0.684375 0.246875 0.2484375
14 0.54375 0.8984375 0.0640625 0.01875
14 0.59375 0.8484375 0.1640625 0.046875
3 0.74375 0.834375 0.028125 0.025
5 0.634375 0.684375 0.246875 0.2484375
14 0.54375 0.5015625 0.0640625 0.0171875
14 0.5640625 0.4515625 0.10625 0.046875
3 0.74375 0.4390625 0.0265625 0.0234375
5 0.6359375 0.2875 0.246875 0.2484375
14 0.275 0.503125 0.0640625 0.01875
14 0.3015625 0.4515625 0.1203125 0.046875
3 0.4734375 0.4375 0.028125 0.025
5 0.365625 0.2875 0.246875 0.2484375
3 0.284375 0.096875 0.0234375 0.0234375
6 0.5 0.096875 0.5171875 0.065625
17 0.5 0.0140625 0.5609375 0.025
3 0.275 0.9625 0.025 0.0234375
3 0.3875 0.9609375 0.0234375 0.0234375
3 0.5 0.9609375 0.028125 0.025
3 0.6109375 0.9625 0.0265625 0.028125
3 0.725 0.9625 0.028125 0.028125