14 0.4984375 0.8078125 0.4640625 0.0578125
14 0.5 0.565625 0.3671875 0.025
14 0.528125 0.1671875 0.353125 0.025
14 0.5 0.08125 0.1234375 0.0203125
14 0.5296875 0.0328125 0.0578125 0.0203125
14 0.43125 0.0328125 0.084375 0.0203125
14 0.321875 0.0328125 0.078125 0.021875
14 0.6328125 0.03125 0.0953125 0.0171875
5 0.7015625 0.03125 0.034375 0.0203125
5 0.5 0.89375 0.4109375 0.05
5 0.5 0.675 0.1375 0.1375
10 0.5 0.509375 0.071875 0.0125
15 0.5 0.253125 0.409375 0.071875
15 0.5 0.346875 0.409375 0.071875
15 0.5 0.440625 0.409375 0.071875
17 0.5 0.9828125 0.5609375 0.0328125