17 0.5 0.0171875 0.5609375 0.0328125
5 0.5 0.0671875 0.14375 0.034375
3 0.25 0.0640625 0.034375 0.034375
15 0.7203125 0.0640625 0.1109375 0.03125
14 0.5734375 0.3953125 0.1125 0.01875
14 0.296875 0.396875 0.1140625 0.0234375
14 0.325 0.7203125 0.16875 0.0203125
14 0.565625 0.7234375 0.1 0.0234375
5 0.3640625 0.56875 0.2609375 0.2609375
5 0.6375 0.56875 0.2609375 0.2609375
5 0.3640625 0.2421875 0.2609375 0.2625
5 0.6390625 0.2421875 0.2609375 0.2625
5 0.3640625 0.88125 0.2609375 0.2359375
5 0.6375 0.88125 0.2609375 0.2359375