5 0.2734375 0.7296875 0.0359375 0.034375
14 0.353125 0.815625 0.2 0.028125
14 0.43125 0.728125 0.2375 0.0171875
14 0.371875 0.64375 0.11875 0.021875
14 0.434375 0.559375 0.24375 0.021875
14 0.4390625 0.4765625 0.253125 0.021875
14 0.365625 0.3921875 0.10625 0.0203125
14 0.3484375 0.309375 0.071875 0.0203125
14 0.453125 0.225 0.278125 0.021875
14 0.41875 0.1421875 0.2109375 0.0203125
14 0.2890625 0.015625 0.04375 0.0125
14 0.43125 0.015625 0.096875 0.0125
14 0.571875 0.0140625 0.0609375 0.015625
14 0.7125 0.015625 0.08125 0.0125
3 0.7109375 0.04375 0.03125 0.03125
3 0.5703125 0.04375 0.03125 0.025
3 0.4296875 0.04375 0.03125 0.028125
3 0.290625 0.04375 0.03125 0.03125
5 0.275 0.1453125 0.03125 0.034375
5 0.275 0.228125 0.04375 0.040625
5 0.2734375 0.3109375 0.0484375 0.0359375
5 0.275 0.3953125 0.0375 0.03125
5 0.275 0.478125 0.034375 0.0375
5 0.2734375 0.5625 0.034375 0.034375
5 0.275 0.6453125 0.0296875 0.0375
3 0.2796875 0.903125 0.025 0.025
14 0.484375 0.9015625 0.3328125 0.0234375
6 0.5 0.903125 0.51875 0.078125
17 0.5 0.9828125 0.5609375 0.0328125