14 0.4046875 0.61875 0.3234375 0.0765625
14 0.3171875 0.9859375 0.025 0.0109375
14 0.5 0.9875 0.0359375 0.0109375
14 0.68125 0.9875 0.0296875 0.0140625
3 0.6828125 0.9625 0.0265625 0.0234375
3 0.5 0.9625 0.0234375 0.0234375
5 0.3171875 0.9625 0.04375 0.025
14 0.4140625 0.871875 0.3453125 0.0703125
14 0.4 0.7984375 0.3109375 0.028125
14 0.4125 0.6953125 0.34375 0.046875
5 0.6921875 0.846875 0.1359375 0.1359375
5 0.690625 0.6421875 0.1375 0.1359375
5 0.6921875 0.4140625 0.1359375 0.1375
14 0.4125 0.478125 0.340625 0.065625
14 0.403125 0.3875 0.31875 0.06875
14 0.5 0.09375 0.475 0.059375
15 0.5 0.2609375 0.265625 0.04375
14 0.5 0.165625 0.4265625 0.0546875
3 0.740625 0.0265625 0.021875 0.0234375