14 0.7140625 0.0671875 0.090625 0.01875
14 0.7046875 0.265625 0.1 0.0265625
14 0.703125 0.3296875 0.084375 0.0234375
14 0.640625 0.35625 0.2078125 0.015625
14 0.61875 0.440625 0.2703125 0.028125
14 0.5421875 0.5046875 0.4015625 0.025
14 0.553125 0.5421875 0.38125 0.0390625
14 0.6078125 0.628125 0.2703125 0.025
14 0.534375 0.65625 0.421875 0.01875
14 0.6609375 0.7296875 0.16875 0.0203125
14 0.5265625 0.809375 0.4359375 0.025
14 0.6703125 0.8921875 0.16875 0.021875
14 0.6875 0.978125 0.090625 0.01875
14 0.5 0.978125 0.040625 0.01875
14 0.3125 0.9765625 0.0671875 0.0140625
3 0.3125 0.953125 0.021875 0.021875
3 0.5 0.953125 0.021875 0.0203125
3 0.6859375 0.953125 0.021875 0.021875
3 0.25625 0.065625 0.0234375 0.028125
15 0.5 0.1484375 0.540625 0.065625
17 0.5 0.0171875 0.5609375 0.0328125