14 0.5015625 0.7625 0.2390625 0.034375
14 0.5 0.61875 0.421875 0.046875
14 0.725 0.975 0.046875 0.009375
14 0.6140625 0.975 0.0515625 0.009375
14 0.5 0.975 0.0609375 0.009375
14 0.3875 0.975 0.0515625 0.009375
14 0.2765625 0.975 0.034375 0.009375
3 0.275 0.9390625 0.0328125 0.0328125
3 0.3875 0.9390625 0.0328125 0.03125
3 0.5 0.9390625 0.03125 0.03125
3 0.6125 0.9390625 0.0328125 0.0328125
3 0.725 0.9390625 0.0328125 0.03125
15 0.5 0.8359375 0.125 0.04375
14 0.5 0.559375 0.2484375 0.0265625
14 0.5015625 0.3640625 0.3421875 0.034375
14 0.5 0.21875 0.3890625 0.0453125
15 0.5 0.4375 0.125 0.0453125
15 0.678125 0.078125 0.1515625 0.065625
15 0.5 0.078125 0.1515625 0.065625
17 0.5 0.0171875 0.5609375 0.0328125
14 0.5 0.1609375 0.3203125 0.025
15 0.321875 0.0796875 0.1515625 0.065625
5 0.5 0.3734375 0.51875 0.215625
5 0.5 0.7609375 0.51875 0.19375