5 0.690625 0.6625 0.1375 0.1375
5 0.690625 0.475 0.1375 0.1375
5 0.690625 0.2890625 0.1375 0.1375
5 0.690625 0.103125 0.1375 0.1375
3 0.2515625 0.2203125 0.0296875 0.025
3 0.2515625 0.034375 0.0296875 0.025
14 0.465625 0.084375 0.259375 0.05625
14 0.428125 0.146875 0.3359375 0.0296875
14 0.4703125 0.2265625 0.246875 0.059375
14 0.4875 0.3125 0.2140625 0.0734375
3 0.2515625 0.59375 0.028125 0.025
3 0.2515625 0.4078125 0.028125 0.025
14 0.41875 0.415625 0.35 0.05625
14 0.421875 0.5 0.34375 0.0734375
14 0.478125 0.6015625 0.234375 0.05625
14 0.4234375 0.6875 0.34375 0.0671875
14 0.684375 0.7828125 0.1453125 0.0234375
15 0.24375 0.8578125 0.0484375 0.04375
15 0.378125 0.85625 0.1765625 0.0453125
15 0.559375 0.8578125 0.1421875 0.04375
15 0.70625 0.85625 0.10625 0.0453125
3 0.7421875 0.928125 0.0234375 0.0171875
14 0.5859375 0.9265625 0.190625 0.0265625
3 0.2515625 0.928125 0.0234375 0.0265625
17 0.5 0.9828125 0.5609375 0.0328125