14 0.5 0.1484375 0.384375 0.01875
14 0.5 0.1875 0.2609375 0.01875
5 0.5 0.8171875 0.1390625 0.1390625
3 0.7484375 0.928125 0.025 0.025
3 0.68125 0.9296875 0.025 0.0296875
14 0.359375 0.928125 0.0796875 0.0203125
3 0.2578125 0.928125 0.0234375 0.0234375
14 0.3734375 0.571875 0.146875 0.0171875
15 0.5 0.309375 0.4125 0.0625
14 0.54375 0.440625 0.0859375 0.015625
14 0.334375 0.3859375 0.078125 0.0203125
14 0.34375 0.4421875 0.0984375 0.015625
14 0.35625 0.5 0.125 0.0203125
14 0.5 0.6546875 0.2453125 0.01875
3 0.7015625 0.684375 0.01875 0.01875
6 0.5 0.5703125 0.4015625 0.040625
11 0.5 0.484375 0.478125 0.478125
17 0.5 0.9828125 0.5609375 0.0328125