14 0.7 0.590625 0.103125 0.0203125
14 0.7234375 0.6609375 0.0578125 0.0203125
14 0.69375 0.7296875 0.115625 0.0171875
14 0.7078125 0.796875 0.0875 0.0140625
6 0.5 0.584375 0.5078125 0.0359375
6 0.5 0.6546875 0.5078125 0.03125
6 0.5 0.7234375 0.5078125 0.0296875
6 0.5 0.790625 0.5078125 0.028125
14 0.625 0.925 0.1125 0.0296875
14 0.5828125 0.85 0.353125 0.025
14 0.6296875 0.509375 0.2546875 0.0234375
14 0.546875 0.4734375 0.365625 0.0203125
14 0.5453125 0.440625 0.3703125 0.0203125
14 0.671875 0.4046875 0.1125 0.0234375
15 0.5 0.3375 0.51875 0.05
3 0.7421875 0.928125 0.0234375 0.0234375
3 0.2734375 0.5890625 0.03125 0.0265625
17 0.5 0.9859375 0.5609375 0.0265625