17 0.5 0.0140625 0.5609375 0.0265625
14 0.3125 0.1046875 0.115625 0.034375
14 0.4875 0.15 0.465625 0.0234375
5 0.4515625 0.3796875 0.3984375 0.409375
3 0.2765625 0.953125 0.0296875 0.03125
3 0.3875 0.953125 0.0328125 0.0296875
5 0.5 0.953125 0.0296875 0.03125
3 0.6109375 0.953125 0.03125 0.0296875
3 0.721875 0.953125 0.0328125 0.0328125
14 0.2765625 0.98125 0.0640625 0.0109375
14 0.3875 0.98125 0.0484375 0.0109375
14 0.5 0.98125 0.0390625 0.0109375
14 0.6125 0.98125 0.0453125 0.0109375
14 0.7234375 0.98125 0.0578125 0.0109375