14 0.5453125 0.9375 0.271875 0.0265625
14 0.50625 0.909375 0.3546875 0.0171875
14 0.309375 0.8421875 0.03125 0.0109375
14 0.496875 0.8421875 0.0453125 0.0109375
14 0.6875 0.840625 0.0390625 0.0125
14 0.578125 0.503125 0.3390625 0.025
14 0.6 0.45625 0.2953125 0.021875
14 0.3109375 0.4609375 0.084375 0.0265625
14 0.3109375 0.034375 0.084375 0.0265625
14 0.6203125 0.0328125 0.25 0.025
3 0.25 0.9296875 0.00625 0.0265625
3 0.34375 0.9421875 0.021875 0.0203125
3 0.7421875 0.928125 0.0234375 0.0234375
3 0.6875 0.8640625 0.03125 0.0265625
5 0.496875 0.8671875 0.028125 0.028125
3 0.309375 0.865625 0.0265625 0.028125
5 0.5 0.678125 0.540625 0.2734375
15 0.540625 0.4 0.1515625 0.046875
3 0.69375 0.4 0.10625 0.01875
5 0.5 0.20625 0.540625 0.2734375
17 0.5 0.9828125 0.5609375 0.0328125