14 0.425 0.50625 0.328125 0.0890625
3 0.7171875 0.9859375 0.03125 0.028125
3 0.7171875 0.740625 0.03125 0.0296875
3 0.71875 0.484375 0.03125 0.0296875
3 0.7171875 0.228125 0.03125 0.0296875
17 0.5 0.0171875 0.5609375 0.0328125
3 0.746875 0.071875 0.0296875 0.025
3 0.2515625 0.071875 0.03125 0.0265625
14 0.61875 0.1453125 0.284375 0.0359375
5 0.68125 0.296875 0.15625 0.21875
14 0.421875 0.25 0.334375 0.090625
3 0.521875 0.3203125 0.1359375 0.021875
14 0.3234375 0.3203125 0.1390625 0.0140625
15 0.528125 0.3734375 0.121875 0.04375
14 0.30625 0.3828125 0.1 0.0203125
5 0.68125 0.553125 0.15625 0.21875
15 0.528125 0.6296875 0.121875 0.04375
3 0.521875 0.575 0.1359375 0.021875
14 0.31875 0.5765625 0.1296875 0.0140625
14 0.309375 0.6390625 0.1109375 0.0203125
5 0.68125 0.8046875 0.15625 0.2078125
14 0.48125 0.728125 0.215625 0.021875
3 0.521875 0.7625 0.1359375 0.021875
14 0.325 0.7640625 0.1421875 0.0140625
14 0.309375 0.884375 0.1109375 0.0203125
15 0.528125 0.8765625 0.121875 0.04375
5 0.68125 0.9734375 0.15625 0.053125
14 0.446875 0.975 0.284375 0.0203125