14 0.5125 0.66875 0.2109375 0.0234375
14 0.2765625 0.490625 0.0359375 0.0234375
14 0.2765625 0.45 0.0421875 0.015625
3 0.275 0.9671875 0.028125 0.028125
3 0.3875 0.9671875 0.028125 0.028125
3 0.5 0.965625 0.028125 0.025
3 0.6125 0.9671875 0.0234375 0.028125
3 0.725 0.9671875 0.00625 0.021875
3 0.7484375 0.7859375 0.028125 0.025
14 0.5515625 0.88125 0.2921875 0.0734375
14 0.528125 0.7359375 0.2484375 0.0609375
5 0.309375 0.884375 0.1375 0.0984375
5 0.309375 0.7171875 0.1375 0.0890625
14 0.446875 0.559375 0.2671875 0.05625
14 0.5 0.478125 0.3765625 0.0703125
3 0.634375 0.396875 0.0671875 0.0671875
3 0.7078125 0.396875 0.065625 0.0671875
14 0.39375 0.08125 0.3 0.0265625
5 0.5 0.2671875 0.51875 0.259375
17 0.5 0.0171875 0.5609375 0.0328125