14 0.30625 0.103125 0.115625 0.015625
6 0.5 0.109375 0.5078125 0.028125
6 0.5 0.2125 0.5078125 0.0328125
14 0.3 0.20625 0.1046875 0.01875
6 0.5 0.3171875 0.5078125 0.0296875
14 0.3203125 0.3125 0.14375 0.021875
2 0.2625 0.384375 0.0234375 0.0234375
14 0.5125 0.40625 0.4109375 0.0578125
15 0.5 0.5125 0.4421875 0.05
14 0.5046875 0.5625 0.1453125 0.021875
3 0.45625 0.621875 0.0546875 0.0546875
3 0.5375 0.621875 0.0546875 0.0546875
14 0.49375 0.6921875 0.1984375 0.021875
14 0.5 0.7296875 0.125 0.025
17 0.5 0.0140625 0.5609375 0.0265625