14 0.609375 0.134375 0.0734375 0.0234375
14 0.6875 0.2984375 0.059375 0.0140625
14 0.5 0.3 0.0734375 0.015625
14 0.3125 0.3 0.0734375 0.01875
14 0.6328125 0.378125 0.096875 0.01875
14 0.628125 0.4609375 0.1046875 0.0234375
14 0.6125 0.5375 0.1359375 0.0203125
14 0.615625 0.628125 0.1296875 0.01875
14 0.6078125 0.721875 0.146875 0.0234375
14 0.6328125 0.8015625 0.096875 0.0234375
14 0.6234375 0.878125 0.1140625 0.01875
3 0.275 0.9625 0.025 0.028125
3 0.38125 0.95625 0.0421875 0.0390625
3 0.5 0.9625 0.03125 0.03125
3 0.6125 0.9640625 0.034375 0.025
3 0.7234375 0.9609375 0.0296875 0.028125
3 0.7421875 0.878125 0.028125 0.028125
3 0.7421875 0.7984375 0.028125 0.021875
3 0.7421875 0.71875 0.0203125 0.028125
5 0.7421875 0.628125 0.021875 0.025
3 0.7421875 0.5375 0.021875 0.028125
3 0.7421875 0.4578125 0.025 0.025
3 0.7421875 0.378125 0.028125 0.025
3 0.553125 0.134375 0.0109375 0.0171875
3 0.2515625 0.071875 0.0265625 0.028125
3 0.7421875 0.071875 0.021875 0.021875
15 0.5703125 0.184375 0.153125 0.05
14 0.6875 0.265625 0.015625 0.0234375
14 0.5 0.2671875 0.015625 0.021875
14 0.3125 0.2671875 0.015625 0.021875
3 0.7109375 0.1625 0.096875 0.096875
17 0.5 0.0140625 0.5609375 0.0265625