14 0.56875 0.9625 0.31875 0.0546875
3 0.2828125 0.95625 0.0296875 0.028125
5 0.31875 0.9578125 0.15625 0.0828125
3 0.478125 0.7921875 0.134375 0.0203125
14 0.690625 0.8546875 0.1109375 0.021875
15 0.471875 0.846875 0.1203125 0.04375
14 0.684375 0.7921875 0.1234375 0.0140625
14 0.55 0.75625 0.278125 0.021875
14 0.5671875 0.70625 0.3140625 0.0546875
3 0.2828125 0.7 0.0296875 0.028125
5 0.31875 0.76875 0.15625 0.21875
14 0.69375 0.5984375 0.103125 0.0203125
15 0.471875 0.590625 0.1203125 0.04375
14 0.6890625 0.5125 0.1125 0.0140625
3 0.478125 0.5125 0.1359375 0.021875
14 0.559375 0.4578125 0.296875 0.0515625
3 0.2828125 0.453125 0.03125 0.0296875
5 0.31875 0.51875 0.15625 0.209375
14 0.69375 0.353125 0.1015625 0.0203125
15 0.471875 0.34375 0.121875 0.04375
14 0.6890625 0.2328125 0.1125 0.0140625
3 0.478125 0.23125 0.1359375 0.021875
14 0.5375 0.196875 0.2546875 0.0203125
3 0.28125 0.209375 0.03125 0.0296875
5 0.31875 0.271875 0.15625 0.209375
14 0.3828125 0.1265625 0.2859375 0.0359375
3 0.746875 0.071875 0.03125 0.0265625
3 0.253125 0.071875 0.028125 0.025
17 0.5 0.0171875 0.5609375 0.0328125