17 0.5 0.0171875 0.5609375 0.0328125
3 0.253125 0.065625 0.0265625 0.0203125
15 0.7125 0.134375 0.1203125 0.04375
14 0.2765625 0.1359375 0.0671875 0.0171875
3 0.25 0.2046875 0.0421875 0.040625
15 0.73125 0.209375 0.071875 0.0375
14 0.384375 0.2046875 0.215625 0.021875
14 0.2953125 0.28125 0.1125 0.0265625
3 0.75625 0.278125 0.0109375 0.01875
14 0.6765625 0.2796875 0.13125 0.021875
14 0.6734375 0.35 0.159375 0.0203125
14 0.284375 0.353125 0.090625 0.0265625
2 0.7390625 0.4203125 0.021875 0.021875
14 0.3359375 0.425 0.190625 0.028125
5 0.25 0.503125 0.0421875 0.0421875
14 0.3265625 0.50625 0.0984375 0.028125
2 0.740625 0.56875 0.025 0.0234375
14 0.309375 0.571875 0.1390625 0.0265625
14 0.68125 0.640625 0.1421875 0.0203125
14 0.309375 0.6421875 0.1390625 0.021875
14 0.35625 0.715625 0.2328125 0.0265625
2 0.7390625 0.7125 0.021875 0.021875
14 0.31875 0.8125 0.15625 0.0265625
2 0.7390625 0.809375 0.021875 0.021875
2 0.740625 0.903125 0.025 0.0234375
14 0.3328125 0.909375 0.184375 0.028125
6 0.434375 0.134375 0.415625 0.0546875