17 0.5 0.9828125 0.5609375 0.0328125
3 0.746875 0.934375 0.0265625 0.0203125
15 0.2875 0.865625 0.1203125 0.04375
14 0.7234375 0.8640625 0.0671875 0.0171875
3 0.75 0.7953125 0.0421875 0.040625
15 0.26875 0.790625 0.071875 0.0375
14 0.615625 0.7953125 0.215625 0.021875
14 0.7046875 0.71875 0.1125 0.0265625
3 0.24375 0.721875 0.0109375 0.01875
14 0.3234375 0.7203125 0.13125 0.021875
14 0.3265625 0.65 0.159375 0.0203125
14 0.715625 0.646875 0.090625 0.0265625
2 0.2609375 0.5796875 0.021875 0.021875
14 0.6640625 0.575 0.190625 0.028125
5 0.75 0.496875 0.0421875 0.0421875
14 0.6734375 0.49375 0.0984375 0.028125
2 0.259375 0.43125 0.025 0.0234375
14 0.690625 0.428125 0.1390625 0.0265625
14 0.31875 0.359375 0.1421875 0.0203125
14 0.690625 0.3578125 0.1390625 0.021875
14 0.64375 0.284375 0.2328125 0.0265625
2 0.2609375 0.2875 0.021875 0.021875
14 0.68125 0.1875 0.15625 0.0265625
2 0.2609375 0.190625 0.021875 0.021875
2 0.259375 0.096875 0.025 0.0234375
14 0.6671875 0.090625 0.184375 0.028125
6 0.565625 0.865625 0.415625 0.0546875