14 0.6828125 0.9875 0.0296875 0.0140625
3 0.68125 0.9609375 0.025 0.0234375
3 0.5 0.9625 0.0234375 0.0234375
14 0.5 0.9859375 0.0359375 0.0109375
14 0.3171875 0.9875 0.0234375 0.0109375
5 0.3171875 0.9625 0.04375 0.025
14 0.4171875 0.89375 0.353125 0.0703125
14 0.371875 0.8 0.2609375 0.0703125
5 0.6921875 0.828125 0.1375 0.1375
5 0.6921875 0.6 0.1359375 0.1375
14 0.4125 0.6625 0.34375 0.0671875
14 0.409375 0.5703125 0.334375 0.0703125
5 0.6921875 0.403125 0.1375 0.1375
14 0.415625 0.415625 0.35 0.046875
14 0.4015625 0.3578125 0.31875 0.034375
15 0.5 0.2625 0.265625 0.0453125
14 0.5 0.165625 0.428125 0.05625
14 0.5 0.0921875 0.4765625 0.059375
3 0.740625 0.028125 0.0234375 0.025