14 0.6875 0.584375 0.1 0.0171875
14 0.709375 0.6921875 0.0609375 0.0171875
14 0.7125 0.803125 0.05625 0.0171875
15 0.5 0.1234375 0.50625 0.05
13 0.278125 0.4109375 0.0453125 0.028125
13 0.278125 0.2515625 0.0453125 0.028125
14 0.5484375 0.2484375 0.4203125 0.0953125
14 0.690625 0.3296875 0.134375 0.0203125
14 0.68125 0.38125 0.1515625 0.0234375
14 0.575 0.425 0.3671875 0.046875
14 0.68125 0.4796875 0.153125 0.025
14 0.571875 0.53125 0.371875 0.0171875
14 0.2890625 0.584375 0.0515625 0.0171875
14 0.703125 0.6328125 0.10625 0.0203125
14 0.725 0.7421875 0.0625 0.01875
14 0.728125 0.8515625 0.0578125 0.0203125
3 0.7421875 0.928125 0.021875 0.021875
14 0.653125 0.928125 0.1015625 0.01875
6 0.5 0.69375 0.51875 0.065625
6 0.5 0.803125 0.51875 0.065625
6 0.5 0.584375 0.51875 0.065625
17 0.5 0.9828125 0.5609375 0.0328125