14 0.5 0.928125 0.146875 0.0171875
14 0.28125 0.853125 0.08125 0.0171875
14 0.659375 0.85 0.196875 0.0265625
14 0.525 0.7828125 0.46875 0.05625
14 0.69375 0.503125 0.1203125 0.053125
14 0.41875 0.51875 0.2 0.021875
14 0.25 0.5203125 0.0625 0.015625
14 0.25 0.4875 0.0625 0.0140625
14 0.484375 0.4875 0.0625 0.015625
14 0.7203125 0.4515625 0.0625 0.015625
14 0.659375 0.353125 0.2 0.0265625
14 0.28125 0.35625 0.08125 0.0171875
14 0.6390625 0.303125 0.2390625 0.021875
14 0.725 0.0140625 0.075 0.0125
14 0.6125 0.015625 0.0515625 0.0109375
14 0.5 0.0140625 0.0515625 0.0125
14 0.3875 0.0140625 0.0609375 0.0125
14 0.275 0.015625 0.0453125 0.009375
3 0.725 0.0484375 0.034375 0.0375
3 0.6125 0.046875 0.0359375 0.0375
3 0.5 0.0484375 0.0265625 0.0375
5 0.3875 0.0484375 0.025 0.0375
3 0.275 0.0484375 0.0359375 0.034375
5 0.6484375 0.640625 0.2078125 0.159375
5 0.4125 0.640625 0.2078125 0.159375
5 0.25 0.640625 0.0625 0.159375
5 0.6484375 0.1671875 0.2078125 0.18125
5 0.4125 0.16875 0.209375 0.1828125
5 0.25 0.1671875 0.0625 0.18125
17 0.5 0.9828125 0.5609375 0.0328125