17 0.5 0.9828125 0.5609375 0.0328125
3 0.684375 0.3859375 0.0109375 0.00625
5 0.615625 0.8828125 0.0859375 0.0734375
14 0.4546875 0.884375 0.2140625 0.0453125
14 0.5 0.784375 0.121875 0.01875
14 0.6640625 0.7125 0.1109375 0.0171875
14 0.5 0.61875 0.11875 0.0171875
14 0.6625 0.546875 0.1109375 0.0171875
14 0.4984375 0.45625 0.171875 0.01875
14 0.5921875 0.384375 0.15625 0.0171875
14 0.7078125 0.384375 0.0203125 0.0140625
14 0.5 0.2921875 0.0578125 0.01875
14 0.6921875 0.2203125 0.0546875 0.0171875
14 0.521875 0.134375 0.33125 0.021875
2 0.7203125 0.1359375 0.034375 0.034375
15 0.5 0.040625 0.475 0.075
6 0.5 0.7125 0.4734375 0.08125
6 0.5 0.2203125 0.4734375 0.08125
6 0.5 0.384375 0.4734375 0.08125
6 0.5 0.5484375 0.4734375 0.08125