14 0.571875 0.2625 0.175 0.0203125
5 0.5 0.9 0.5609375 0.2
6 0.3453125 0.2671875 0.146875 0.0375
14 0.3421875 0.075 0.0921875 0.0296875
14 0.39375 0.1640625 0.075 0.0171875
14 0.646875 0.1640625 0.090625 0.0171875
14 0.5171875 0.4859375 0.2609375 0.0234375
3 0.25625 0.071875 0.0203125 0.0203125
3 0.3328125 0.1625 0.0265625 0.0203125
5 0.58125 0.1625 0.0203125 0.03125
5 0.290625 0.2625 0.034375 0.0265625
3 0.365625 0.4828125 0.0171875 0.0234375
6 0.5 0.3578125 0.4578125 0.0328125
15 0.5 0.415625 0.4703125 0.0625
6 0.60625 0.26875 0.246875 0.034375
14 0.3203125 0.265625 0.021875 0.0171875
0 0.5 0.5171875 0.5609375 0.965625
17 0.5 0.0171875 0.5609375 0.0328125