14 0.35 0.7015625 0.1984375 0.01875
14 0.2953125 0.625 0.0890625 0.0140625
14 0.275 0.5515625 0.0515625 0.0140625
14 0.296875 0.478125 0.0921875 0.0140625
14 0.259375 0.403125 0.0140625 0.0140625
6 0.5 0.7 0.534375 0.0578125
6 0.5 0.625 0.534375 0.0578125
6 0.5 0.5515625 0.5328125 0.0578125
6 0.5 0.478125 0.5328125 0.0578125
6 0.5 0.403125 0.534375 0.0578125
14 0.359375 0.075 0.0796875 0.0234375
14 0.5 0.31875 0.0265625 0.015625
14 0.475 0.865625 0.4828125 0.0546875
15 0.5 0.790625 0.534375 0.0546875
3 0.2578125 0.071875 0.021875 0.021875
15 0.5 0.153125 0.534375 0.0546875
15 0.5 0.228125 0.5328125 0.06875
17 0.5 0.0171875 0.5609375 0.0328125