14 0.334375 0.4296875 0.1671875 0.0296875
14 0.359375 0.728125 0.2140625 0.06875
14 0.59375 0.7078125 0.140625 0.028125
14 0.6171875 0.4265625 0.1890625 0.0234375
14 0.39375 0.1515625 0.096875 0.0203125
14 0.275 0.9796875 0.0484375 0.0140625
14 0.3875 0.9796875 0.0765625 0.0140625
14 0.5 0.9796875 0.0578125 0.0140625
14 0.6125 0.9796875 0.0296875 0.0140625
14 0.725 0.9796875 0.0359375 0.0140625
3 0.7234375 0.95 0.0296875 0.0296875
3 0.6125 0.95 0.028125 0.028125
3 0.5 0.9515625 0.0265625 0.0265625
3 0.3875 0.95 0.028125 0.025
3 0.275 0.95 0.028125 0.028125
5 0.634375 0.859375 0.2484375 0.1265625
5 0.365625 0.859375 0.2484375 0.1265625
5 0.634375 0.5765625 0.2484375 0.1953125
5 0.365625 0.5765625 0.2484375 0.1953125
5 0.6359375 0.2984375 0.2484375 0.1953125
5 0.365625 0.2984375 0.2484375 0.1953125
14 0.2734375 0.075 0.065625 0.0328125
14 0.2734375 0.153125 0.071875 0.01875
17 0.5 0.0171875 0.5609375 0.0328125