14 0.55625 0.9296875 0.190625 0.01875
14 0.275 0.009375 0.059375 0.015625
14 0.3875 0.0125 0.0875 0.0140625
14 0.5 0.0125 0.0328125 0.0140625
14 0.6125 0.0125 0.040625 0.0125
14 0.7234375 0.0109375 0.0671875 0.0125
3 0.7234375 0.040625 0.0328125 0.0328125
5 0.6125 0.040625 0.021875 0.028125
3 0.5 0.040625 0.0328125 0.0328125
5 0.3875 0.040625 0.034375 0.034375
3 0.275 0.040625 0.0265625 0.028125
5 0.4984375 0.190625 0.503125 0.203125
14 0.4984375 0.340625 0.2140625 0.0203125
3 0.721875 0.928125 0.034375 0.021875
3 0.275 0.925 0.0328125 0.034375
3 0.3625 0.928125 0.0828125 0.0515625
6 0.496875 0.928125 0.359375 0.059375
17 0.5 0.9828125 0.5609375 0.0328125
5 0.5 0.615625 0.5046875 0.5046875