3 0.725 0.0390625 0.0359375 0.0359375
3 0.6125 0.0390625 0.0359375 0.034375
3 0.4984375 0.040625 0.0328125 0.0328125
3 0.3875 0.040625 0.0421875 0.0296875
3 0.275 0.0390625 0.0296875 0.0296875
14 0.2734375 0.0078125 0.0421875 0.0109375
14 0.3859375 0.0078125 0.0609375 0.0140625
14 0.4984375 0.00703125 0.059375 0.0140625
14 0.6109375 0.009375 0.053125 0.0125
14 0.725 0.0078125 0.0484375 0.0140625
15 0.5 0.3109375 0.3390625 0.053125
14 0.4984375 0.4125 0.378125 0.0703125
5 0.4984375 0.65625 0.284375 0.3
14 0.4984375 0.9328125 0.1390625 0.0203125
17 0.5 0.9828125 0.5609375 0.0328125