3 0.2609375 0.1796875 0.0828125 0.01875
3 0.4734375 0.1796875 0.1203125 0.01875
3 0.70625 0.1796875 0.1203125 0.01875
14 0.6578125 0.11875 0.2171875 0.0734375
14 0.4296875 0.11875 0.2078125 0.0734375
14 0.2609375 0.1328125 0.0828125 0.04375
14 0.2609375 0.2140625 0.084375 0.0171875
14 0.45 0.2125 0.1640625 0.0203125
14 0.696875 0.2125 0.1375 0.0203125
3 0.321875 0.5234375 0.1203125 0.0203125
5 0.3 0.728125 0.1625 0.2109375
14 0.2625 0.40625 0.0609375 0.0140625
5 0.425 0.303125 0.21875 0.1296875
5 0.2609375 0.3015625 0.0828125 0.1296875
5 0.65625 0.303125 0.21875 0.1296875
14 0.475 0.5234375 0.1109375 0.0125
14 0.3 0.5734375 0.1625 0.0546875
14 0.653125 0.4078125 0.2234375 0.03125
14 0.3265625 0.49375 0.1046875 0.021875
14 0.709375 0.49375 0.1125 0.0234375
3 0.70625 0.525 0.1203125 0.0203125
14 0.6125 0.5734375 0.309375 0.0546875
14 0.2625 0.871875 0.0609375 0.015625
14 0.6671875 0.8734375 0.2 0.0296875
5 0.5828125 0.728125 0.36875 0.2109375
14 0.725 0.0078125 0.0484375 0.0140625
14 0.6125 0.009375 0.053125 0.0109375
14 0.50078125 0.00703125 0.0609375 0.0140625
14 0.3875 0.0078125 0.0609375 0.0140625
14 0.2734375 0.009375 0.0421875 0.0125
3 0.275 0.0390625 0.0296875 0.0296875
3 0.3875 0.0390625 0.040625 0.03125
3 0.4984375 0.040625 0.0328125 0.0328125
3 0.6125 0.0390625 0.0359375 0.0328125
3 0.725 0.040625 0.0359375 0.0359375
3 0.2515625 0.93125 0.028125 0.028125
3 0.321875 0.9296875 0.0390625 0.028125
14 0.690625 0.9296875 0.075 0.021875
3 0.746875 0.928125 0.03125 0.025
17 0.5 0.9828125 0.5609375 0.0328125