5 0.6375 0.88046875 0.2625 0.2390625
5 0.36328125 0.88046875 0.2609375 0.2390625
14 0.5578125 0.71875 0.0828125 0.0203125
14 0.26875 0.71875 0.0546875 0.0203125
14 0.553125 0.3921875 0.0765625 0.0203125
14 0.284375 0.3921875 0.0875 0.01875
5 0.6375 0.565625 0.2625 0.2609375
5 0.3640625 0.565625 0.2609375 0.2609375
5 0.6375 0.240625 0.2625 0.2625
5 0.3640625 0.240625 0.2609375 0.2625
3 0.25 0.0640625 0.034375 0.034375
5 0.5 0.0671875 0.14375 0.034375
15 0.7203125 0.0640625 0.1109375 0.03125
17 0.5 0.0171875 0.5609375 0.0328125