14 0.3515625 0.1421875 0.0921875 0.0171875
14 0.5375 0.90625 0.2640625 0.0265625
14 0.496875 0.753125 0.1859375 0.021875
14 0.475 0.603125 0.140625 0.021875
14 0.5265625 0.45625 0.2421875 0.028125
5 0.3078125 0.9046875 0.1234375 0.1234375
5 0.3078125 0.753125 0.1234375 0.1234375
5 0.309375 0.603125 0.1234375 0.1234375
5 0.309375 0.453125 0.1234375 0.1234375
14 0.5015625 0.346875 0.2734375 0.028125
14 0.5 0.2359375 0.434375 0.065625
3 0.746875 0.0640625 0.03125 0.028125
3 0.275 0.1421875 0.0203125 0.0203125
6 0.5 0.1421875 0.5046875 0.05625
14 0.48125 0.0640625 0.1921875 0.040625
17 0.5 0.0171875 0.5609375 0.0328125