14 0.528125 0.0734375 0.3 0.0203125
5 0.225 0.703125 0.0125 0.2921875
5 0.50625 0.703125 0.5203125 0.2921875
3 0.7328125 0.590625 0.0109375 0.0140625
3 0.26875 0.9609375 0.0296875 0.0328125
3 0.365625 0.9625 0.0296875 0.0328125
3 0.4640625 0.9609375 0.034375 0.0328125
3 0.5609375 0.9625 0.025 0.03125
3 0.69375 0.946875 0.03125 0.0328125
14 0.69375 0.975 0.0625 0.0203125
14 0.5078125 0.89375 0.475 0.05
14 0.50625 0.784375 0.15625 0.021875
14 0.6890625 0.590625 0.0578125 0.0125
14 0.6453125 0.51875 0.2390625 0.0296875
14 0.2625 0.434375 0.0890625 0.01875
14 0.4859375 0.4328125 0.0828125 0.0171875
14 0.68125 0.4328125 0.1375 0.01875
5 0.271875 0.325 0.10625 0.28125
5 0.440625 0.325 0.209375 0.28125
5 0.6609375 0.325 0.209375 0.2796875
14 0.6234375 0.1546875 0.2828125 0.0296875
3 0.7203125 0.071875 0.0265625 0.0296875
3 0.2546875 0.0734375 0.0296875 0.0296875
6 0.53125 0.071875 0.45625 0.0484375
17 0.5 0.0171875 0.5609375 0.0328125