14 0.428125 0.925 0.1328125 0.025
3 0.4546875 0.284375 0.0359375 0.03125
3 0.7296875 0.09375 0.034375 0.03125
5 0.2578125 0.928125 0.0484375 0.05
3 0.7484375 0.928125 0.028125 0.025
5 0.2890625 0.8046875 0.0765625 0.0765625
5 0.4203125 0.8046875 0.0765625 0.0765625
3 0.5515625 0.8046875 0.0765625 0.0765625
5 0.6828125 0.8046875 0.0765625 0.0765625
3 0.2890625 0.05 0.028125 0.028125
3 0.4390625 0.053125 0.0390625 0.0359375
3 0.5703125 0.0484375 0.028125 0.025
3 0.7109375 0.0484375 0.028125 0.028125
14 0.7109375 0.01875 0.0625 0.01875
14 0.5703125 0.0203125 0.0375 0.0140625
14 0.4296875 0.021875 0.103125 0.015625
14 0.290625 0.0203125 0.059375 0.0140625
14 0.290625 0.6484375 0.1015625 0.025
14 0.71875 0.65 0.0359375 0.0171875
14 0.6828125 0.71875 0.071875 0.0296875
14 0.5515625 0.71875 0.09375 0.0125
14 0.4203125 0.71875 0.0375 0.0125
14 0.2890625 0.7203125 0.071875 0.0109375
15 0.2890625 0.85625 0.0578125 0.028125
3 0.33125 0.928125 0.028125 0.028125
3 0.75625 0.65 0.0125 0.01875
6 0.503125 0.928125 0.403125 0.0546875
15 0.5 0.159375 0.29375 0.071875
5 0.3625 0.425 0.2578125 0.3546875
5 0.3625 0.1515625 0.25625 0.15
5 0.6375 0.3390625 0.2578125 0.5265625
17 0.5 0.9828125 0.5609375 0.0328125