14 0.65625 0.75625 0.1921875 0.0265625
6 0.521875 0.7515625 0.4640625 0.034375
14 0.6515625 0.928125 0.2125 0.021875
14 0.6859375 0.85625 0.1515625 0.0171875
14 0.5 0.85625 0.109375 0.0171875
14 0.3125 0.85625 0.1484375 0.015625
14 0.60625 0.6453125 0.075 0.0171875
14 0.590625 0.5671875 0.10625 0.0171875
14 0.6140625 0.4875 0.059375 0.0203125
14 0.5921875 0.4109375 0.1 0.0171875
14 0.60625 0.3328125 0.0734375 0.0171875
14 0.6125 0.253125 0.0625 0.021875
14 0.6140625 0.178125 0.05625 0.0171875
14 0.6234375 0.1 0.0390625 0.0171875
14 0.7109375 0.0203125 0.046875 0.015625
14 0.5703125 0.021875 0.0640625 0.01875
14 0.4296875 0.01875 0.0765625 0.01875
14 0.2890625 0.021875 0.040625 0.015625
3 0.2890625 0.05 0.0234375 0.0078125
3 0.4296875 0.05 0.028125 0.0265625
3 0.5703125 0.053125 0.025 0.025
3 0.709375 0.05 0.028125 0.025
5 0.715625 0.1 0.0859375 0.0359375
5 0.715625 0.178125 0.0859375 0.0265625
5 0.7203125 0.25625 0.078125 0.0296875
5 0.715625 0.334375 0.0859375 0.0328125
5 0.715625 0.4125 0.0859375 0.03125
5 0.715625 0.490625 0.0859375 0.028125
5 0.715625 0.56875 0.0859375 0.028125
5 0.715625 0.6453125 0.0859375 0.0390625
3 0.246875 0.7546875 0.03125 0.03125
17 0.5 0.9828125 0.5609375 0.0328125