14 0.6984375 0.40625 0.1421875 0.01875
14 0.45625 0.18125 0.0640625 0.01875
14 0.44375 0.553125 0.0921875 0.01875
3 0.275 0.0390625 0.028125 0.028125
3 0.3890625 0.0390625 0.028125 0.028125
3 0.5 0.0390625 0.028125 0.025
3 0.6125 0.0390625 0.025 0.0234375
3 0.725 0.0390625 0.025 0.0234375
5 0.359375 0.1015625 0.259375 0.05
5 0.640625 0.215625 0.259375 0.2734375
5 0.359375 0.3703125 0.259375 0.259375
5 0.359375 0.7125 0.259375 0.1984375
5 0.640625 0.6375 0.259375 0.346875
14 0.421875 0.20625 0.1328125 0.021875
14 0.721875 0.434375 0.0953125 0.0171875
14 0.3703125 0.58125 0.2359375 0.021875
14 0.665625 0.85625 0.184375 0.025
3 0.7421875 0.928125 0.021875 0.021875
14 0.6078125 0.9265625 0.1796875 0.0296875
3 0.2515625 0.928125 0.025 0.028125
17 0.5 0.9859375 0.5609375 0.025