14 0.428125 0.7375 0.175 0.0203125
5 0.5 0.1 0.5609375 0.2
6 0.6546875 0.7328125 0.146875 0.0375
14 0.6578125 0.925 0.0921875 0.0296875
14 0.60625 0.8359375 0.075 0.0171875
14 0.353125 0.8359375 0.090625 0.0171875
14 0.4828125 0.5140625 0.2609375 0.0234375
3 0.74375 0.928125 0.0203125 0.0203125
3 0.6671875 0.8375 0.0265625 0.0203125
5 0.41875 0.8375 0.0203125 0.03125
5 0.709375 0.7375 0.034375 0.0265625
3 0.634375 0.5171875 0.0171875 0.0234375
6 0.5 0.6421875 0.4578125 0.0328125
15 0.5 0.584375 0.4703125 0.0625
6 0.39375 0.73125 0.246875 0.034375
14 0.6796875 0.734375 0.021875 0.0171875
0 0.5 0.4828125 0.5609375 0.965625
17 0.5 0.9828125 0.5609375 0.0328125