14 0.5453125 0.0625 0.271875 0.0265625
14 0.50625 0.090625 0.3546875 0.0171875
14 0.496875 0.15625 0.046875 0.0140625
14 0.3078125 0.1578125 0.03125 0.0125
14 0.6890625 0.1578125 0.0390625 0.0140625
14 0.3109375 0.496875 0.084375 0.0265625
14 0.5765625 0.4984375 0.3421875 0.025
14 0.634375 0.546875 0.2265625 0.021875
14 0.3109375 0.603125 0.1 0.015625
3 0.69375 0.603125 0.10625 0.01875
15 0.5359375 0.603125 0.1625 0.046875
14 0.5796875 0.9734375 0.334375 0.03125
5 0.5 0.7953125 0.540625 0.2734375
5 0.5 0.325 0.5390625 0.2734375
5 0.496875 0.13125 0.028125 0.028125
3 0.309375 0.1328125 0.028125 0.0265625
3 0.25 0.0703125 0.00625 0.0265625
3 0.34375 0.059375 0.0203125 0.0203125
3 0.74375 0.071875 0.0234375 0.0234375
3 0.6875 0.134375 0.0328125 0.028125
17 0.5 0.0171875 0.5609375 0.0328125