14 0.6375 0.9234375 0.0859375 0.0171875
14 0.646875 0.8578125 0.0703125 0.0171875
14 0.621875 0.7921875 0.11875 0.0171875
14 0.63125 0.7265625 0.103125 0.0171875
14 0.6015625 0.659375 0.1609375 0.01875
14 0.621875 0.5953125 0.121875 0.0171875
14 0.64375 0.5265625 0.0765625 0.0203125
14 0.6359375 0.4640625 0.090625 0.0171875
3 0.7421875 0.4640625 0.0328125 0.0328125
3 0.7421875 0.5296875 0.0328125 0.0328125
5 0.74375 0.5953125 0.0328125 0.0328125
5 0.7421875 0.659375 0.0328125 0.0328125
5 0.7421875 0.7265625 0.03125 0.03125
3 0.74375 0.7921875 0.0328125 0.0328125
3 0.7421875 0.85625 0.0328125 0.0328125
3 0.7421875 0.921875 0.03125 0.0328125
11 0.5890625 0.4828125 0.3828125 0.965625
17 0.5 0.9828125 0.5609375 0.0328125