14 0.6046875 0.85625 0.1203125 0.0203125
14 0.390625 0.075 0.14375 0.0265625
14 0.34375 0.1671875 0.20625 0.025
14 0.5 0.2375 0.4125 0.03125
14 0.38125 0.3234375 0.125 0.0234375
14 0.3734375 0.4 0.1078125 0.025
14 0.3734375 0.4765625 0.109375 0.025
14 0.371875 0.55 0.10625 0.0203125
14 0.4359375 0.628125 0.234375 0.0203125
14 0.378125 0.703125 0.1171875 0.01875
14 0.409375 0.7828125 0.1828125 0.0234375
14 0.43125 0.85625 0.1921875 0.01875
14 0.5 0.940625 0.1453125 0.015625
14 0.5 0.990625 0.4296875 0.01875
3 0.2578125 0.7796875 0.028125 0.028125
3 0.2578125 0.703125 0.028125 0.028125
3 0.2578125 0.6265625 0.028125 0.021875
3 0.2578125 0.55 0.028125 0.0265625
5 0.2578125 0.4734375 0.03125 0.021875
5 0.2578125 0.396875 0.0328125 0.0234375
3 0.2578125 0.3203125 0.028125 0.028125
3 0.2578125 0.071875 0.0234375 0.021875
3 0.6828125 0.071875 0.025 0.025
3 0.746875 0.071875 0.028125 0.028125
17 0.5 0.0171875 0.5609375 0.0328125