14 0.290625 0.978125 0.059375 0.0171875
3 0.290625 0.95 0.0234375 0.025
14 0.4296875 0.978125 0.053125 0.0171875
3 0.4296875 0.946875 0.0265625 0.0265625
14 0.571875 0.978125 0.0734375 0.015625
5 0.571875 0.9484375 0.03125 0.0203125
14 0.7125 0.978125 0.0578125 0.0171875
3 0.7109375 0.9484375 0.0328125 0.0328125
5 0.728125 0.8546875 0.1046875 0.13125
5 0.4515625 0.8546875 0.4109375 0.13125
14 0.721875 0.7421875 0.0625 0.0125
14 0.3578125 0.7375 0.215625 0.0421875
14 0.7296875 0.5640625 0.103125 0.0484375
14 0.7296875 0.5203125 0.103125 0.0125
14 0.425 0.5640625 0.3 0.0484375
14 0.3046875 0.5203125 0.059375 0.0125
5 0.715625 0.3578125 0.13125 0.246875
5 0.4375 0.3578125 0.3828125 0.2453125
14 0.721875 0.1890625 0.0625 0.0125
14 0.3703125 0.178125 0.240625 0.0328125
14 0.303125 0.0703125 0.1078125 0.021875
17 0.5 0.0171875 0.5609375 0.0328125