3 0.2609375 0.8828125 0.0828125 0.01875
3 0.475 0.8828125 0.1203125 0.01875
3 0.70625 0.8484375 0.1203125 0.01875
14 0.6734375 0.8125 0.184375 0.0171875
14 0.478125 0.9140625 0.115625 0.0140625
14 0.2625 0.83125 0.078125 0.0515625
14 0.2609375 0.9140625 0.084375 0.0140625
14 0.434375 0.83125 0.1953125 0.05625
14 0.671875 0.896875 0.190625 0.046875
3 0.321875 0.503125 0.1203125 0.0203125
5 0.3 0.3 0.1625 0.209375
14 0.2625 0.621875 0.0609375 0.0140625
5 0.425 0.725 0.21875 0.1296875
5 0.2609375 0.725 0.0828125 0.1296875
5 0.6578125 0.725 0.21875 0.1296875
14 0.475 0.503125 0.1109375 0.0125
14 0.3 0.4546875 0.1640625 0.0546875
14 0.6421875 0.615625 0.2453125 0.025
14 0.321875 0.534375 0.1140625 0.0234375
14 0.7125 0.534375 0.10625 0.021875
3 0.70625 0.503125 0.1203125 0.0203125
14 0.6484375 0.4546875 0.2375 0.05625
14 0.2625 0.15625 0.0609375 0.0140625
14 0.6328125 0.1546875 0.2625 0.03125
5 0.58125 0.3 0.36875 0.209375
14 0.7234375 0.99296875 0.046875 0.0140625
14 0.6125 0.9921875 0.053125 0.0109375
14 0.4984375 0.9921875 0.059375 0.0140625
14 0.3859375 0.9921875 0.0609375 0.0140625
14 0.275 0.990625 0.0421875 0.0109375
3 0.275 0.959375 0.0296875 0.0296875
3 0.3875 0.9609375 0.0421875 0.03125
3 0.4984375 0.959375 0.0328125 0.0328125
3 0.6125 0.959375 0.0359375 0.034375
3 0.725 0.959375 0.0359375 0.0359375
3 0.253125 0.06875 0.0296875 0.028125
3 0.321875 0.0703125 0.0390625 0.028125
14 0.690625 0.071875 0.075 0.021875
3 0.746875 0.0703125 0.03125 0.025
17 0.5 0.0171875 0.5609375 0.0328125