14 0.659375 0.803125 0.1953125 0.0234375
14 0.70625 0.725 0.1046875 0.01875
14 0.728125 0.646875 0.0578125 0.01875
14 0.7 0.5703125 0.115625 0.0171875
14 0.7 0.4921875 0.115625 0.01875
6 0.5 0.80625 0.51875 0.03125
6 0.5 0.7296875 0.51875 0.0296875
6 0.5 0.653125 0.51875 0.03125
6 0.5 0.575 0.51875 0.0296875
6 0.5 0.496875 0.51875 0.03125
14 0.6359375 0.075 0.090625 0.0296875
14 0.6359375 0.3984375 0.1015625 0.0265625
14 0.5 0.95625 0.25 0.01875
15 0.5 0.8765625 0.51875 0.0671875
3 0.7421875 0.071875 0.021875 0.021875
3 0.7421875 0.396875 0.0203125 0.0203125
5 0.5 0.221875 0.184375 0.184375
11 0.5 0.678125 0.5609375 0.6421875
17 0.5 0.0140625 0.5609375 0.0265625