15 0.2796875 0.9375 0.1109375 0.03125
5 0.5 0.934375 0.14375 0.034375
3 0.75 0.9359375 0.0328125 0.0328125
5 0.3625 0.11875 0.2609375 0.2359375
5 0.6359375 0.11875 0.2609375 0.2359375
14 0.6578125 0.2765625 0.2015625 0.0234375
5 0.6359375 0.43125 0.2609375 0.2609375
14 0.4359375 0.278125 0.0953125 0.01875
5 0.3625 0.43125 0.2609375 0.2609375
14 0.4359375 0.6046875 0.0953125 0.01875
5 0.3625 0.7578125 0.2609375 0.2625
14 0.73125 0.6046875 0.05625 0.01875
5 0.6359375 0.7578125 0.2609375 0.2609375
17 0.5 0.9828125 0.5609375 0.0328125