17 0.5 0.0171875 0.5609375 0.0328125
3 0.25 0.0640625 0.034375 0.034375
5 0.5 0.0671875 0.14375 0.034375
15 0.7203125 0.0625 0.1109375 0.03125
5 0.3640625 0.234375 0.2609375 0.2609375
5 0.6375 0.234375 0.2625 0.2609375
14 0.296875 0.3875 0.1140625 0.0203125
14 0.546875 0.3875 0.0625 0.0203125
5 0.3640625 0.5609375 0.2609375 0.2625
5 0.6375 0.5609375 0.2609375 0.2625
14 0.31875 0.7125 0.15625 0.0203125
14 0.5796875 0.7125 0.1265625 0.0203125
5 0.3640625 0.878125 0.2609375 0.2421875
5 0.6375 0.878125 0.2625 0.24375