17 0.5 0.9828125 0.5609375 0.0328125
3 0.2578125 0.928125 0.021875 0.021875
14 0.346875 0.925 0.1015625 0.0296875
15 0.5 0.8296875 0.5078125 0.065625
15 0.5 0.7421875 0.5078125 0.06875
14 0.5 0.6625 0.2828125 0.021875
14 0.28125 0.5984375 0.04375 0.0140625
14 0.3203125 0.4734375 0.1171875 0.021875
14 0.3734375 0.378125 0.221875 0.021875
2 0.378125 0.30625 0.0265625 0.0265625
2 0.2671875 0.30625 0.0265625 0.0265625
14 0.321875 0.30625 0.059375 0.021875
14 0.4453125 0.30625 0.0875 0.021875
15 0.5 0.225 0.5078125 0.0890625
14 0.46875 0.125 0.4421875 0.08125
14 0.5015625 0.034375 0.3296875 0.021875
6 0.5 0.578125 0.5078125 0.0875
6 0.5 0.384375 0.5078125 0.0875
6 0.5 0.48125 0.50625 0.0859375