14 0.5 0.8296875 0.46875 0.0484375
14 0.5 0.7609375 0.5109375 0.0671875
14 0.6875 0.55625 0.1328125 0.0484375
14 0.5 0.5609375 0.0578125 0.01875
14 0.3125 0.559375 0.14375 0.025
14 0.6875 0.3546875 0.046875 0.0203125
14 0.5 0.3546875 0.059375 0.0203125
14 0.3109375 0.3515625 0.121875 0.0484375
14 0.6875 0.1453125 0.084375 0.0484375
14 0.5 0.1484375 0.0515625 0.0203125
14 0.3125 0.1484375 0.115625 0.0203125
15 0.50078125 0.03828125 0.5609375 0.0765625
3 0.278125 0.90625 0.034375 0.0328125
5 0.6875 0.65 0.1234375 0.1234375
5 0.5 0.65 0.1234375 0.1234375
5 0.3125 0.65 0.1234375 0.1234375
5 0.6875 0.44375 0.1234375 0.1234375
5 0.5 0.44375 0.1234375 0.1234375
5 0.3125 0.44375 0.1234375 0.1234375
5 0.6875 0.2375 0.1234375 0.1234375
5 0.5 0.2375 0.1234375 0.1234375
5 0.3125 0.2375 0.1234375 0.1234375
5 0.6875 0.084375 0.1234375 0.0171875
5 0.5 0.084375 0.1234375 0.0171875
5 0.3125 0.084375 0.1234375 0.0171875
17 0.5 0.9828125 0.5609375 0.0328125