14 0.490625 0.075 0.1765625 0.0234375
14 0.725 0.990625 0.059375 0.0171875
14 0.6125 0.9875 0.0875 0.0140625
14 0.5 0.9875 0.0328125 0.0140625
14 0.3890625 0.9875 0.040625 0.0140625
14 0.2765625 0.9890625 0.0671875 0.0125
14 0.5015625 0.140625 0.165625 0.0203125
3 0.734375 0.075 0.034375 0.0359375
3 0.3328125 0.071875 0.0359375 0.0234375
3 0.646875 0.071875 0.08125 0.05
14 0.309375 0.8859375 0.1234375 0.0171875
14 0.3671875 0.834375 0.2390625 0.05
5 0.371875 0.6640625 0.2484375 0.25
14 0.56875 0.884375 0.1234375 0.0171875
14 0.625 0.834375 0.2390625 0.0515625
5 0.63125 0.6640625 0.2484375 0.25
14 0.56875 0.48125 0.125 0.01875
14 0.621875 0.4453125 0.228125 0.021875
5 0.63125 0.290625 0.2484375 0.2484375
14 0.309375 0.5109375 0.1234375 0.01875
14 0.34375 0.459375 0.190625 0.0515625
5 0.7453125 0.4828125 0.021875 0.0203125
5 0.371875 0.290625 0.2484375 0.25
6 0.534375 0.071875 0.3140625 0.0609375
3 0.278125 0.071875 0.025 0.0234375
3 0.275 0.959375 0.0328125 0.0328125
5 0.3875 0.959375 0.021875 0.028125
3 0.5 0.959375 0.034375 0.034375
5 0.6125 0.959375 0.0328125 0.034375
3 0.725 0.959375 0.028125 0.028125
17 0.5 0.0171875 0.5609375 0.0328125