14 0.5546875 0.0375 0.2890625 0.0546875
3 0.2828125 0.04375 0.0296875 0.028125
5 0.31875 0.0421875 0.1546875 0.084375
14 0.690625 0.1453125 0.1109375 0.0203125
15 0.471875 0.153125 0.121875 0.04375
14 0.675 0.265625 0.14375 0.0140625
3 0.478125 0.265625 0.1359375 0.021875
14 0.51875 0.3015625 0.215625 0.021875
3 0.2828125 0.2890625 0.0296875 0.0265625
5 0.31875 0.225 0.15625 0.209375
14 0.69375 0.390625 0.1015625 0.0203125
15 0.471875 0.4 0.121875 0.04375
14 0.6921875 0.4765625 0.1046875 0.0140625
3 0.4796875 0.478125 0.134375 0.021875
14 0.55 0.53125 0.278125 0.05625
3 0.28125 0.5359375 0.03125 0.028125
5 0.31875 0.471875 0.15625 0.209375
14 0.69375 0.6375 0.1046875 0.0203125
15 0.471875 0.6453125 0.121875 0.04375
14 0.6875 0.7234375 0.1171875 0.0140625
3 0.478125 0.7234375 0.1359375 0.021875
14 0.5515625 0.775 0.28125 0.05625
3 0.2828125 0.78125 0.0296875 0.0265625
5 0.31875 0.7171875 0.15625 0.209375
14 0.3828125 0.8625 0.2859375 0.0359375
3 0.7484375 0.9296875 0.03125 0.0265625
3 0.253125 0.928125 0.0296875 0.025
17 0.5 0.9828125 0.5609375 0.0328125