14 0.6390625 0.7171875 0.05625 0.01875
14 0.621875 0.6015625 0.090625 0.021875
14 0.359375 0.8484375 0.0734375 0.025
14 0.640625 0.85 0.103125 0.025
14 0.5 0.0140625 0.2921875 0.0140625
3 0.7078125 0.7171875 0.0234375 0.01875
3 0.7078125 0.603125 0.021875 0.025
3 0.2953125 0.603125 0.03125 0.0265625
6 0.5 0.596875 0.4640625 0.040625
6 0.5 0.7078125 0.4640625 0.0375
3 0.7421875 0.928125 0.021875 0.021875
14 0.565625 0.928125 0.23125 0.01875
17 0.5 0.9828125 0.5609375 0.03125
14 0.5 0.496875 0.240625 0.01875
5 0.5 0.134375 0.5609375 0.209375