14 0.5015625 0.621875 0.3421875 0.025
14 0.440625 0.1453125 0.0953125 0.0203125
14 0.5 0.69375 0.3453125 0.0625
5 0.5015625 0.48125 0.1640625 0.171875
14 0.2734375 0.075 0.0625 0.0234375
14 0.2984375 0.1453125 0.121875 0.01875
17 0.5 0.0171875 0.5609375 0.0328125
14 0.275 0.9796875 0.0484375 0.0140625
14 0.3875 0.9796875 0.0765625 0.0140625
14 0.5 0.9796875 0.0578125 0.0140625
14 0.6125 0.9796875 0.0296875 0.0140625
14 0.725 0.9796875 0.034375 0.0125
3 0.7234375 0.95 0.0296875 0.0296875
3 0.6125 0.95 0.028125 0.0296875
3 0.5 0.95 0.028125 0.028125
3 0.3875 0.95 0.028125 0.025
3 0.275 0.9515625 0.028125 0.028125