14 0.7125 0.9296875 0.05 0.0171875
14 0.4984375 0.825 0.4203125 0.078125
14 0.70625 0.725 0.1046875 0.021875
14 0.6 0.6640625 0.3171875 0.08125
14 0.70625 0.5625 0.10625 0.021875
14 0.6 0.503125 0.3171875 0.08125
14 0.70625 0.4015625 0.1046875 0.021875
14 0.6453125 0.353125 0.228125 0.05625
15 0.5 0.0515625 0.1140625 0.0609375
2 0.25625 0.36875 0.0328125 0.03125
2 0.2578125 0.5203125 0.03125 0.03125
2 0.2578125 0.6828125 0.0328125 0.03125
3 0.7515625 0.93125 0.0140625 0.025
17 0.5 0.9859375 0.5609375 0.0265625