5 0.5 0.1453125 0.2703125 0.065625
14 0.359375 0.2625 0.0578125 0.0234375
14 0.640625 0.2609375 0.1703125 0.0171875
14 0.3390625 0.3625 0.1390625 0.015625
14 0.3625 0.4421875 0.1875 0.0171875
14 0.4953125 0.5203125 0.496875 0.05
14 0.390625 0.596875 0.2828125 0.021875
2 0.2609375 0.64375 0.0234375 0.0234375
14 0.4859375 0.653125 0.40625 0.0421875
14 0.3375 0.6953125 0.1078125 0.015625
14 0.475 0.7390625 0.3828125 0.0375
14 0.5 0.8828125 0.26875 0.015625
5 0.4625 0.9390625 0.0390625 0.0390625
3 0.2921875 0.9390625 0.0375 0.0375
3 0.6375 0.9390625 0.0375 0.03125
14 0.69375 0.9390625 0.05625 0.0140625
14 0.3578125 0.940625 0.075 0.0140625
14 0.5296875 0.9421875 0.078125 0.0171875
6 0.5 0.4421875 0.509375 0.0671875
6 0.5 0.3625 0.509375 0.06875