14 0.68125 0.459375 0.1140625 0.021875
14 0.70625 0.534375 0.0640625 0.021875
14 0.6328125 0.8375 0.253125 0.0328125
14 0.5 0.66875 0.0265625 0.0171875
14 0.6359375 0.609375 0.246875 0.0328125
14 0.321875 0.3875 0.165625 0.021875
14 0.5 0.1359375 0.4671875 0.05
15 0.5 0.2328125 0.521875 0.0765625
15 0.5 0.315625 0.521875 0.0765625
15 0.640625 0.7609375 0.240625 0.0859375
15 0.359375 0.7609375 0.240625 0.0859375
14 0.65 0.925 0.0609375 0.0203125
3 0.25625 0.928125 0.03125 0.03125
3 0.7421875 0.928125 0.0125 0.0234375
6 0.5 0.5359375 0.521875 0.06875
6 0.5 0.4578125 0.521875 0.06875
17 0.5 0.9828125 0.5609375 0.0328125