14 0.490625 0.075 0.1765625 0.0296875
14 0.5015625 0.4265625 0.40625 0.03125
14 0.5015625 0.49375 0.446875 0.0546875
14 0.5015625 0.65625 0.0203125 0.0125
14 0.5015625 0.73125 0.4265625 0.053125
14 0.6875 0.98125 0.0515625 0.0109375
14 0.5 0.98125 0.065625 0.0109375
14 0.3125 0.98125 0.05 0.0109375
3 0.3125 0.95 0.03125 0.03125
3 0.5 0.95 0.0296875 0.028125
3 0.6875 0.95 0.01875 0.028125
15 0.5 0.8125 0.328125 0.065625
15 0.5 0.5765625 0.3375 0.065625
5 0.5 0.2859375 0.321875 0.196875
17 0.5 0.0140625 0.5609375 0.0265625