17 0.5 0.0140625 0.5609375 0.0265625
3 0.2578125 0.071875 0.021875 0.021875
14 0.3828125 0.0734375 0.13125 0.0265625
14 0.259375 0.1515625 0.025 0.0171875
3 0.5671875 0.071875 0.025 0.025
3 0.6328125 0.071875 0.0328125 0.0328125
3 0.6984375 0.071875 0.0296875 0.03125
3 0.7546875 0.071875 0.00625 0.0234375
14 0.3984375 0.2375 0.3 0.021875
14 0.30625 0.31875 0.1140625 0.0171875
14 0.403125 0.4015625 0.3109375 0.0171875
14 0.3671875 0.484375 0.2390625 0.0171875
14 0.359375 0.571875 0.228125 0.021875
14 0.3390625 0.6546875 0.184375 0.021875
14 0.3203125 0.7375 0.1484375 0.021875
14 0.39375 0.821875 0.296875 0.021875
14 0.371875 0.9046875 0.25 0.021875
14 0.3296875 0.9890625 0.165625 0.021875