14 0.73125 0.4828125 0.03125 0.015625
15 0.3 0.478125 0.090625 0.028125
14 0.565625 0.090625 0.3109375 0.090625
3 0.2828125 0.1140625 0.0296875 0.028125
14 0.678125 0.0203125 0.134375 0.0125
14 0.69375 0.3 0.10625 0.0140625
14 0.69375 0.215625 0.10625 0.021875
3 0.478125 0.5828125 0.1359375 0.021875
14 0.5671875 0.353125 0.3125 0.05625
14 0.68125 0.58125 0.1265625 0.0140625
14 0.6953125 0.4609375 0.0984375 0.0203125
3 0.478125 0.021875 0.1359375 0.021875
15 0.471875 0.2234375 0.121875 0.0453125
3 0.478125 0.3015625 0.1359375 0.021875
14 0.56875 0.6171875 0.315625 0.0203125
3 0.2828125 0.3609375 0.0296875 0.028125
15 0.471875 0.4703125 0.121875 0.04375
3 0.28125 0.60625 0.03125 0.028125
14 0.6890625 0.70625 0.1125 0.0203125
14 0.6890625 0.76875 0.1125 0.0125
15 0.471875 0.715625 0.121875 0.04375
3 0.478125 0.7703125 0.1359375 0.021875
14 0.5625 0.8390625 0.303125 0.0890625
3 0.2828125 0.8625 0.03125 0.0296875
3 0.253125 0.928125 0.028125 0.025
3 0.7484375 0.928125 0.03125 0.0265625
5 0.31875 0.0765625 0.15625 0.153125
5 0.31875 0.2953125 0.15625 0.209375
5 0.31875 0.540625 0.15625 0.209375
5 0.31875 0.790625 0.15625 0.215625
17 0.5 0.9828125 0.5609375 0.0328125