14 0.334375 0.1078125 0.175 0.021875
14 0.30625 0.0234375 0.1171875 0.021875
14 0.321875 0.19375 0.146875 0.0171875
14 0.2875 0.275 0.08125 0.021875
14 0.2875 0.3578125 0.0796875 0.021875
14 0.271875 0.44375 0.046875 0.0171875
14 0.334375 0.528125 0.1734375 0.0171875
14 0.3 0.609375 0.1046875 0.021875
14 0.325 0.6921875 0.15625 0.021875
14 0.2734375 0.778125 0.0515625 0.0171875
14 0.259375 0.8609375 0.025 0.0171875
3 0.7546875 0.928125 0.00625 0.021875
3 0.6984375 0.928125 0.0296875 0.0296875
3 0.6328125 0.928125 0.0328125 0.0328125
3 0.5671875 0.928125 0.025 0.025
14 0.396875 0.928125 0.1609375 0.021875
3 0.2578125 0.928125 0.021875 0.021875
17 0.5 0.9859375 0.5609375 0.025