14 0.29375 0.290625 0.075 0.01875
14 0.56875 0.290625 0.075 0.01875
14 0.3 0.5765625 0.0875 0.01875
14 0.56875 0.5765625 0.075 0.01875
14 0.29375 0.8640625 0.0734375 0.01875
14 0.56875 0.8625 0.075 0.01875
15 0.425 0.8625 0.0890625 0.0296875
15 0.6984375 0.8625 0.0890625 0.0296875
15 0.425 0.5765625 0.0890625 0.0296875
15 0.6984375 0.5765625 0.0890625 0.0296875
15 0.425 0.2890625 0.0890625 0.0296875
15 0.6984375 0.290625 0.0890625 0.0296875
5 0.3625 0.15625 0.2171875 0.2171875
5 0.6359375 0.15625 0.215625 0.215625
5 0.3625 0.4421875 0.215625 0.2171875
5 0.6375 0.4421875 0.2140625 0.2140625
5 0.3625 0.728125 0.2171875 0.2171875
5 0.6359375 0.728125 0.2171875 0.2140625
5 0.3625 0.953125 0.2140625 0.0921875
5 0.6359375 0.953125 0.2171875 0.09375
17 0.5 0.0171875 0.5609375 0.0328125