14 0.30625 0.6859375 0.1296875 0.046875
14 0.61875 0.5578125 0.215625 0.046875
14 0.325 0.2171875 0.165625 0.046875
14 0.5546875 0.134375 0.0875 0.046875
5 0.365625 0.1125 0.2484375 0.071875
5 0.634375 0.334375 0.2484375 0.3109375
5 0.365625 0.440625 0.2484375 0.3546875
5 0.6359375 0.76875 0.2484375 0.33125
5 0.365625 0.86875 0.209375 0.190625
17 0.5 0.9859375 0.5609375 0.025
3 0.275 0.0375 0.025 0.0234375
3 0.3875 0.0390625 0.0234375 0.0234375
3 0.5 0.0390625 0.028125 0.025
3 0.6109375 0.0390625 0.028125 0.028125
3 0.725 0.0375 0.028125 0.028125