14 0.359375 0.890625 0.165625 0.0171875
14 0.640625 0.890625 0.0671875 0.0171875
14 0.5 0.678125 0.1328125 0.021875
14 0.5 0.6 0.18125 0.021875
5 0.4984375 0.80625 0.0515625 0.1
14 0.5015625 0.6375 0.4484375 0.021875
5 0.50625 0.33125 0.2578125 0.2265625
14 0.5 0.1640625 0.1328125 0.0171875
14 0.503125 0.121875 0.44375 0.021875
3 0.5125 0.03125 0.025 0.0234375
14 0.48125 0.03125 0.0140625 0.015625
14 0.5 0.084375 0.190625 0.021875
17 0.5 0.9859375 0.5609375 0.0265625
14 0.48125 0.546875 0.01875 0.015625
3 0.515625 0.546875 0.025 0.025