17 0.5 0.9828125 0.5609375 0.0328125
14 0.7265625 0.925 0.065625 0.0328125
14 0.7265625 0.846875 0.0734375 0.0203125
14 0.60625 0.8484375 0.0984375 0.021875
14 0.5 0.74375 0.2203125 0.0203125
5 0.634375 0.60625 0.2484375 0.196875
5 0.3640625 0.60625 0.2484375 0.196875
14 0.64375 0.4578125 0.2078125 0.0640625
14 0.3875 0.459375 0.18125 0.0640625
5 0.634375 0.2890625 0.2484375 0.1953125
5 0.3640625 0.2890625 0.2484375 0.1953125
14 0.384375 0.1375 0.1875 0.0703125
14 0.640625 0.1578125 0.215625 0.0296875
3 0.725 0.05 0.028125 0.028125
3 0.6125 0.05 0.028125 0.025
14 0.725 0.0203125 0.05 0.0140625
14 0.6125 0.0203125 0.0765625 0.0140625
3 0.5 0.05 0.028125 0.028125
14 0.5 0.021875 0.0578125 0.015625
3 0.3875 0.05 0.028125 0.0296875
14 0.3875 0.0203125 0.0296875 0.0140625
3 0.2765625 0.05 0.03125 0.0296875
14 0.275 0.0203125 0.0359375 0.0140625