14 0.3375 0.0765625 0.0921875 0.0171875
14 0.7375 0.9125 0.053125 0.025
14 0.7390625 0.515625 0.046875 0.0234375
14 0.7171875 0.9453125 0.09375 0.01875
14 0.7171875 0.55 0.09375 0.01875
14 0.6734375 0.98125 0.1828125 0.025
14 0.3859375 0.9640625 0.296875 0.053125
14 0.3140625 0.9125 0.153125 0.01875
5 0.5 0.7578125 0.5609375 0.253125
14 0.66875 0.584375 0.1921875 0.025
14 0.3859375 0.56875 0.296875 0.0546875
14 0.328125 0.5171875 0.1828125 0.0234375
5 0.5 0.3609375 0.5609375 0.2515625
14 0.328125 0.2078125 0.1859375 0.0203125
3 0.746875 0.078125 0.0296875 0.028125
15 0.7265625 0.15 0.084375 0.0546875
15 0.5859375 0.15 0.16875 0.0546875
15 0.3609375 0.15 0.253125 0.0546875
3 0.259375 0.0765625 0.0203125 0.0203125
6 0.4640625 0.0765625 0.459375 0.05625
17 0.5 0.0171875 0.5609375 0.0328125