14 0.296875 0.55 0.0859375 0.0140625
14 0.31875 0.64375 0.1296875 0.0140625
15 0.5 0.18125 0.51875 0.0703125
14 0.5 0.259375 0.290625 0.01875
14 0.5 0.33125 0.5015625 0.0171875
15 0.5 0.4203125 0.5171875 0.0703125
14 0.4 0.5 0.309375 0.01875
6 0.5 0.5484375 0.51875 0.0578125
14 0.29375 0.5953125 0.0921875 0.0140625
14 0.2734375 0.6890625 0.0515625 0.0140625
6 0.5 0.6421875 0.51875 0.0578125
14 0.5 0.8640625 0.1015625 0.025
3 0.253125 0.940625 0.0140625 0.0234375
5 0.428125 0.940625 0.028125 0.0296875
15 0.6421875 0.790625 0.2328125 0.0703125
14 0.515625 0.940625 0.140625 0.021875
15 0.3578125 0.790625 0.2328125 0.071875
17 0.5 0.9859375 0.5609375 0.025