14 0.5015625 0.8796875 0.2015625 0.03125
14 0.39375 0.559375 0.3 0.03125
14 0.3609375 0.46875 0.2 0.0125
14 0.375 0.31875 0.221875 0.05625
14 0.375 0.265625 0.2203125 0.01875
14 0.3625 0.1921875 0.1984375 0.0125
14 0.3125 0.01875 0.0484375 0.0109375
14 0.5 0.01875 0.065625 0.0109375
14 0.6875 0.01875 0.05 0.0109375
3 0.3125 0.05 0.0296875 0.0296875
3 0.5 0.05 0.0296875 0.0265625
3 0.6875 0.05 0.01875 0.028125
5 0.5625 0.7828125 0.0296875 0.0296875
5 0.3015625 0.7828125 0.03125 0.0296875
5 0.3015625 0.678125 0.03125 0.0296875
5 0.5625 0.678125 0.0296875 0.0265625
15 0.3703125 0.7828125 0.246875 0.0875
15 0.63125 0.78125 0.246875 0.0890625
15 0.63125 0.678125 0.246875 0.0875
15 0.3703125 0.678125 0.246875 0.0875
5 0.5 0.3671875 0.5171875 0.265625
5 0.5 0.15 0.5171875 0.146875
17 0.5 0.9828125 0.5609375 0.0328125