3 0.2578125 0.0703125 0.021875 0.021875
14 0.45 0.075 0.2640625 0.028125
5 0.265625 0.146875 0.0484375 0.0328125
2 0.7484375 0.1484375 0.0234375 0.0234375
14 0.4375 0.15 0.2328125 0.0234375
5 0.265625 0.2265625 0.0484375 0.0328125
2 0.7484375 0.2265625 0.0234375 0.025
14 0.4265625 0.228125 0.2078125 0.0234375
5 0.265625 0.303125 0.0484375 0.0328125
2 0.7484375 0.3046875 0.0234375 0.025
14 0.4703125 0.30625 0.296875 0.0234375
5 0.265625 0.3828125 0.0484375 0.03125
14 0.453125 0.38125 0.2640625 0.028125
2 0.7484375 0.38125 0.0234375 0.025
5 0.265625 0.4609375 0.0484375 0.0328125
2 0.7484375 0.459375 0.0234375 0.0234375
14 0.415625 0.4625 0.1859375 0.0234375
5 0.265625 0.5390625 0.0484375 0.0328125
2 0.7484375 0.5390625 0.0234375 0.025
14 0.4125 0.5375 0.18125 0.0203125
5 0.265625 0.6171875 0.0484375 0.0328125
2 0.7484375 0.6171875 0.0234375 0.0234375
14 0.4421875 0.615625 0.2390625 0.0203125
5 0.265625 0.6953125 0.05 0.0328125
2 0.7484375 0.6953125 0.0234375 0.0234375
14 0.4109375 0.696875 0.1765625 0.025
5 0.265625 0.771875 0.0484375 0.0328125
2 0.7484375 0.7734375 0.0234375 0.025
14 0.415625 0.775 0.1890625 0.0234375
5 0.265625 0.85 0.05 0.0328125
2 0.7484375 0.8515625 0.0234375 0.025
14 0.4203125 0.85 0.1953125 0.0203125
5 0.265625 0.928125 0.0484375 0.0328125
2 0.7484375 0.928125 0.0234375 0.025
14 0.40625 0.93125 0.16875 0.0234375
5 0.265625 0.9953125 0.0484375 0.009375
17 0.5 0.0125 0.5609375 0.025