5 0.5 0.06875 0.175 0.040625
3 0.253125 0.071875 0.025 0.0265625
3 0.7359375 0.071875 0.025 0.025
14 0.5 0.14375 0.3109375 0.0171875
14 0.359375 0.2078125 0.1296875 0.0140625
14 0.640625 0.20625 0.096875 0.0140625
14 0.2609375 0.26875 0.0390625 0.0140625
6 0.5 0.31875 0.51875 0.065625
14 0.275 0.31875 0.040625 0.0140625
14 0.265625 0.3859375 0.0484375 0.0140625
6 0.5 0.4359375 0.51875 0.065625
14 0.2796875 0.434375 0.05 0.0140625
14 0.409375 0.484375 0.3265625 0.0140625
2 0.259375 0.559375 0.0234375 0.0234375
14 0.39375 0.5625 0.2125 0.015625
15 0.49921875 0.96171875 0.5609375 0.0765625
17 0.5 0.0171875 0.5609375 0.0328125