14 0.5625 0.2796875 0.178125 0.0171875
14 0.603125 0.38125 0.09375 0.0171875
14 0.625 0.48125 0.0515625 0.01875
6 0.521875 0.271875 0.2625 0.0328125
6 0.521875 0.371875 0.2625 0.0328125
6 0.4984375 0.4734375 0.30625 0.0328125
14 0.5859375 0.93125 0.1546875 0.0234375
14 0.340625 0.934375 0.0625 0.01875
14 0.5953125 0.75625 0.065625 0.0171875
14 0.403125 0.75625 0.08125 0.0171875
14 0.4984375 0.5359375 0.0234375 0.0140625
14 0.5 0.103125 0.2875 0.0125
14 0.4984375 0.0671875 0.3453125 0.0125
3 0.2625 0.934375 0.00625 0.021875
3 0.6875 0.9328125 0.021875 0.025
3 0.7421875 0.934375 0.0234375 0.0234375
5 0.49375 0.8328125 0.178125 0.053125
15 0.4984375 0.675 0.3390625 0.05
15 0.5 0.596875 0.340625 0.0515625
15 0.4046875 0.1671875 0.115625 0.05
3 0.3625 0.3796875 0.025 0.0234375
3 0.3625 0.28125 0.025 0.0234375
17 0.5 0.9828125 0.5609375 0.0328125