14 0.3703125 0.075 0.184375 0.021875
14 0.3625 0.171875 0.240625 0.03125
14 0.38125 0.2234375 0.28125 0.01875
14 0.3015625 0.29375 0.1171875 0.01875
14 0.359375 0.3640625 0.2328125 0.0203125
14 0.3453125 0.4546875 0.209375 0.028125
14 0.4765625 0.509375 0.465625 0.0234375
14 0.315625 0.5828125 0.1453125 0.025
14 0.3875 0.6578125 0.29375 0.0203125
14 0.328125 0.80625 0.1765625 0.025
14 0.353125 0.8734375 0.225 0.0203125
14 0.725 0.9796875 0.071875 0.0140625
14 0.6125 0.9796875 0.03125 0.0125
14 0.5 0.9796875 0.0328125 0.0125
14 0.3875 0.98125 0.0375 0.0171875
14 0.2765625 0.9796875 0.04375 0.0125
14 0.315625 0.7484375 0.1453125 0.0203125
3 0.6875 0.071875 0.0265625 0.0234375
3 0.7375 0.071875 0.025 0.021875
3 0.2625 0.071875 0.0203125 0.0203125
3 0.746875 0.225 0.025 0.0171875
3 0.746875 0.2953125 0.025 0.0171875
3 0.746875 0.365625 0.025 0.0171875
3 0.746875 0.5078125 0.025 0.0171875
13 0.74375 0.58125 0.0453125 0.028125
13 0.74375 0.6578125 0.0453125 0.028125
3 0.746875 0.8046875 0.025 0.0171875
3 0.746875 0.875 0.025 0.0171875
3 0.725 0.9484375 0.0328125 0.03125
3 0.6125 0.9515625 0.0328125 0.0296875
3 0.5 0.95 0.0296875 0.0296875
5 0.3875 0.95 0.034375 0.034375
3 0.275 0.9515625 0.025 0.025
6 0.44375 0.071875 0.415625 0.0546875
17 0.5 0.0140625 0.5609375 0.0265625