14 0.303125 0.515625 0.0578125 0.0203125
14 0.328125 0.4546875 0.1078125 0.0234375
14 0.371875 0.928125 0.109375 0.053125
14 0.503125 0.5765625 0.3296875 0.01875
14 0.5015625 0.215625 0.20625 0.025
14 0.503125 0.1078125 0.296875 0.1234375
14 0.503125 0.009375 0.3078125 0.01875
3 0.60625 0.928125 0.0296875 0.0328125
3 0.671875 0.928125 0.0328125 0.0328125
3 0.740625 0.9296875 0.034375 0.0359375
3 0.2625 0.928125 0.0125 0.021875
15 0.5015625 0.2953125 0.4703125 0.065625
15 0.5015625 0.36875 0.4703125 0.0609375
6 0.5015625 0.453125 0.459375 0.0296875
6 0.5015625 0.5125 0.459375 0.03125
5 0.5 0.7703125 0.5609375 0.2390625
17 0.5 0.9859375 0.5609375 0.0265625