5 0.6375 0.8796875 0.2609375 0.240625
5 0.3640625 0.8796875 0.2609375 0.240625
14 0.56875 0.390625 0.103125 0.01875
14 0.284375 0.3921875 0.0875 0.025
14 0.2734375 0.715625 0.0640625 0.0203125
14 0.5609375 0.715625 0.0890625 0.01875
5 0.6375 0.5640625 0.2625 0.2625
5 0.3640625 0.5640625 0.2609375 0.2625
5 0.6375 0.2375 0.2625 0.2609375
5 0.3640625 0.2375 0.2609375 0.2609375
3 0.25 0.0640625 0.034375 0.034375
5 0.5 0.065625 0.14375 0.034375
15 0.7203125 0.0640625 0.1109375 0.03125
17 0.5 0.0171875 0.5609375 0.0328125