14 0.665625 0.071875 0.2046875 0.025
14 0.4984375 0.25 0.45 0.0921875
14 0.4984375 0.5234375 0.1234375 0.021875
14 0.5 0.8 0.3265625 0.0203125
14 0.734375 0.9828125 0.0375 0.0125
14 0.6390625 0.984375 0.0546875 0.015625
14 0.5453125 0.9828125 0.0484375 0.0125
14 0.453125 0.9828125 0.0390625 0.0125
14 0.359375 0.984375 0.0640625 0.015625
14 0.265625 0.984375 0.021875 0.0125
3 0.265625 0.9453125 0.03125 0.0328125
3 0.359375 0.9453125 0.03125 0.0328125
3 0.453125 0.9453125 0.0390625 0.03125
5 0.546875 0.9453125 0.0375 0.040625
3 0.640625 0.9453125 0.0328125 0.0296875
3 0.734375 0.9453125 0.034375 0.0296875
3 0.2515625 0.071875 0.0328125 0.0328125
5 0.5 0.246875 0.5609375 0.2734375
5 0.5 0.521875 0.5609375 0.2734375
3 0.278125 0.8578125 0.078125 0.078125
5 0.5 0.790625 0.5609375 0.2546875
17 0.5 0.0171875 0.5609375 0.0328125