17 0.5 0.0171875 0.5609375 0.0328125
5 0.309375 0.9765625 0.1375 0.046875
5 0.309375 0.834375 0.1375 0.1359375
5 0.309375 0.6484375 0.1375 0.1375
5 0.309375 0.4625 0.1375 0.1375
5 0.309375 0.275 0.1375 0.1375
3 0.25625 0.0703125 0.021875 0.0171875
15 0.29375 0.14375 0.10625 0.0453125
15 0.440625 0.14375 0.14375 0.04375
14 0.4125 0.071875 0.190625 0.025
15 0.621875 0.14375 0.1765625 0.04375
3 0.7484375 0.071875 0.0234375 0.025
15 0.75625 0.1421875 0.0484375 0.0453125
14 0.5625 0.228125 0.315625 0.0234375
3 0.7484375 0.34375 0.028125 0.025
14 0.5265625 0.275 0.2421875 0.0203125
14 0.54375 0.3125 0.275 0.015625
14 0.5203125 0.415625 0.225 0.0296875
14 0.515625 0.4609375 0.2203125 0.0203125
14 0.4875 0.5 0.1625 0.0203125
3 0.7484375 0.53125 0.028125 0.025
14 0.5796875 0.621875 0.346875 0.0671875
3 0.7484375 0.7171875 0.028125 0.025
14 0.58125 0.690625 0.353125 0.0203125
14 0.525 0.73125 0.2390625 0.0203125
14 0.5671875 0.8125 0.325 0.0734375
14 0.58125 0.878125 0.3484375 0.0203125
14 0.490625 0.91875 0.1703125 0.01875
3 0.7484375 0.903125 0.028125 0.025
14 0.56875 0.9765625 0.328125 0.0296875