14 0.7375 0.928125 0.0640625 0.015625
14 0.571875 0.853125 0.0828125 0.021875
14 0.621875 0.803125 0.2203125 0.0421875
14 0.6984375 0.725 0.0921875 0.0171875
14 0.571875 0.646875 0.0828125 0.021875
14 0.628125 0.5953125 0.2328125 0.0453125
14 0.6984375 0.51875 0.09375 0.0171875
14 0.5671875 0.440625 0.0578125 0.0234375
14 0.615625 0.3890625 0.20625 0.046875
14 0.69375 0.3109375 0.103125 0.0203125
14 0.5734375 0.234375 0.08125 0.021875
14 0.6125 0.1859375 0.2046875 0.0421875
14 0.7 0.1046875 0.0921875 0.0203125
14 0.5734375 0.028125 0.08125 0.021875
5 0.3625 0.028125 0.25625 0.05625
5 0.3609375 0.165625 0.25625 0.1921875
5 0.3625 0.371875 0.25625 0.1921875
5 0.3609375 0.578125 0.25625 0.1921875
5 0.3625 0.784375 0.25625 0.1921875
3 0.2578125 0.928125 0.021875 0.021875
3 0.6625 0.928125 0.025 0.025
3 0.73125 0.8546875 0.028125 0.025
3 0.51875 0.853125 0.0140625 0.0140625
3 0.51875 0.6484375 0.0140625 0.0125
3 0.73125 0.6484375 0.028125 0.025
3 0.521875 0.4421875 0.015625 0.015625
3 0.73125 0.4421875 0.028125 0.025
3 0.73125 0.2359375 0.028125 0.0234375
3 0.51875 0.2359375 0.0140625 0.0140625
3 0.73125 0.0296875 0.028125 0.025
3 0.51875 0.0296875 0.0140625 0.0140625
17 0.5 0.9828125 0.5609375 0.0328125