14 0.278125 0.071875 0.0734375 0.0234375
14 0.5015625 0.18125 0.45 0.0359375
14 0.5 0.246875 0.4484375 0.0546875
15 0.5 0.759375 0.51875 0.065625
14 0.5015625 0.85 0.2296875 0.021875
14 0.290625 0.9796875 0.046875 0.0140625
14 0.4296875 0.978125 0.05625 0.0171875
14 0.5703125 0.978125 0.0921875 0.015625
14 0.7109375 0.9796875 0.040625 0.0140625
10 0.7109375 0.95 0.0328125 0.009375
5 0.5703125 0.95 0.03125 0.0328125
3 0.4296875 0.946875 0.0328125 0.0296875
3 0.290625 0.95 0.0328125 0.0296875
5 0.5 0.4671875 0.340625 0.3
17 0.5 0.0171875 0.5609375 0.0328125