17 0.5 0.9828125 0.5609375 0.0328125
5 0.5 0.7875 0.5609375 0.35625
5 0.5 0.790625 0.1265625 0.125
15 0.640625 0.5625 0.28125 0.09375
14 0.359375 0.5625 0.1515625 0.0171875
3 0.73125 0.4546875 0.0296875 0.025
14 0.565625 0.4515625 0.240625 0.025
3 0.7296875 0.3625 0.021875 0.0265625
14 0.6015625 0.3609375 0.1671875 0.025
14 0.4875 0.275 0.4140625 0.01875
2 0.740625 0.278125 0.0328125 0.0359375
15 0.5 0.2078125 0.5296875 0.0609375
6 0.5 0.4546875 0.5296875 0.06875
6 0.5 0.3640625 0.528125 0.06875