14 0.428125 0.071875 0.21875 0.025
14 0.5015625 0.5 0.2734375 0.03125
14 0.5015625 0.55 0.3375 0.053125
14 0.53125 0.76875 0.2359375 0.025
14 0.5640625 0.8421875 0.3 0.10625
14 0.2890625 0.9796875 0.0484375 0.0140625
14 0.4296875 0.98125 0.090625 0.01875
14 0.5703125 0.9796875 0.0546875 0.0140625
14 0.7109375 0.978125 0.0296875 0.015625
3 0.2890625 0.95 0.025 0.025
3 0.4296875 0.95 0.028125 0.0265625
3 0.5703125 0.95 0.0203125 0.028125
3 0.7109375 0.95 0.028125 0.028125
3 0.2578125 0.0703125 0.028125 0.0203125
5 0.5 0.3125 0.471875 0.28125
5 0.315625 0.8296875 0.1515625 0.175
15 0.5 0.621875 0.18125 0.05
17 0.5 0.0140625 0.5609375 0.0265625