14 0.5 0.928125 0.2328125 0.0171875
14 0.3125 0.809375 0.0625 0.015625
14 0.5 0.809375 0.05625 0.015625
14 0.6890625 0.80625 0.090625 0.01875
14 0.353125 0.71875 0.225 0.0265625
14 0.684375 0.7171875 0.153125 0.0203125
14 0.33125 0.65625 0.0671875 0.0171875
14 0.34375 0.5890625 0.0875 0.021875
14 0.3671875 0.5234375 0.134375 0.021875
14 0.3265625 0.459375 0.0515625 0.015625
14 0.3734375 0.3921875 0.15 0.0203125
14 0.353125 0.328125 0.1046875 0.0171875
14 0.371875 0.2625 0.14375 0.0171875
14 0.340625 0.196875 0.0796875 0.015625
14 0.3875 0.1296875 0.175 0.0203125
14 0.275 0.015625 0.075 0.0140625
14 0.3875 0.015625 0.0515625 0.0109375
14 0.5 0.015625 0.0515625 0.0140625
14 0.6125 0.015625 0.0609375 0.0140625
14 0.725 0.015625 0.0453125 0.009375
3 0.725 0.0484375 0.0375 0.034375
5 0.6125 0.0484375 0.025 0.0375
3 0.5 0.0484375 0.0265625 0.0375
3 0.3875 0.0484375 0.0359375 0.0375
3 0.275 0.0484375 0.034375 0.0375
5 0.2578125 0.13125 0.034375 0.034375
5 0.259375 0.196875 0.025 0.0390625
3 0.259375 0.2625 0.0359375 0.0375
3 0.259375 0.328125 0.0359375 0.0359375
5 0.259375 0.39375 0.0390625 0.0234375
5 0.259375 0.459375 0.0390625 0.03125
3 0.259375 0.525 0.0375 0.028125
5 0.259375 0.5921875 0.0375 0.025
3 0.2578125 0.65625 0.0375 0.0296875
3 0.753125 0.6515625 0.0171875 0.009375
3 0.6875 0.85 0.0375 0.0265625
3 0.5 0.85 0.0390625 0.0328125
3 0.3125 0.8515625 0.0375 0.0375
17 0.5 0.9828125 0.5609375 0.0328125