14 0.3 0.5015625 0.0875 0.0140625
14 0.321875 0.434375 0.13125 0.015625
14 0.56875 0.3703125 0.096875 0.015625
14 0.3046875 0.3703125 0.0984375 0.0140625
6 0.5 0.5015625 0.51875 0.0546875
6 0.5 0.4359375 0.51875 0.0546875
6 0.36875 0.3703125 0.2546875 0.0546875
6 0.63125 0.3703125 0.2546875 0.0546875
14 0.5 0.1296875 0.11875 0.0640625
14 0.5 0.190625 0.1609375 0.01875
14 0.5 0.3078125 0.078125 0.01875
14 0.5 0.6234375 0.1859375 0.0203125
14 0.4984375 0.9578125 0.4640625 0.0359375
15 0.5 0.740625 0.51875 0.0546875
15 0.625 0.675 0.2484375 0.0546875
15 0.365625 0.675 0.2484375 0.0546875
15 0.5 0.5671875 0.51875 0.0546875
17 0.5 0.0171875 0.5609375 0.0328125