14 0.3984375 0.075 0.2234375 0.0234375
14 0.725 0.9796875 0.0359375 0.0140625
3 0.7234375 0.95 0.03125 0.03125
14 0.5 0.825 0.096875 0.0203125
14 0.5390625 0.8859375 0.021875 0.0140625
14 0.2703125 0.8859375 0.021875 0.0140625
5 0.2625 0.6984375 0.065625 0.065625
5 0.2625 0.6109375 0.065625 0.065625
5 0.2625 0.5234375 0.065625 0.065625
5 0.2625 0.4359375 0.065625 0.065625
5 0.2625 0.3484375 0.065625 0.065625
5 0.2625 0.2609375 0.065625 0.065625
3 0.275 0.95 0.028125 0.028125
3 0.3875 0.95 0.028125 0.0265625
3 0.4625 0.890625 0.0296875 0.0265625
3 0.73125 0.890625 0.0296875 0.0265625
3 0.5 0.9515625 0.028125 0.028125
3 0.6125 0.95 0.028125 0.0296875
5 0.6359375 0.8921875 0.2484375 0.0625
5 0.365625 0.8921875 0.2484375 0.0625
14 0.6125 0.9796875 0.0296875 0.0140625
14 0.5 0.978125 0.059375 0.015625
14 0.3875 0.9796875 0.0765625 0.0140625
14 0.275 0.9796875 0.05 0.0140625
14 0.5 0.7875 0.1328125 0.025
14 0.4421875 0.7 0.2453125 0.0203125
14 0.3875 0.615625 0.134375 0.025
14 0.390625 0.525 0.140625 0.0203125
14 0.384375 0.4375 0.1328125 0.0203125
14 0.4078125 0.35 0.1796875 0.0203125
14 0.33125 0.2625 0.0265625 0.01875
14 0.5 0.19375 0.23125 0.025
14 0.5 0.153125 0.0703125 0.0203125
3 0.25625 0.071875 0.0265625 0.0265625
3 0.74375 0.071875 0.0203125 0.0265625
6 0.5 0.071875 0.540625 0.0546875
17 0.5 0.0171875 0.5609375 0.0328125