14 0.571875 0.25625 0.1734375 0.01875
6 0.3453125 0.2625 0.146875 0.0359375
5 0.5 0.9 0.5609375 0.2
14 0.3484375 0.075 0.1046875 0.0296875
14 0.39375 0.146875 0.075 0.01875
14 0.646875 0.146875 0.090625 0.01875
14 0.496875 0.328125 0.4609375 0.0421875
15 0.5 0.4078125 0.459375 0.053125
5 0.58125 0.146875 0.0203125 0.0296875
3 0.3328125 0.146875 0.028125 0.0203125
5 0.290625 0.25625 0.034375 0.0265625
3 0.2578125 0.071875 0.0203125 0.0203125
14 0.3203125 0.259375 0.021875 0.0171875
6 0.60625 0.2625 0.246875 0.034375
0 0.5 0.5171875 0.5609375 0.965625
17 0.5 0.0171875 0.5609375 0.0328125