3 0.7484375 0.071875 0.025 0.028125
14 0.415625 0.0734375 0.1921875 0.0234375
3 0.2578125 0.071875 0.021875 0.021875
14 0.3546875 0.334375 0.20625 0.0171875
14 0.3171875 0.365625 0.13125 0.0203125
14 0.309375 0.3984375 0.1140625 0.0171875
14 0.2828125 0.4296875 0.0640625 0.0203125
3 0.465625 0.428125 0.00625 0.0203125
5 0.365625 0.2140625 0.2484375 0.1859375
3 0.4625 0.15 0.0296875 0.0265625
5 0.6375 0.2140625 0.25 0.1875
3 0.734375 0.1484375 0.03125 0.0265625
14 0.628125 0.334375 0.209375 0.0171875
14 0.609375 0.3625 0.1734375 0.0171875
14 0.59375 0.396875 0.1421875 0.0171875
14 0.55625 0.43125 0.065625 0.0203125
3 0.7375 0.428125 0.00625 0.0203125
14 0.3625 0.690625 0.2203125 0.021875
14 0.3171875 0.71875 0.13125 0.021875
14 0.2875 0.784375 0.0703125 0.0203125
3 0.465625 0.7828125 0.00625 0.0203125
14 0.634375 0.690625 0.2234375 0.021875
14 0.5734375 0.7203125 0.1015625 0.0203125
14 0.58125 0.753125 0.1140625 0.0171875
14 0.55625 0.784375 0.06875 0.0203125
3 0.7359375 0.7828125 0.0046875 0.01875
5 0.365625 0.56875 0.25 0.1875
5 0.6359375 0.56875 0.25 0.1875
3 0.4625 0.503125 0.0296875 0.0265625
3 0.734375 0.503125 0.0296875 0.0265625
5 0.6359375 0.8765625 0.25 0.09375
3 0.734375 0.8578125 0.0296875 0.0265625
5 0.365625 0.8765625 0.25 0.09375
3 0.4625 0.8578125 0.0296875 0.0265625
14 0.275 0.978125 0.0484375 0.0140625
14 0.3890625 0.9796875 0.0765625 0.0140625
14 0.5 0.978125 0.0578125 0.015625
14 0.6125 0.978125 0.0296875 0.0140625
14 0.725 0.9796875 0.0359375 0.0140625
3 0.275 0.95 0.028125 0.028125
3 0.3875 0.95 0.028125 0.025
3 0.5 0.9515625 0.028125 0.028125
3 0.6125 0.95 0.028125 0.0296875
3 0.7234375 0.95 0.0296875 0.0296875
17 0.5 0.0171875 0.5609375 0.0328125