14 0.359375 0.14375 0.109375 0.0171875
14 0.640625 0.1421875 0.0515625 0.0171875
14 0.725 0.9859375 0.0328125 0.0125
14 0.6125 0.9859375 0.0453125 0.0125
14 0.5015625 0.9859375 0.0421875 0.0125
14 0.3875 0.9859375 0.0375 0.0125
14 0.275 0.9875 0.03125 0.0140625
3 0.275 0.9546875 0.0375 0.0296875
3 0.3953125 0.953125 0.0484375 0.0421875
3 0.5 0.95625 0.03125 0.0359375
3 0.6125 0.95625 0.028125 0.034375
3 0.725 0.959375 0.0328125 0.0109375
3 0.7203125 0.853125 0.0765625 0.0765625
14 0.65 0.771875 0.184375 0.0203125
14 0.5140625 0.690625 0.36875 0.071875
5 0.275 0.6828125 0.065625 0.065625
14 0.634375 0.5734375 0.215625 0.01875
14 0.5046875 0.4921875 0.3515625 0.071875
5 0.275 0.4828125 0.065625 0.0640625
15 0.5 0.340625 0.4421875 0.05
14 0.5 0.2328125 0.446875 0.08125
14 0.2796875 0.075 0.065625 0.0296875
17 0.5 0.0140625 0.5609375 0.025