3 0.7390625 0.8859375 0.0828125 0.0203125
3 0.525 0.853125 0.11875 0.01875
3 0.29375 0.8859375 0.1203125 0.0203125
14 0.3015625 0.8375 0.134375 0.05625
14 0.5609375 0.9 0.190625 0.046875
14 0.7390625 0.834375 0.0828125 0.0515625
14 0.7390625 0.91875 0.084375 0.0140625
14 0.559375 0.81875 0.1828125 0.015625
14 0.3265625 0.91875 0.1859375 0.015625
3 0.6703125 0.4890625 0.1203125 0.01875
5 0.6953125 0.284375 0.1703125 0.2109375
14 0.7375 0.625 0.0609375 0.015625
5 0.575 0.7296875 0.21875 0.1296875
5 0.7390625 0.7296875 0.0828125 0.1296875
5 0.34375 0.7296875 0.21875 0.1296875
14 0.515625 0.4875 0.1125 0.0125
14 0.6953125 0.4390625 0.1703125 0.0546875
14 0.3484375 0.625 0.2234375 0.03125
14 0.66875 0.51875 0.1140625 0.0234375
14 0.28125 0.51875 0.1078125 0.0234375
3 0.2859375 0.4890625 0.1203125 0.01875
14 0.3609375 0.4390625 0.26875 0.0546875
14 0.7375 0.140625 0.0609375 0.015625
14 0.334375 0.1390625 0.2 0.0296875
5 0.409375 0.284375 0.36875 0.2109375
14 0.275 0.9921875 0.0484375 0.0140625
14 0.3875 0.9921875 0.053125 0.0109375
14 0.5015625 0.9921875 0.059375 0.0140625
14 0.6125 0.9921875 0.0609375 0.0140625
14 0.725 0.9921875 0.0421875 0.0109375
3 0.725 0.959375 0.0296875 0.0296875
3 0.6125 0.9609375 0.040625 0.03125
3 0.5015625 0.959375 0.0328125 0.03125
3 0.3875 0.9609375 0.0359375 0.0328125
3 0.275 0.959375 0.0359375 0.0375
3 0.746875 0.06875 0.0296875 0.0296875
3 0.678125 0.06875 0.0390625 0.0296875
14 0.309375 0.071875 0.075 0.021875
3 0.253125 0.0703125 0.0296875 0.025
17 0.5 0.0171875 0.5609375 0.0328125