14 0.6625 0.5296875 0.1890625 0.0234375
14 0.5734375 0.603125 0.36875 0.021875
14 0.6 0.671875 0.3140625 0.0234375
14 0.6703125 0.9359375 0.1921875 0.021875
14 0.5 0.8625 0.340625 0.025
14 0.2640625 0.6046875 0.046875 0.015625
14 0.265625 0.53125 0.0484375 0.015625
14 0.4984375 0.4484375 0.4796875 0.034375
14 0.5 0.2984375 0.2859375 0.0203125
15 0.5 0.375 0.51875 0.0625
6 0.5 0.51875 0.51875 0.046875
6 0.5 0.590625 0.51875 0.046875
6 0.5 0.6609375 0.51875 0.04375
14 0.5 0.715625 0.0203125 0.0140625
3 0.61875 0.7875 0.0734375 0.0734375
3 0.5 0.7875 0.0734375 0.0734375
3 0.38125 0.7875 0.0734375 0.0734375
3 0.253125 0.9359375 0.028125 0.028125
17 0.5 0.9859375 0.5609375 0.0265625