14 0.3984375 0.925 0.225 0.025
14 0.403125 0.075 0.165625 0.0234375
14 0.465625 0.1640625 0.29375 0.01875
14 0.4453125 0.25 0.2515625 0.025
14 0.3671875 0.3375 0.096875 0.025
14 0.45 0.425 0.259375 0.021875
14 0.4 0.5125 0.159375 0.025
14 0.4 0.6 0.159375 0.0234375
14 0.4171875 0.6890625 0.1984375 0.0203125
14 0.3875 0.7765625 0.1359375 0.01875
3 0.74375 0.928125 0.0203125 0.0265625
6 0.5 0.928125 0.540625 0.0546875
3 0.25625 0.928125 0.0265625 0.0265625
17 0.5 0.9828125 0.5609375 0.0328125
5 0.2625 0.0171875 0.0875 0.034375
5 0.2625 0.078125 0.0875 0.0875
5 0.2625 0.165625 0.0875 0.0875
5 0.2625 0.253125 0.0875 0.0875
5 0.2625 0.340625 0.0875 0.0875
5 0.2625 0.428125 0.0875 0.0875
5 0.2625 0.515625 0.0875 0.0875
5 0.2625 0.603125 0.0875 0.0875
5 0.2625 0.690625 0.0875 0.0875
5 0.2625 0.778125 0.0875 0.0875
14 0.315625 0.8546875 0.1484375 0.0140625