14 0.43125 0.0375 0.31875 0.0546875
3 0.7171875 0.04375 0.0296875 0.028125
5 0.68125 0.0421875 0.15625 0.0828125
3 0.521875 0.2078125 0.134375 0.0203125
14 0.309375 0.1453125 0.1109375 0.021875
15 0.528125 0.153125 0.1203125 0.04375
14 0.315625 0.2078125 0.1234375 0.0140625
14 0.45 0.24375 0.278125 0.021875
14 0.4328125 0.29375 0.3140625 0.0546875
3 0.7171875 0.3 0.0296875 0.028125
5 0.68125 0.23125 0.15625 0.21875
14 0.30625 0.4015625 0.103125 0.0203125
15 0.528125 0.409375 0.1203125 0.04375
14 0.3109375 0.4875 0.1125 0.0140625
3 0.521875 0.4875 0.1359375 0.021875
14 0.440625 0.5421875 0.296875 0.0515625
3 0.7171875 0.546875 0.03125 0.0296875
5 0.68125 0.48125 0.15625 0.209375
14 0.30625 0.646875 0.1015625 0.0203125
15 0.528125 0.65625 0.121875 0.04375
14 0.3109375 0.7671875 0.1125 0.0140625
3 0.521875 0.76875 0.1359375 0.021875
14 0.4625 0.803125 0.2546875 0.0203125
3 0.71875 0.790625 0.03125 0.0296875
5 0.68125 0.728125 0.15625 0.209375
14 0.6171875 0.8734375 0.2859375 0.0359375
3 0.253125 0.928125 0.03125 0.0265625
3 0.746875 0.928125 0.028125 0.025
17 0.5 0.9828125 0.5609375 0.0328125