3 0.2578125 0.0703125 0.028125 0.0203125
5 0.403125 0.075 0.1578125 0.0453125
3 0.7359375 0.071875 0.021875 0.0296875
14 0.33125 0.8875 0.0734375 0.025
14 0.44375 0.8859375 0.06875 0.0203125
14 0.55625 0.8859375 0.0484375 0.0203125
14 0.66875 0.8875 0.09375 0.025
14 0.5234375 0.9640625 0.2265625 0.0203125
5 0.38125 0.9640625 0.0265625 0.03125
5 0.3296875 0.81875 0.0828125 0.084375
5 0.44375 0.81875 0.084375 0.0828125
5 0.5546875 0.81875 0.0828125 0.0828125
3 0.6671875 0.81875 0.0828125 0.0828125
0 0.5 0.5578125 0.5609375 0.884375
17 0.5 0.0171875 0.5609375 0.0328125