14 0.2390625 0.390625 0.334375 0.121875
14 0.2265625 0.54375 0.303125 0.0859375
15 0.14375 0.64375 0.1421875 0.0484375
14 0.14375 0.6453125 0.0890625 0.0140625
0 0.71875 0.4515625 0.5609375 0.65
9 0.653125 0.15625 0.5375 0.025
14 0.440625 0.159375 0.1046875 0.0140625
14 0.55625 0.159375 0.05625 0.0125
14 0.6921875 0.159375 0.1125 0.0140625
14 0.821875 0.159375 0.0703125 0.0140625
3 0.9046875 0.1578125 0.0234375 0.0203125
5 0.13125 0.1578125 0.1109375 0.028125
14 0.421875 0.8265625 0.6875 0.0453125
7 0.321875 0.8390625 0.078125 0.0109375
15 0.85625 0.825 0.1328125 0.0453125
14 0.85625 0.825 0.021875 0.0109375