3 0.2578125 0.071875 0.021875 0.021875
14 0.359375 0.14375 0.0734375 0.0171875
14 0.640625 0.14375 0.1796875 0.0171875
6 0.5 0.25 0.5078125 0.0359375
14 0.3359375 0.24375 0.175 0.021875
3 0.7265625 0.328125 0.03125 0.0265625
6 0.5 0.3328125 0.5078125 0.0359375
14 0.3078125 0.325 0.1171875 0.021875
3 0.7265625 0.409375 0.03125 0.0265625
6 0.5 0.415625 0.5078125 0.0359375
14 0.359375 0.4078125 0.221875 0.021875
2 0.7125 0.478125 0.0234375 0.0234375
14 0.446875 0.48125 0.4125 0.0203125
15 0.5 0.5484375 0.5078125 0.05
14 0.5015625 0.63125 0.48125 0.046875
17 0.5 0.0171875 0.5609375 0.0328125