14 0.3984375 0.075 0.2234375 0.0234375
14 0.34375 0.753125 0.1828125 0.021875
3 0.74375 0.0734375 0.0203125 0.0265625
3 0.25625 0.071875 0.0265625 0.0265625
14 0.3625 0.3375 0.21875 0.0171875
14 0.3453125 0.3671875 0.1859375 0.021875
14 0.3109375 0.4 0.115625 0.0171875
14 0.290625 0.4328125 0.0765625 0.0203125
3 0.4640625 0.43125 0.00625 0.0203125
3 0.4625 0.153125 0.0296875 0.028125
3 0.7328125 0.153125 0.0296875 0.028125
14 0.6296875 0.3390625 0.2140625 0.021875
14 0.590625 0.36875 0.1328125 0.021875
14 0.5921875 0.4 0.1390625 0.0171875
14 0.5578125 0.4328125 0.071875 0.0203125
3 0.734375 0.43125 0.00625 0.0203125
14 0.3640625 0.690625 0.2234375 0.01875
14 0.31875 0.7203125 0.1359375 0.021875
14 0.2828125 0.784375 0.0609375 0.021875
3 0.4640625 0.784375 0.00625 0.0203125
14 0.6296875 0.6890625 0.2140625 0.0171875
14 0.5875 0.721875 0.1328125 0.0203125
14 0.58125 0.753125 0.115625 0.01875
14 0.5625 0.7859375 0.0796875 0.0203125
3 0.734375 0.7828125 0.00625 0.0203125
3 0.4625 0.50625 0.0296875 0.0265625
3 0.7328125 0.50625 0.028125 0.0265625
3 0.7328125 0.859375 0.0296875 0.028125
3 0.4625 0.8578125 0.03125 0.028125
5 0.365625 0.215625 0.2484375 0.1859375
5 0.365625 0.56875 0.2484375 0.1859375
5 0.634375 0.56875 0.2484375 0.1859375
5 0.63515625 0.91484375 0.2484375 0.1703125
5 0.365625 0.91484375 0.25 0.1703125
5 0.6359375 0.2171875 0.2484375 0.1859375
6 0.5 0.071875 0.540625 0.0546875
17 0.5 0.0171875 0.5609375 0.0328125