14 0.3 0.5015625 0.0859375 0.0140625
14 0.321875 0.4359375 0.1296875 0.0140625
14 0.56875 0.3703125 0.0953125 0.0140625
14 0.3046875 0.3703125 0.0984375 0.015625
6 0.5 0.5015625 0.51875 0.0546875
6 0.5 0.4359375 0.51875 0.0546875
6 0.36875 0.3703125 0.253125 0.0546875
6 0.6328125 0.3703125 0.253125 0.0546875
14 0.5 0.146875 0.065625 0.0484375
14 0.5 0.1984375 0.15 0.01875
14 0.5 0.30625 0.078125 0.0203125
14 0.5 0.6234375 0.1859375 0.0203125
14 0.4984375 0.9578125 0.465625 0.0359375
15 0.5 0.740625 0.51875 0.05625
15 0.365625 0.675 0.2484375 0.0546875
15 0.625 0.675 0.2484375 0.0546875
15 0.5 0.5671875 0.51875 0.0546875
5 0.5 0.1015625 0.0609375 0.0296875
17 0.5 0.0171875 0.5609375 0.0328125