14 0.3984375 0.075 0.225 0.0234375
5 0.2640625 0.2609375 0.065625 0.065625
5 0.2640625 0.3484375 0.0640625 0.065625
5 0.2625 0.4359375 0.065625 0.065625
5 0.265625 0.5234375 0.0609375 0.0625
5 0.2625 0.6109375 0.065625 0.065625
5 0.2625 0.6984375 0.065625 0.065625
5 0.2625 0.7859375 0.065625 0.065625
5 0.2625 0.8734375 0.065625 0.065625
3 0.275 0.95 0.028125 0.028125
3 0.3875 0.95 0.028125 0.0265625
3 0.5 0.9515625 0.028125 0.028125
3 0.6125 0.95 0.028125 0.0296875
3 0.725 0.95 0.03125 0.0296875
14 0.725 0.9796875 0.0359375 0.0140625
14 0.6125 0.9796875 0.0296875 0.0140625
14 0.5 0.978125 0.0578125 0.015625
14 0.3875 0.9796875 0.0765625 0.0140625
14 0.275 0.9796875 0.05 0.0140625
14 0.396875 0.875 0.1578125 0.0203125
14 0.3734375 0.7875 0.1078125 0.0203125
14 0.4796875 0.703125 0.3203125 0.0234375
14 0.4234375 0.615625 0.20625 0.025
14 0.4390625 0.528125 0.2390625 0.0234375
14 0.353125 0.440625 0.0703125 0.021875
14 0.371875 0.3515625 0.1046875 0.01875
14 0.33125 0.2625 0.0265625 0.0203125
14 0.5 0.19375 0.23125 0.025
14 0.5 0.15625 0.1625 0.025
3 0.25625 0.071875 0.0265625 0.0265625
3 0.74375 0.071875 0.0203125 0.0265625
6 0.5 0.071875 0.5390625 0.0546875
17 0.5 0.0171875 0.5609375 0.0328125