17 0.5 0.0171875 0.5609375 0.0328125
3 0.2515625 0.065625 0.01875 0.01875
14 0.409375 0.0671875 0.0625 0.021875
14 0.6578125 0.065625 0.14375 0.0171875
14 0.3125 0.159375 0.1171875 0.01875
14 0.5828125 0.159375 0.115625 0.0171875
14 0.33125 0.2390625 0.153125 0.01875
3 0.7359375 0.31875 0.0234375 0.0203125
14 0.34375 0.31875 0.1828125 0.01875
14 0.534375 0.759375 0.4203125 0.0671875
2 0.2734375 0.759375 0.0234375 0.025
14 0.48125 0.8609375 0.478125 0.046875
15 0.5 0.9390625 0.5296875 0.065625
6 0.365625 0.159375 0.2578125 0.065625
6 0.6359375 0.159375 0.2578125 0.065625
6 0.5 0.31875 0.528125 0.065625
6 0.5 0.2390625 0.5296875 0.065625