16 0.5 0.846875 0.9984375 0.0515625
14 0.9109375 0.846875 0.1171875 0.025
14 0.7234375 0.8453125 0.059375 0.0140625
14 0.640625 0.8453125 0.05 0.0171875
14 0.5671875 0.8453125 0.0453125 0.0171875
14 0.4828125 0.8453125 0.0640625 0.0140625
14 0.4046875 0.8453125 0.0359375 0.015625
6 0.2703125 0.846875 0.171875 0.028125
15 0.15625 0.846875 0.0546875 0.025
14 0.3171875 0.8453125 0.059375 0.0171875
5 0.0859375 0.846875 0.015625 0.015625
12 0.046875 0.846875 0.0546875 0.0421875
14 0.059375 0.8453125 0.01875 0.0125
3 0.034375 0.8453125 0.0140625 0.0078125
5 0.9359375 0.74375 0.046875 0.0515625
14 0.465625 0.740625 0.865625 0.0421875
14 0.8734375 0.634375 0.203125 0.0265625
14 0.684375 0.5953125 0.5765625 0.021875
14 0.509375 0.5484375 0.9328125 0.0390625
5 0.259375 0.3703125 0.4671875 0.2625
3 0.578125 0.171875 0.025 0.0234375
14 0.484375 0.1609375 0.153125 0.046875