5 0.503125 0.7265625 0.453125 0.1953125
5 0.1203125 0.709375 0.140625 0.134375
5 0.8859375 0.7125 0.121875 0.1203125
16 0.5 0.859375 0.996875 0.0265625
14 0.4984375 0.59375 0.5515625 0.0265625
9 0.496875 0.5296875 0.6046875 0.0609375
14 0.896875 0.8609375 0.0390625 0.0171875
14 0.8015625 0.8609375 0.0421875 0.0125
3 0.7703125 0.8609375 0.0078125 0.0078125
14 0.65625 0.8609375 0.115625 0.0140625
3 0.5875 0.859375 0.0078125 0.00625
12 0.7953125 0.8609375 0.0671875 0.0203125
12 0.65 0.8609375 0.1375 0.0203125
14 0.4734375 0.8609375 0.1109375 0.015625
3 0.4078125 0.8609375 0.009375 0.0078125
12 0.465625 0.8609375 0.134375 0.021875
14 0.325 0.8609375 0.0515625 0.0171875
3 0.290625 0.8609375 0.009375 0.0078125
12 0.31875 0.8609375 0.0765625 0.0234375
14 0.19375 0.8609375 0.0765625 0.015625
3 0.1453125 0.859375 0.0078125 0.00625
12 0.1859375 0.8609375 0.1046875 0.021875
3 0.08125 0.8609375 0.01875 0.015625
14 0.746875 0.5265625 0.0546875 0.0140625
14 0.6375 0.5265625 0.046875 0.0125
14 0.5109375 0.525 0.0828125 0.0140625
14 0.3859375 0.5265625 0.0515625 0.0140625
14 0.26875 0.5265625 0.065625 0.0171875
3 0.709375 0.525 0.00625 0.0078125
3 0.603125 0.525 0.00625 0.0078125
3 0.459375 0.5234375 0.00625 0.0109375
3 0.35 0.525 0.009375 0.009375
3 0.225 0.525 0.0125 0.009375
12 0.740625 0.528125 0.0828125 0.0265625
12 0.63125 0.525 0.071875 0.0296875
12 0.503125 0.525 0.10625 0.028125
12 0.3796875 0.5265625 0.078125 0.0265625
12 0.2609375 0.525 0.090625 0.0296875
5 0.2625 0.209375 0.4421875 0.1609375
14 0.259375 0.4125 0.3515625 0.0421875
14 0.2578125 0.3609375 0.3875 0.034375
10 0.2625 0.321875 0.0515625 0.015625
3 0.0609375 0.3875 0.0109375 0.021875
3 0.4640625 0.390625 0.0109375 0.0234375
14 0.7640625 0.4234375 0.4 0.059375
14 0.8015625 0.2921875 0.275 0.1890625
14 0.7375 0.1609375 0.4578125 0.0578125