14 0.5 0.7765625 0.4453125 0.0203125
7 0.425 0.775 0.0765625 0.0140625
16 0.5015625 0.85 0.996875 0.046875
9 0.5 0.8125 0.9984375 0.025
14 0.8296875 0.8140625 0.040625 0.0140625
14 0.746875 0.8140625 0.0546875 0.0140625
14 0.6703125 0.8125 0.0375 0.009375
14 0.590625 0.8125 0.0609375 0.0125
14 0.5109375 0.8125 0.0328125 0.0125
14 0.4390625 0.8140625 0.05 0.0109375
3 0.40625 0.8125 0.009375 0.009375
14 0.3515625 0.8140625 0.034375 0.0109375
14 0.265625 0.8140625 0.0734375 0.0125
14 0.1734375 0.8125 0.05 0.0125
14 0.18125 0.85 0.053125 0.0140625
14 0.1234375 0.8515625 0.0453125 0.0140625
14 0.034375 0.85 0.05 0.0125
3 0.0765625 0.8484375 0.025 0.021875
3 0.2265625 0.853125 0.025 0.025
3 0.496875 0.85 0.0390625 0.028125
3 0.5421875 0.8484375 0.0296875 0.025
3 0.5859375 0.8515625 0.025 0.0234375
3 0.628125 0.85 0.028125 0.028125
3 0.675 0.85 0.0359375 0.0234375
3 0.71875 0.8484375 0.0296875 0.025
5 0.8734375 0.8515625 0.234375 0.0359375
6 0.353125 0.7046875 0.2609375 0.028125
14 0.3984375 0.7046875 0.1265625 0.0140625
3 0.4734375 0.7046875 0.0125 0.0140625
14 0.5125 0.4984375 0.36875 0.109375
5 0.4984375 0.409375 0.39375 0.053125
6 0.5265625 0.3484375 0.315625 0.028125
14 0.628125 0.3484375 0.0546875 0.0140625
3 0.671875 0.3484375 0.01875 0.0171875
15 0.3328125 0.3484375 0.046875 0.028125
14 0.334375 0.346875 0.025 0.0109375
7 0.425 0.3171875 0.1125 0.0140625
5 0.8515625 0.44375 0.1328125 0.14375
5 0.1671875 0.5453125 0.1328125 0.015625
5 0.165625 0.5078125 0.1359375 0.034375
5 0.153125 0.459375 0.1578125 0.0375
5 0.15625 0.3984375 0.1546875 0.0546875
7 0.1109375 0.35 0.071875 0.015625
14 0.4984375 0.2125 0.315625 0.0328125
5 0.7890625 0.165625 0.178125 0.040625
5 0.596875 0.165625 0.175 0.0390625
5 0.403125 0.165625 0.1765625 0.0390625
5 0.209375 0.1671875 0.175 0.040625
14 0.5 0.1328125 0.20625 0.0125
5 0.64375 0.703125 0.209375 0.0546875