5 0.953125 0.1515625 0.046875 0.0265625
3 0.2015625 0.1515625 0.01875 0.0203125
3 0.15625 0.15 0.01875 0.0203125
14 0.09375 0.15 0.0671875 0.0140625
3 0.025 0.15 0.0265625 0.0265625
14 0.5 0.20625 0.4796875 0.01875
5 0.5 0.340625 0.7265625 0.1453125
15 0.74375 0.45625 0.2359375 0.046875
14 0.8234375 0.45625 0.0375 0.0171875
3 0.65625 0.453125 0.0265625 0.025
3 0.4140625 0.4546875 0.01875 0.0265625
3 0.16875 0.4546875 0.0265625 0.01875
14 0.5671875 0.45625 0.0640625 0.01875
14 0.3125 0.45625 0.084375 0.0171875
5 0.5 0.6859375 0.7234375 0.375
16 0.5015625 0.1515625 0.996875 0.0484375