5 0.9125 0.80625 0.1078125 0.028125
9 0.590625 0.8046875 0.48125 0.0421875
14 0.796875 0.8046875 0.0390625 0.01875
14 0.7453125 0.8015625 0.0375 0.0140625
14 0.690625 0.8015625 0.0328125 0.0140625
14 0.621875 0.8015625 0.06875 0.0125
14 0.5515625 0.8015625 0.0296875 0.0125
14 0.484375 0.8015625 0.0640625 0.0171875
14 0.3984375 0.803125 0.0671875 0.0140625
15 0.303125 0.803125 0.0859375 0.03125
12 0.071875 0.8015625 0.103125 0.0296875
14 0.0796875 0.8015625 0.075 0.015625
3 0.0328125 0.8 0.009375 0.009375
14 0.9484375 0.7609375 0.0421875 0.015625
3 0.9109375 0.759375 0.0125 0.0140625
14 0.8671875 0.759375 0.059375 0.0171875
14 0.88125 0.7125 0.165625 0.0125
14 0.4859375 0.7015625 0.6046875 0.034375
7 0.115625 0.7125 0.096875 0.0171875
3 0.0609375 0.7109375 0.0078125 0.015625
3 0.040625 0.7125 0.015625 0.0125
14 0.5015625 0.5640625 0.259375 0.0640625
14 0.5 0.4859375 0.5 0.0359375
14 0.4953125 0.4375 0.871875 0.034375
14 0.5 0.39375 0.0546875 0.03125
15 0.6 0.3265625 0.18125 0.046875
15 0.4 0.328125 0.178125 0.046875
14 0.5 0.2765625 0.28125 0.0140625