14 0.1859375 0.2671875 0.0609375 0.015625
14 0.2875 0.2671875 0.0859375 0.0125
14 0.4671875 0.2671875 0.0640625 0.0125
14 0.55625 0.26875 0.0546875 0.015625
14 0.63125 0.2671875 0.0375 0.0125
14 0.6984375 0.2671875 0.0359375 0.0140625
14 0.9359375 0.2671875 0.0484375 0.0140625
3 0.971875 0.26875 0.0171875 0.0171875
14 0.290625 0.1828125 0.51875 0.0515625
15 0.696875 0.1765625 0.178125 0.0328125
15 0.8828125 0.1765625 0.178125 0.0328125
14 0.696875 0.1765625 0.096875 0.015625
14 0.8828125 0.1765625 0.0953125 0.0140625
14 0.5015625 0.7234375 0.1265625 0.0125
14 0.5015625 0.7046875 0.20625 0.0203125
14 0.834375 0.703125 0.190625 0.0171875
14 0.834375 0.7234375 0.121875 0.015625
14 0.1671875 0.7046875 0.19375 0.01875
14 0.1671875 0.725 0.1015625 0.015625
5 0.5 0.478125 0.9984375 0.359375
10 0.5 0.63125 0.0671875 0.0109375
3 0.796875 0.8265625 0.025 0.0234375
14 0.853125 0.828125 0.0609375 0.0140625
5 0.0734375 0.2671875 0.103125 0.0234375
14 0.3921875 0.2640625 0.0625 0.0203125
16 0.5 0.26875 0.9984375 0.05625
11 0.5 0.1828125 0.9984375 0.1140625
15 0.8375 0.828125 0.128125 0.0421875