5 0.1875 0.8140625 0.265625 0.028125
16 0.503125 0.8140625 0.990625 0.0609375
14 0.628125 0.8140625 0.0390625 0.0125
14 0.715625 0.8140625 0.0625 0.0125
14 0.8015625 0.8125 0.0390625 0.015625
14 0.903125 0.8140625 0.0953125 0.015625
14 0.596875 0.8140625 0.00625 0.0109375
14 0.675 0.8140625 0.009375 0.0109375
14 0.7734375 0.8125 0.0109375 0.0140625
14 0.846875 0.8109375 0.0109375 0.0125
14 0.46875 0.678125 0.8328125 0.1234375
14 0.1359375 0.5453125 0.16875 0.0296875
14 0.3921875 0.5484375 0.0875 0.0265625
14 0.73125 0.5484375 0.1609375 0.021875
14 0.090625 0.421875 0.078125 0.025
14 0.3921875 0.425 0.08125 0.025
14 0.7078125 0.425 0.115625 0.025
14 0.0984375 0.3015625 0.090625 0.0203125
14 0.40625 0.3 0.1109375 0.0203125
14 0.7125 0.2984375 0.1234375 0.0234375
14 0.11875 0.175 0.134375 0.0203125
14 0.4171875 0.175 0.1328125 0.0234375
14 0.6984375 0.1765625 0.096875 0.0203125
14 0.1578125 0.3703125 0.2109375 0.0609375
14 0.4453125 0.371875 0.19375 0.065625
14 0.7453125 0.371875 0.1953125 0.065625
14 0.1328125 0.2484375 0.1609375 0.0609375
14 0.43125 0.2484375 0.1640625 0.065625
14 0.7625 0.2453125 0.228125 0.0625
14 0.1546875 0.49375 0.2078125 0.0625
14 0.4390625 0.49375 0.184375 0.065625
14 0.734375 0.49375 0.1734375 0.0671875