5 0.96875 0.1515625 0.0265625 0.0265625
14 0.9 0.15 0.1046875 0.015625
3 0.2390625 0.15 0.0234375 0.0203125
3 0.1953125 0.153125 0.0234375 0.0234375
14 0.134375 0.15 0.05625 0.0140625
3 0.075 0.1515625 0.0234375 0.0203125
1 0.0265625 0.1515625 0.0515625 0.0515625
3 0.0265625 0.1484375 0.0203125 0.01875
0 0.3375 0.4265625 0.6703125 0.4375
5 0.9703125 0.2359375 0.021875 0.0203125
3 0.9421875 0.2359375 0.0125 0.0140625
14 0.859375 0.2359375 0.1328125 0.015625
14 0.7859375 0.3140625 0.390625 0.0625
14 0.771875 0.403125 0.41875 0.096875
14 0.834375 0.478125 0.2921875 0.015625
3 0.675 0.478125 0.00625 0.0125
5 0.959375 0.7109375 0.04375 0.0421875
14 0.815625 0.7078125 0.2265625 0.034375
5 0.615625 0.709375 0.040625 0.0421875
14 0.49375 0.7078125 0.18125 0.0359375
5 0.2921875 0.709375 0.0421875 0.0359375
14 0.1421875 0.7078125 0.2390625 0.034375
14 0.875 0.79375 0.2140625 0.015625
3 0.971875 0.8171875 0.01875 0.0171875
14 0.8875 0.8171875 0.13125 0.0171875
5 0.053125 0.821875 0.05 0.0484375
16 0.4984375 0.1515625 0.996875 0.0515625