5 0.0921875 0.8421875 0.15625 0.040625
14 0.4953125 0.8421875 0.0703125 0.021875
14 0.5984375 0.8421875 0.0546875 0.01875
14 0.68125 0.8421875 0.0359375 0.0203125
14 0.7640625 0.84375 0.053125 0.015625
15 0.8609375 0.84375 0.090625 0.040625
14 0.8625 0.8421875 0.065625 0.0171875
3 0.934375 0.8453125 0.015625 0.015625
14 0.96875 0.8421875 0.0375 0.015625
14 0.3125 0.58125 0.4984375 0.2859375
14 0.296875 0.3796875 0.4640625 0.0828125
15 0.1796875 0.278125 0.2359375 0.059375
14 0.18125 0.278125 0.184375 0.01875
5 0.8015625 0.48125 0.3859375 0.284375
1 0.9640625 0.171875 0.059375 0.0578125
3 0.9625 0.1671875 0.028125 0.0296875
9 0.628125 0.8421875 0.346875 0.040625