16 0.5 0.1703125 0.996875 0.084375
14 0.609375 0.1484375 0.0734375 0.0203125
3 0.6625 0.1484375 0.0203125 0.015625
14 0.715625 0.1484375 0.0328125 0.0109375
3 0.75 0.1484375 0.01875 0.01875
14 0.8203125 0.146875 0.071875 0.01875
14 0.9015625 0.1484375 0.034375 0.0125
14 0.9640625 0.1484375 0.040625 0.015625
14 0.934375 0.190625 0.078125 0.0171875
3 0.9828125 0.1921875 0.0109375 0.0140625
14 0.0484375 0.1921875 0.0578125 0.015625
14 0.115625 0.1921875 0.0546875 0.015625
14 0.1796875 0.190625 0.053125 0.0125
14 0.278125 0.190625 0.09375 0.0125
14 0.3578125 0.1921875 0.040625 0.0171875
14 0.4109375 0.1921875 0.04375 0.0140625
14 0.484375 0.190625 0.075 0.0125
14 0.55625 0.190625 0.053125 0.0125
14 0.63125 0.1921875 0.0484375 0.0140625
14 0.69375 0.1921875 0.0296875 0.015625
14 0.734375 0.1921875 0.034375 0.0125
3 0.215625 0.1921875 0.0125 0.0078125
3 0.5921875 0.190625 0.0109375 0.0109375
3 0.6640625 0.1921875 0.0078125 0.0078125
3 0.759375 0.1921875 0.0109375 0.009375
12 0.1859375 0.1921875 0.0703125 0.01875
12 0.5625 0.190625 0.0703125 0.0171875
12 0.6359375 0.1921875 0.0640625 0.0140625
12 0.740625 0.19375 0.046875 0.015625
14 0.49375 0.2375 0.534375 0.0140625
3 0.76875 0.234375 0.00625 0.0109375
0 0.5 0.5671875 0.996875 0.6140625
14 0.2796875 0.4546875 0.5265625 0.1578125
14 0.0765625 0.603125 0.078125 0.0171875
14 0.228125 0.696875 0.425 0.053125
14 0.134375 0.775 0.20625 0.0203125
14 0.1625 0.80625 0.2609375 0.01875
14 0.1875 0.8359375 0.3109375 0.0203125
3 0.015625 0.771875 0.009375 0.0078125
3 0.015625 0.803125 0.0078125 0.0109375
3 0.015625 0.834375 0.009375 0.0078125
15 0.0765625 0.6 0.121875 0.0546875