4 0.5 0.165625 0.996875 0.078125
15 0.1421875 0.2625 0.21875 0.0640625
6 0.55625 0.2640625 0.3546875 0.0359375
12 0.321875 0.2640625 0.1125 0.0375
14 0.3171875 0.2640625 0.08125 0.0203125
3 0.365625 0.265625 0.009375 0.0125
1 0.7140625 0.2640625 0.0359375 0.034375
3 0.715625 0.2640625 0.0171875 0.0171875
3 0.7796875 0.2671875 0.0296875 0.034375
14 0.821875 0.2671875 0.0390625 0.028125
3 0.8875 0.265625 0.025 0.025
5 0.965625 0.275 0.0640625 0.05625
4 0.8203125 0.3984375 0.3578125 0.190625
9 0.4453125 0.33125 0.3890625 0.0265625
14 0.309375 0.33125 0.0859375 0.0171875
14 0.43125 0.33125 0.1328125 0.0171875
14 0.5625 0.33125 0.096875 0.0171875
14 0.6328125 0.328125 0.0125 0.0140625
3 0.05 0.3328125 0.01875 0.0171875
14 0.1046875 0.3328125 0.0734375 0.0171875
3 0.2328125 0.3328125 0.009375 0.0140625
5 0.3828125 0.584375 0.7015625 0.4390625
5 0.859375 0.65 0.215625 0.3046875
11 0.98125 0.6234375 0.034375 0.25625
3 0.98125 0.534375 0.0171875 0.0171875
3 0.98125 0.5734375 0.0171875 0.015625
3 0.98125 0.615625 0.0125 0.0171875
3 0.9828125 0.6546875 0.0171875 0.0140625
3 0.98125 0.6953125 0.0125 0.0171875
3 0.98125 0.734375 0.0125 0.0171875
3 0.075 0.859375 0.025 0.0265625
14 0.15 0.8578125 0.1125 0.0234375
14 0.88125 0.85625 0.065625 0.015625
3 0.928125 0.8578125 0.015625 0.0140625
11 0.5 0.846875 0.9375 0.0546875
9 0.7890625 0.221875 0.4015625 0.0234375
14 0.609375 0.21875 0.0296875 0.0171875
3 0.6296875 0.21875 0.0078125 0.009375
14 0.6859375 0.21875 0.034375 0.0140625
5 0.715625 0.21875 0.0203125 0.0140625
14 0.7453125 0.21875 0.0328125 0.0125
3 0.76875 0.21875 0.0078125 0.0078125
12 0.81875 0.2203125 0.0703125 0.021875
12 0.6171875 0.221875 0.0546875 0.025
12 0.9203125 0.221875 0.1109375 0.0171875
14 0.8140625 0.21875 0.0578125 0.0171875
3 0.8484375 0.21875 0.00625 0.0109375
14 0.9140625 0.21875 0.0875 0.015625
3 0.9671875 0.21875 0.00625 0.0078125
3 0.2765625 0.2921875 0.0125 0.0125
14 0.325 0.2953125 0.071875 0.0109375
3 0.3828125 0.2921875 0.0109375 0.0109375
14 0.4109375 0.29375 0.034375 0.0125
3 0.4484375 0.29375 0.0109375 0.015625
14 0.4875 0.29375 0.046875 0.0140625
14 0.58125 0.2953125 0.121875 0.0109375
14 0.68125 0.2921875 0.0625 0.0078125
9 0.4953125 0.2953125 0.4546875 0.0171875
14 0.4203125 0.265625 0.053125 0.0125