14 0.6734375 0.140625 0.365625 0.015625
14 0.4328125 0.1390625 0.065625 0.015625
14 0.346875 0.1390625 0.0640625 0.0140625
14 0.2671875 0.1390625 0.053125 0.0125
14 0.1921875 0.1390625 0.0515625 0.0140625
14 0.103125 0.1390625 0.08125 0.0109375
14 0.0296875 0.1390625 0.0234375 0.015625
9 0.5 0.1390625 0.996875 0.0234375
16 0.5 0.225 0.996875 0.140625
5 0.8921875 0.1796875 0.1859375 0.034375
12 0.74375 0.1796875 0.059375 0.025
12 0.128125 0.184375 0.0765625 0.0296875
6 0.4703125 0.1828125 0.478125 0.0265625
3 0.2140625 0.1828125 0.0171875 0.015625
3 0.0328125 0.184375 0.0296875 0.0296875
3 0.01875 0.2265625 0.0078125 0.015625
3 0.09375 0.190625 0.0078125 0.0078125
3 0.7328125 0.1828125 0.0078125 0.0046875
3 0.98125 0.2296875 0.0078125 0.0140625
14 0.6765625 0.1828125 0.0359375 0.0125
14 0.7484375 0.1828125 0.0125 0.0109375
14 0.1328125 0.184375 0.0640625 0.025
14 0.1046875 0.228125 0.140625 0.0171875
14 0.3078125 0.228125 0.190625 0.0140625
14 0.515625 0.2296875 0.1609375 0.01875
14 0.69375 0.228125 0.128125 0.0125
14 0.878125 0.228125 0.171875 0.0140625
14 0.96875 0.278125 0.0359375 0.0125
14 0.903125 0.278125 0.0375 0.0125
14 0.8390625 0.278125 0.040625 0.015625
14 0.765625 0.278125 0.053125 0.0125
14 0.6796875 0.278125 0.05625 0.0140625
14 0.609375 0.278125 0.028125 0.0140625
14 0.5546875 0.278125 0.0234375 0.0109375
14 0.5046875 0.2765625 0.0265625 0.0140625
14 0.40625 0.278125 0.1078125 0.0125
14 0.271875 0.2796875 0.1046875 0.0140625
14 0.159375 0.2765625 0.06875 0.009375
14 0.0828125 0.278125 0.0328125 0.015625
14 0.0265625 0.278125 0.021875 0.0109375
5 0.5 0.325 0.996875 0.053125
5 0.51875 0.5703125 0.959375 0.4234375
14 0.759375 0.45 0.2984375 0.0109375
14 0.7296875 0.54375 0.3453125 0.1265625
14 0.7203125 0.6515625 0.36875 0.034375
3 0.8921875 0.7171875 0.0140625 0.021875
3 0.828125 0.7171875 0.0171875 0.0234375
14 0.6890625 0.8296875 0.559375 0.0578125
14 0.3109375 0.8296875 0.14375 0.0125
14 0.140625 0.8296875 0.1328125 0.0109375
15 0.1421875 0.8296875 0.153125 0.040625
3 0.0234375 0.8296875 0.0125 0.015625