14 0.9046875 0.859375 0.1265625 0.0125
14 0.75625 0.8609375 0.0921875 0.0109375
14 0.1203125 0.859375 0.06875 0.0109375
14 0.0546875 0.859375 0.0265625 0.0125
14 0.878125 0.79375 0.178125 0.0296875
14 0.915625 0.7125 0.0453125 0.0171875
14 0.8203125 0.7171875 0.0984375 0.015625
14 0.7234375 0.71875 0.04375 0.015625
14 0.6453125 0.71875 0.0578125 0.0109375
14 0.5453125 0.71875 0.0890625 0.0125
14 0.4328125 0.7171875 0.0875 0.0140625
14 0.325 0.71875 0.0703125 0.015625
14 0.2140625 0.71875 0.1 0.0171875
14 0.890625 0.6625 0.0953125 0.015625
14 0.6203125 0.4765625 0.69375 0.1328125
14 0.984375 0.4859375 0.0125 0.096875
14 0.61875 0.3484375 0.696875 0.0453125
14 0.61875 0.2203125 0.6953125 0.1875
14 0.1578125 0.5265625 0.1828125 0.040625
14 0.146875 0.45625 0.203125 0.040625
14 0.1484375 0.384375 0.2 0.0390625
5 0.1390625 0.23125 0.2171875 0.2109375
5 0.3359375 0.796875 0.0265625 0.0265625
6 0.1828125 0.796875 0.228125 0.0265625
1 0.05 0.796875 0.0328125 0.028125
3 0.05 0.796875 0.01875 0.0203125