0 0.8296875 0.2515625 0.153125 0.1484375
14 0.83125 0.359375 0.146875 0.01875
14 0.83125 0.4 0.13125 0.0203125
14 0.5859375 0.19375 0.28125 0.021875
14 0.5546875 0.2390625 0.3390625 0.034375
14 0.5390625 0.2859375 0.378125 0.0171875
14 0.6890625 0.309375 0.075 0.01875
6 0.540625 0.30625 0.215625 0.0265625
14 0.390625 0.4125 0.59375 0.1203125
14 0.61875 0.5328125 0.140625 0.015625
14 0.4734375 0.6 0.434375 0.015625
14 0.1359375 0.653125 0.1296875 0.0109375
14 0.5 0.725 0.4359375 0.0140625
14 0.7671875 0.7515625 0.0859375 0.0171875
14 0.65 0.7515625 0.121875 0.0140625
14 0.5484375 0.75 0.059375 0.0109375
14 0.4453125 0.75 0.1234375 0.0125
14 0.3609375 0.75 0.0296875 0.015625
14 0.2921875 0.7515625 0.0859375 0.0140625
14 0.2125 0.75 0.0484375 0.0125
14 0.5 0.771875 0.05625 0.0109375
14 0.103125 0.1375 0.184375 0.0140625