14 0.5015625 0.8171875 0.9265625 0.0328125
7 0.38125 0.809375 0.08125 0.0125
15 0.5609375 0.7625 0.14375 0.04375
15 0.41875 0.7640625 0.103125 0.0453125
14 0.2703125 0.671875 0.1 0.0140625
14 0.2109375 0.596875 0.2140625 0.046875
14 0.2015625 0.4921875 0.2328125 0.0484375
14 0.203125 0.3890625 0.228125 0.0484375
14 0.271875 0.3140625 0.0984375 0.0140625
14 0.20625 0.2375 0.225 0.05
14 0.196875 0.14375 0.2390625 0.0296875
14 0.7265625 0.2015625 0.4375 0.0640625
4 0.5 0.796875 0.9984375 0.1546875
5 0.6578125 0.471875 0.6109375 0.428125