5 0.0890625 0.246875 0.06875 0.075
14 0.26875 0.2453125 0.265625 0.046875
14 0.2484375 0.309375 0.378125 0.0203125
14 0.3140625 0.446875 0.515625 0.0296875
14 0.146875 0.4765625 0.1765625 0.0234375
14 0.3609375 0.5921875 0.6046875 0.1125
7 0.4 0.578125 0.159375 0.0265625
7 0.3296875 0.6390625 0.146875 0.015625
14 0.353125 0.75 0.5890625 0.1515625
14 0.3578125 0.8484375 0.6046875 0.0265625
6 0.81875 0.465625 0.20625 0.0328125
3 0.7375 0.4625 0.021875 0.025
14 0.803125 0.465625 0.090625 0.0203125
12 0.8203125 0.5234375 0.2390625 0.0515625
12 0.821875 0.5765625 0.2421875 0.0515625
3 0.7265625 0.525 0.028125 0.025
14 0.7734375 0.521875 0.04375 0.0203125
14 0.778125 0.578125 0.046875 0.0203125
14 0.76875 0.628125 0.0328125 0.021875
14 0.825 0.7515625 0.1953125 0.040625
3 0.9140625 0.578125 0.0171875 0.0125
3 0.9125 0.521875 0.0109375 0.0109375
3 0.728125 0.628125 0.0203125 0.0203125
15 0.8203125 0.6921875 0.1515625 0.01875
7 0.890625 0.74375 0.05 0.0203125
7 0.81875 0.7609375 0.0484375 0.0171875
3 0.725 0.578125 0.025 0.0234375