5 0.1984375 0.85 0.328125 0.0296875
14 0.9203125 0.853125 0.0890625 0.0109375
14 0.4984375 0.7625 0.4203125 0.03125
14 0.4953125 0.6734375 0.56875 0.0796875
14 0.4953125 0.54375 0.540625 0.0171875
5 0.153125 0.4515625 0.1921875 0.115625
5 0.3859375 0.45 0.19375 0.115625
5 0.6171875 0.45 0.1953125 0.11875
5 0.85 0.45 0.1921875 0.11875
14 0.153125 0.3734375 0.109375 0.015625
14 0.384375 0.3734375 0.121875 0.015625
14 0.615625 0.371875 0.096875 0.0140625
14 0.846875 0.371875 0.096875 0.0140625
14 0.5 0.278125 0.0875 0.0125
14 0.5 0.23125 0.41875 0.028125