5 0.4625 0.353125 0.7796875 0.4359375
5 0.025 0.353125 0.046875 0.4375
5 0.9390625 0.353125 0.121875 0.4375
1 0.871875 0.3546875 0.040625 0.0453125
3 0.8703125 0.3546875 0.009375 0.015625
1 0.053125 0.353125 0.0375 0.0453125
3 0.0546875 0.3546875 0.0109375 0.0140625
14 0.7703125 0.5953125 0.1296875 0.0109375
14 0.53125 0.61875 0.609375 0.0171875
14 0.015625 0.59375 0.028125 0.0125
14 0.015625 0.6171875 0.0296875 0.015625
14 0.921875 0.690625 0.0796875 0.0234375
14 0.8453125 0.6921875 0.059375 0.028125
3 0.79375 0.6890625 0.0359375 0.0234375
14 0.671875 0.6921875 0.0640625 0.0109375
14 0.5734375 0.6921875 0.0671875 0.015625
14 0.48125 0.6921875 0.05 0.0140625
14 0.3765625 0.6921875 0.09375 0.0140625
14 0.2515625 0.6921875 0.09375 0.0125
15 0.121875 0.6921875 0.1 0.0328125
15 0.0328125 0.6921875 0.0640625 0.0296875
14 0.5828125 0.8140625 0.7109375 0.078125
7 0.83125 0.8453125 0.1296875 0.0140625
15 0.1171875 0.8140625 0.1203125 0.025
4 0.5 0.8140625 1 0.121875
16 0.3546875 0.690625 0.7046875 0.0328125