14 0.921875 0.14375 0.140625 0.0234375
14 0.8671875 0.1625 0.25 0.009375
14 0.81875 0.203125 0.0390625 0.015625
14 0.934375 0.203125 0.0328125 0.0125
14 0.6796875 0.203125 0.078125 0.0140625
14 0.525 0.203125 0.071875 0.0109375
14 0.403125 0.203125 0.0171875 0.009375
3 0.434375 0.203125 0.0203125 0.0203125
3 0.584375 0.2015625 0.0203125 0.0171875
3 0.74375 0.2015625 0.021875 0.0171875
3 0.8609375 0.2015625 0.0203125 0.0203125
3 0.975 0.2015625 0.0234375 0.0234375
14 0.2359375 0.15 0.1 0.0125
14 0.125 0.1515625 0.046875 0.0109375
14 0.0453125 0.1515625 0.0375 0.0125
14 0.2203125 0.21875 0.3078125 0.0265625
14 0.2828125 0.296875 0.1796875 0.0125
14 0.2109375 0.2578125 0.0421875 0.0125
15 0.2109375 0.25625 0.0625 0.028125
15 0.2359375 0.1484375 0.1203125 0.028125
15 0.125 0.15 0.065625 0.0265625
15 0.0453125 0.15 0.0578125 0.0265625
5 0.3828125 0.1484375 0.015625 0.0109375
3 0.33125 0.15 0.015625 0.015625
3 0.4296875 0.1484375 0.0078125 0.0125
3 0.04375 0.19375 0.009375 0.009375
14 0.8234375 0.259375 0.2421875 0.0140625
3 0.971875 0.259375 0.0234375 0.021875
14 0.66875 0.2890625 0.5515625 0.0125
14 0.9109375 0.3234375 0.065625 0.0109375
3 0.0265625 0.259375 0.0078125 0.0046875
14 0.85 0.4078125 0.284375 0.021875
14 0.8625 0.434375 0.2640625 0.0125
14 0.875 0.4953125 0.134375 0.0140625
14 0.5578125 0.4953125 0.0515625 0.0109375
14 0.4671875 0.4953125 0.0609375 0.0109375
14 0.340625 0.4953125 0.046875 0.009375
14 0.26875 0.49375 0.0578125 0.0109375
14 0.1984375 0.4953125 0.040625 0.0109375
3 0.3875 0.4953125 0.0140625 0.0171875
3 0.609375 0.4953125 0.0171875 0.0171875
3 0.965625 0.4953125 0.01875 0.015625
3 0.1578125 0.4953125 0.0078125 0.0109375
6 0.8140625 0.4953125 0.3515625 0.05
6 0.525 0.4953125 0.2203125 0.05
6 0.2734375 0.4953125 0.271875 0.05
15 0.071875 0.4953125 0.1234375 0.05
14 0.0703125 0.4953125 0.059375 0.0140625
14 0.9046875 0.5515625 0.125 0.0125
2 0.9859375 0.55 0.0171875 0.0171875
14 0.8578125 0.6546875 0.271875 0.0234375
5 0.9015625 0.771875 0.184375 0.175
5 0.7 0.771875 0.1859375 0.175
5 0.5 0.771875 0.184375 0.175
5 0.2984375 0.771875 0.184375 0.175
5 0.096875 0.771875 0.184375 0.175
3 0.0046875 0.821875 0.00625 0.0125
3 0.3078125 0.496875 0.003125 0.003125
3 0.2296875 0.496875 0.003125 0.003125