3 0.975 0.1484375 0.028125 0.028125
5 0.553125 0.15 0.0328125 0.0296875
5 0.609375 0.2328125 0.0671875 0.065625
16 0.5 0.15 0.9984375 0.046875
14 0.478125 0.15 0.1 0.0234375
14 0.45625 0.2328125 0.2109375 0.046875
14 0.9421875 0.303125 0.059375 0.0140625
14 0.846875 0.303125 0.08125 0.0125
14 0.7171875 0.303125 0.11875 0.0109375
14 0.59375 0.303125 0.06875 0.0125
14 0.475 0.303125 0.1109375 0.0125
14 0.3484375 0.303125 0.0890625 0.0125
14 0.7890625 0.3671875 0.3640625 0.0375
14 0.8453125 0.415625 0.2515625 0.0375
14 0.803125 0.465625 0.334375 0.0421875
14 0.8875 0.5109375 0.1671875 0.0375
5 0.76875 0.69375 0.4078125 0.30625
14 0.78125 0.865625 0.38125 0.0125
4 0.178125 0.609375 0.296875 0.5296875
14 0.4453125 0.35 0.140625 0.0109375
14 0.446875 0.365625 0.178125 0.0109375
14 0.446875 0.38125 0.14375 0.0109375
14 0.453125 0.4015625 0.0609375 0.009375
14 0.446875 0.4625 0.1671875 0.0109375
14 0.4453125 0.478125 0.184375 0.0109375
14 0.4453125 0.49375 0.084375 0.0109375
14 0.453125 0.5140625 0.0984375 0.009375
14 0.446875 0.5765625 0.153125 0.0109375
14 0.4453125 0.5921875 0.1734375 0.0109375
14 0.446875 0.60625 0.0765625 0.0109375
14 0.453125 0.6265625 0.096875 0.009375
14 0.4453125 0.690625 0.125 0.0125
14 0.4453125 0.70625 0.171875 0.0109375
14 0.4453125 0.7203125 0.11875 0.0125
14 0.453125 0.740625 0.109375 0.009375
14 0.446875 0.803125 0.171875 0.0109375
14 0.4453125 0.81875 0.1484375 0.0109375
14 0.4453125 0.834375 0.134375 0.0109375
14 0.446875 0.85 0.096875 0.0109375
14 0.4515625 0.8703125 0.1109375 0.0078125
3 0.4453125 0.53125 0.0234375 0.0203125
3 0.4453125 0.41875 0.01875 0.0203125
3 0.4453125 0.759375 0.01875 0.0203125
3 0.4453125 0.6453125 0.01875 0.021875
14 0.2265625 0.303125 0.0953125 0.0140625