14 0.76875 0.7640625 0.0328125 0.0171875
14 0.7046875 0.7640625 0.0515625 0.015625
14 0.625 0.7640625 0.0609375 0.0125
14 0.5546875 0.7625 0.040625 0.0140625
14 0.4515625 0.7640625 0.1234375 0.0171875
14 0.3390625 0.7625 0.0609375 0.0203125
14 0.25 0.7625 0.078125 0.015625
14 0.878125 0.565625 0.0875 0.0203125
14 0.740625 0.5671875 0.0546875 0.0171875
14 0.9140625 0.525 0.0828125 0.015625
14 0.9125 0.50625 0.0875 0.015625
14 0.7515625 0.5078125 0.0328125 0.015625
14 0.628125 0.5078125 0.0578125 0.0125
14 0.478125 0.5078125 0.0828125 0.015625
14 0.9390625 0.4484375 0.034375 0.0109375
14 0.8890625 0.446875 0.0546875 0.0140625
14 0.7484375 0.359375 0.4109375 0.1453125
14 0.7390625 0.2234375 0.3796875 0.065625
14 0.746875 0.146875 0.36875 0.040625
14 0.7109375 0.5078125 0.0359375 0.01875
14 0.5765625 0.50625 0.034375 0.0171875
14 0.4109375 0.5078125 0.0375 0.015625
3 0.78125 0.5078125 0.009375 0.0078125
3 0.6640625 0.5078125 0.0078125 0.0078125
3 0.53125 0.5078125 0.0078125 0.0078125
3 0.9484375 0.2484375 0.0078125 0.0078125
3 0.9484375 0.1640625 0.0078125 0.0078125
3 0.9421875 0.821875 0.0234375 0.0171875
3 0.884375 0.8234375 0.0140625 0.015625
3 0.171875 0.821875 0.015625 0.0171875
14 0.7890625 0.825 0.0984375 0.0171875
14 0.50625 0.8234375 0.1078125 0.0359375
14 0.0859375 0.821875 0.053125 0.0125
15 0.0875 0.821875 0.084375 0.0234375
9 0.5 0.7640625 0.996875 0.03125
16 0.5 0.828125 0.996875 0.0921875