16 0.5 0.8421875 0.996875 0.0640625
3 0.034375 0.8421875 0.0203125 0.0171875
5 0.9625 0.84375 0.0265625 0.0234375
14 0.8734375 0.8421875 0.125 0.0140625
5 0.5 0.6765625 0.996875 0.26875
10 0.528125 0.5265625 0.0796875 0.0109375
3 0.44375 0.525 0.015625 0.0140625
14 0.5 0.1421875 0.4109375 0.025
14 0.8625 0.290625 0.153125 0.01875
14 0.6203125 0.3140625 0.1828125 0.015625
14 0.378125 0.3140625 0.146875 0.015625
14 0.1359375 0.3125 0.1703125 0.01875
14 0.1375 0.384375 0.1984375 0.040625
14 0.378125 0.384375 0.2234375 0.0390625
14 0.6203125 0.3859375 0.1953125 0.040625
14 0.8625 0.3703125 0.19375 0.0671875
14 0.8625 0.4375 0.0640625 0.0328125
14 0.61875 0.4390625 0.109375 0.03125
14 0.3796875 0.4390625 0.065625 0.028125
14 0.1359375 0.4359375 0.0921875 0.0359375