16 0.4984375 0.2 0.9921875 0.0765625
9 0.5 0.265625 0.996875 0.046875
6 0.4734375 0.203125 0.7203125 0.04375
1 0.165625 0.203125 0.09375 0.0375
3 0.1640625 0.2046875 0.021875 0.0203125
3 0.0796875 0.196875 0.0421875 0.0390625
14 0.078125 0.225 0.0546875 0.01875
14 0.0828125 0.1421875 0.0375 0.01875
14 0.040625 0.1421875 0.0203125 0.0125
14 0.165625 0.14375 0.0703125 0.0125
14 0.259375 0.14375 0.0671875 0.0125
14 0.371875 0.14375 0.096875 0.0140625
14 0.7859375 0.14375 0.3671875 0.0171875
5 0.928125 0.203125 0.0921875 0.053125
14 0.95 0.2671875 0.025 0.0109375
14 0.75 0.2046875 0.1265625 0.021875
14 0.8515625 0.2640625 0.04375 0.0171875
14 0.746875 0.265625 0.06875 0.0125
14 0.65 0.265625 0.071875 0.015625
14 0.55 0.265625 0.084375 0.0125
14 0.45 0.265625 0.0578125 0.015625
14 0.35 0.265625 0.0578125 0.015625
14 0.25 0.2640625 0.0921875 0.0109375
14 0.1515625 0.2671875 0.0578125 0.0140625
14 0.05 0.2640625 0.028125 0.0140625
14 0.58125 0.3140625 0.65 0.0234375
14 0.21875 0.3171875 0.065625 0.015625
14 0.1328125 0.3171875 0.0734375 0.015625
14 0.4984375 0.3546875 0.909375 0.0171875
5 0.9 0.4421875 0.196875 0.1328125
5 0.896875 0.575 0.1984375 0.13125
5 0.8984375 0.690625 0.1984375 0.0953125
5 0.6984375 0.659375 0.1984375 0.1625
5 0.7 0.4578125 0.2 0.165625
5 0.3984375 0.55625 0.3984375 0.365625
5 0.1015625 0.4578125 0.1984375 0.165625
5 0.0984375 0.6578125 0.1953125 0.1609375
5 0.75625 0.8359375 0.484375 0.075
5 0.2453125 0.8328125 0.4859375 0.078125
14 0.0984375 0.5578125 0.109375 0.01875
14 0.0984375 0.759375 0.1609375 0.0203125
14 0.3984375 0.7578125 0.1296875 0.015625
14 0.6984375 0.75625 0.0734375 0.0203125
14 0.9 0.7578125 0.115625 0.015625
14 0.6984375 0.5578125 0.1296875 0.0203125