5 0.1078125 0.8515625 0.128125 0.028125
6 0.2796875 0.8484375 0.159375 0.0296875
3 0.3796875 0.8484375 0.0171875 0.01875
14 0.234375 0.8484375 0.05 0.0125
1 0.3796875 0.8484375 0.0359375 0.0296875
14 0.459375 0.846875 0.06875 0.0140625
14 0.5453125 0.8484375 0.053125 0.0109375
14 0.646875 0.8453125 0.059375 0.0109375
15 0.646875 0.846875 0.103125 0.03125
14 0.8546875 0.846875 0.078125 0.015625
14 0.9328125 0.8453125 0.04375 0.0140625
16 0.5 0.8484375 0.996875 0.05
0 0.5 0.69375 0.996875 0.2609375
15 0.5 0.6484375 0.2 0.0453125
14 0.5 0.6484375 0.1484375 0.0203125
14 0.5 0.7375 0.6578125 0.0359375
5 0.0453125 0.3890625 0.090625 0.2578125
5 0.2171875 0.3859375 0.203125 0.271875
5 0.4453125 0.378125 0.2015625 0.2546875
5 0.671875 0.38125 0.215625 0.2765625
5 0.896875 0.3875 0.203125 0.275
14 0.00625 0.234375 0.0125 0.009375
14 0.2171875 0.2359375 0.0515625 0.0109375
14 0.44375 0.2359375 0.053125 0.0109375
14 0.671875 0.2375 0.0390625 0.0109375
14 0.8984375 0.2375 0.090625 0.009375
14 0.36875 0.178125 0.6453125 0.015625
14 0.0875 0.1546875 0.084375 0.015625
14 0.8609375 0.1671875 0.071875 0.0140625
15 0.8625 0.1671875 0.18125 0.0359375