16 0.5 0.146875 0.9984375 0.04375
5 0.9203125 0.146875 0.1546875 0.0375
12 0.79375 0.146875 0.0859375 0.0328125
3 0.7625 0.146875 0.0140625 0.0140625
14 0.8015625 0.146875 0.0578125 0.0171875
14 0.653125 0.146875 0.1640625 0.021875
14 0.5203125 0.146875 0.0625 0.0140625
14 0.4484375 0.1453125 0.0390625 0.0140625
14 0.3609375 0.1484375 0.096875 0.0140625
12 0.25625 0.146875 0.078125 0.021875
3 0.2265625 0.146875 0.0140625 0.0125
14 0.2640625 0.146875 0.05625 0.0125
14 0.1734375 0.146875 0.05 0.0140625
14 0.0484375 0.146875 0.0796875 0.01875
3 0.1046875 0.146875 0.0265625 0.0234375
6 0.63125 0.2109375 0.39375 0.0421875
12 0.3234375 0.2109375 0.209375 0.0421875
3 0.2328125 0.2109375 0.0140625 0.028125
14 0.35 0.2125 0.1390625 0.01875
14 0.6703125 0.2125 0.290625 0.0171875
1 0.1921875 0.2109375 0.04375 0.04375
3 0.1921875 0.2125 0.021875 0.0234375
0 0.5 0.4484375 0.996875 0.55625
14 0.7359375 0.4265625 0.4375 0.090625
14 0.9015625 0.5109375 0.1078125 0.021875
3 0.8578125 0.5125 0.0140625 0.01875
5 0.4984375 0.803125 0.9921875 0.1421875