5 0.0875 0.159375 0.1109375 0.0515625
14 0.346875 0.159375 0.18125 0.025
14 0.7875 0.159375 0.0578125 0.0125
14 0.8671875 0.159375 0.0390625 0.009375
3 0.7421875 0.159375 0.01875 0.01875
6 0.4828125 0.159375 0.475 0.0375
3 0.91875 0.1578125 0.028125 0.0265625
3 0.959375 0.159375 0.0171875 0.015625
14 0.071875 0.2140625 0.0796875 0.0125
14 0.103125 0.2421875 0.0734375 0.0109375
3 0.0453125 0.2421875 0.0203125 0.0171875
14 0.121875 0.271875 0.1109375 0.0140625
3 0.046875 0.26875 0.015625 0.01875
14 0.1203125 0.296875 0.1078125 0.0109375
3 0.046875 0.2984375 0.0171875 0.0171875
14 0.0984375 0.3265625 0.065625 0.0140625
3 0.0453125 0.3234375 0.0140625 0.0171875
14 0.103125 0.3515625 0.071875 0.0109375
3 0.0453125 0.3515625 0.015625 0.0171875
14 0.1109375 0.38125 0.090625 0.0140625
3 0.046875 0.3796875 0.0140625 0.01875
14 0.0984375 0.4078125 0.0625 0.0140625
3 0.0453125 0.40625 0.015625 0.0171875
14 0.0765625 0.4359375 0.021875 0.0140625
3 0.0453125 0.434375 0.021875 0.009375
14 0.121875 0.4625 0.1125 0.0140625
3 0.046875 0.4609375 0.0171875 0.0140625
14 0.1 0.490625 0.0671875 0.0140625
3 0.046875 0.4890625 0.01875 0.0140625
14 0.0984375 0.5171875 0.0640625 0.0140625
3 0.046875 0.5171875 0.01875 0.015625
14 0.084375 0.54375 0.0359375 0.0109375
3 0.046875 0.54375 0.015625 0.0203125
14 0.103125 0.571875 0.075 0.0140625
3 0.0453125 0.571875 0.0203125 0.0125
14 0.0859375 0.5984375 0.040625 0.0140625
3 0.0453125 0.5984375 0.0140625 0.021875
14 0.1171875 0.6265625 0.103125 0.0140625
3 0.046875 0.625 0.0171875 0.015625
14 0.103125 0.6546875 0.0734375 0.0140625
3 0.0453125 0.653125 0.0125 0.0140625
14 0.1015625 0.68125 0.071875 0.0140625
3 0.046875 0.6796875 0.0203125 0.0171875
14 0.1265625 0.709375 0.1234375 0.0140625
3 0.0453125 0.7078125 0.0140625 0.0171875
14 0.0859375 0.734375 0.0390625 0.0109375
3 0.046875 0.734375 0.0171875 0.0171875
14 0.0921875 0.7625 0.053125 0.0109375
3 0.046875 0.7625 0.0171875 0.0140625
14 0.128125 0.790625 0.121875 0.0140625
3 0.0453125 0.790625 0.0171875 0.015625
14 0.1015625 0.8171875 0.071875 0.0109375
3 0.046875 0.815625 0.0140625 0.015625
14 0.0890625 0.8453125 0.046875 0.0140625
3 0.0453125 0.84375 0.0140625 0.015625
14 0.0890625 0.8703125 0.046875 0.0078125
3 0.0453125 0.8703125 0.0140625 0.0078125
14 0.2796875 0.2125 0.0390625 0.0078125
14 0.36875 0.2125 0.0734375 0.009375
14 0.4671875 0.2125 0.0625 0.009375
14 0.5703125 0.2125 0.0859375 0.0125
14 0.690625 0.2125 0.0953125 0.009375
14 0.834375 0.528125 0.0734375 0.0140625
15 0.8328125 0.528125 0.19375 0.0390625
3 0.128125 0.2109375 0.009375 0.0078125
11 0.1359375 0.5375 0.215625 0.671875
5 0.4734375 0.40625 0.4546875 0.3609375
5 0.7890625 0.828125 0.359375 0.09375
5 0.425 0.828125 0.3578125 0.09375
16 0.5 0.1578125 0.9984375 0.065625
5 0.365625 0.68125 0.2375 0.18125
5 0.6078125 0.6828125 0.234375 0.1828125
5 0.85 0.6828125 0.2390625 0.18125
5 0.8421875 0.40625 0.2765625 0.359375
15 0.775 0.159375 0.1078125 0.0375
16 0.5 0.1578125 0.9984375 0.065625