5 0.184375 0.1640625 0.36875 0.05
14 0.640625 0.1734375 0.040625 0.0140625
14 0.709375 0.171875 0.0375 0.0125
14 0.7859375 0.1734375 0.0625 0.0125
14 0.8671875 0.171875 0.04375 0.0125
14 0.9546875 0.1703125 0.0796875 0.0328125
4 0.5 0.834375 0.96875 0.05
14 0.809375 0.521875 0.1578125 0.0140625
3 0.7109375 0.5203125 0.025 0.015625
14 0.91875 0.5203125 0.0171875 0.0109375
6 0.796875 0.5203125 0.2125 0.028125
14 0.7765625 0.328125 0.3734375 0.153125
14 0.6296875 0.4453125 0.078125 0.0140625
14 0.6890625 0.446875 0.015625 0.009375
14 0.803125 0.446875 0.13125 0.0171875
15 0.8046875 0.4453125 0.1828125 0.0390625
5 0.29375 0.3890625 0.48125 0.309375
14 0.2953125 0.534375 0.1625 0.0125
14 0.1046875 0.86875 0.08125 0.0109375
14 0.45625 0.8671875 0.2125 0.0109375
14 0.1546875 0.66875 0.18125 0.0375
3 0.0390625 0.6609375 0.015625 0.0234375
14 0.1640625 0.7296875 0.2 0.0359375
3 0.0390625 0.7234375 0.015625 0.025
14 0.1765625 0.7921875 0.225 0.034375
3 0.0375 0.7859375 0.015625 0.025
14 0.1640625 0.6125 0.1984375 0.01875
3 0.040625 0.609375 0.021875 0.0234375
14 0.4078125 0.6109375 0.0546875 0.021875
3 0.3625 0.6125 0.0265625 0.0234375
14 0.4984375 0.6875 0.2984375 0.071875
14 0.45625 0.74375 0.2125 0.0140625
14 0.4984375 0.7859375 0.2984375 0.0375
14 0.7984375 0.6125 0.1859375 0.01875
3 0.6859375 0.6125 0.01875 0.025
5 0.815625 0.775 0.2484375 0.0671875
14 0.9140625 0.8359375 0.1046875 0.0125
15 0.9140625 0.834375 0.1296875 0.0375
16 0.5 0.1640625 0.9984375 0.0765625
14 0.6265625 0.5234375 0.078125 0.0296875
3 0.640625 0.20625 0.021875 0.0078125
15 0.91875 0.5203125 0.03125 0.028125