5 0.8640625 0.1796875 0.190625 0.0875
14 0.690625 0.2046875 0.084375 0.015625
14 0.5875 0.2046875 0.0484375 0.015625
14 0.4984375 0.20625 0.0515625 0.0140625
14 0.278125 0.2078125 0.1 0.009375
3 0.14375 0.2078125 0.0203125 0.0203125
6 0.2328125 0.2078125 0.215625 0.0375
14 0.08125 0.209375 0.0421875 0.0140625
15 0.08125 0.20625 0.078125 0.0375
4 0.5 0.2796875 0.9375 0.0875
5 0.734375 0.5703125 0.45 0.3953125
5 0.3828125 0.434375 0.215625 0.121875
5 0.1484375 0.4328125 0.215625 0.1234375
5 0.3828125 0.6984375 0.215625 0.1234375
5 0.1484375 0.6984375 0.215625 0.1234375
14 0.3859375 0.5578125 0.2046875 0.1078125
14 0.153125 0.5328125 0.2 0.059375
14 0.153125 0.8 0.2015625 0.0625
14 0.3984375 0.8125 0.1796875 0.0859375
16 0.5 0.1828125 0.996875 0.0953125