5 0.034375 0.8421875 0.0328125 0.0328125
14 0.15625 0.840625 0.1078125 0.0109375
14 0.35625 0.8421875 0.06875 0.0109375
14 0.540625 0.8421875 0.0765625 0.0109375
14 0.725 0.840625 0.065625 0.0109375
14 0.8828125 0.840625 0.0265625 0.0140625
3 0.9734375 0.840625 0.015625 0.0171875
15 0.5 0.5171875 0.103125 0.0390625
14 0.4984375 0.56875 0.1625 0.015625
14 0.5 0.396875 0.1828125 0.0171875
14 0.5 0.371875 0.06875 0.015625
14 0.0546875 0.1578125 0.075 0.0109375
14 0.2921875 0.1578125 0.065625 0.0109375
14 0.5359375 0.1578125 0.078125 0.0109375
14 0.7546875 0.1578125 0.0359375 0.0109375
5 0.5015625 0.671875 0.11875 0.11875
16 0.5 0.8375 0.9984375 0.0703125
14 0.5 0.51875 0.06875 0.0109375