5 0.4671875 0.1546875 0.16875 0.0296875
3 0.0515625 0.1546875 0.0234375 0.015625
3 0.9390625 0.1546875 0.01875 0.01875
3 0.971875 0.1546875 0.01875 0.0171875
10 0.5 0.44375 0.1015625 0.0171875
15 0.58125 0.36875 0.134375 0.0328125
14 0.58125 0.3703125 0.1 0.0140625
14 0.684375 0.3296875 0.3421875 0.0171875
14 0.6109375 0.275 0.1921875 0.0171875
14 0.5984375 0.3 0.1625 0.0234375
0 0.5 0.3234375 0.996875 0.278125
5 0.3171875 0.3078125 0.175 0.1765625
16 0.5 0.1546875 0.9984375 0.05625
14 0.2203125 0.503125 0.2234375 0.01875
14 0.184375 0.525 0.1515625 0.0140625
14 0.54375 0.5015625 0.196875 0.015625
14 0.4921875 0.5265625 0.09375 0.0171875
14 0.828125 0.503125 0.128125 0.015625
14 0.8625 0.5265625 0.1953125 0.015625
3 0.965625 0.5234375 0.00625 0.0109375
3 0.7109375 0.5125 0.0640625 0.065625
3 0.546875 0.5234375 0.00625 0.009375
3 0.390625 0.5125 0.0625 0.0640625
3 0.265625 0.5234375 0.00625 0.0109375
3 0.05625 0.5109375 0.0578125 0.0671875
5 0.184375 0.6625 0.2859375 0.1109375
14 0.171875 0.7484375 0.228125 0.015625
14 0.1484375 0.771875 0.1765625 0.0140625
14 0.265625 0.8125 0.0890625 0.0140625
14 0.4859375 0.7484375 0.2234375 0.01875
14 0.4578125 0.771875 0.171875 0.0140625
14 0.59375 0.8125 0.0671875 0.015625
14 0.7828125 0.7453125 0.18125 0.0171875
14 0.815625 0.7671875 0.2453125 0.0125
14 0.775 0.7875 0.1640625 0.015625
14 0.90625 0.8125 0.0703125 0.0140625
5 0.8171875 0.6625 0.2828125 0.109375
5 0.5 0.6625 0.2890625 0.109375
3 0.6328125 0.8125 0.00625 0.0109375
3 0.946875 0.8125 0.00625 0.0109375
3 0.315625 0.8125 0.0046875 0.009375
14 0.3703125 0.8484375 0.4140625 0.0140625
15 0.6640625 0.8484375 0.146875 0.034375
14 0.6640625 0.85 0.1078125 0.0125
14 0.8015625 0.8484375 0.0765625 0.0140625