14 0.2375 0.809375 0.2234375 0.03125
14 0.2375 0.7734375 0.2421875 0.025
14 0.2390625 0.7328125 0.059375 0.0265625
14 0.2328125 0.6484375 0.1890625 0.01875
14 0.2421875 0.6109375 0.1703125 0.0171875
14 0.2203125 0.5734375 0.2109375 0.01875
3 0.3453125 0.575 0.0203125 0.01875
3 0.3453125 0.6125 0.021875 0.015625
3 0.3453125 0.65 0.01875 0.0203125
15 0.2375 0.4953125 0.2875 0.0609375
14 0.2375 0.49375 0.0875 0.01875
14 0.36875 0.3359375 0.08125 0.015625
14 0.2375 0.334375 0.090625 0.015625
14 0.1078125 0.334375 0.0765625 0.015625
5 0.10625 0.3875 0.05625 0.05625
5 0.2375 0.3875 0.05625 0.0578125
5 0.36875 0.3875 0.0515625 0.0625
3 0.975 0.1828125 0.021875 0.0203125
3 0.975 0.153125 0.0203125 0.01875
14 0.2703125 0.2265625 0.2703125 0.0234375
14 0.2703125 0.14375 0.1078125 0.0140625
15 0.2703125 0.146875 0.14375 0.040625
14 0.5234375 0.840625 0.05 0.015625
14 0.5234375 0.3296875 0.046875 0.0171875
14 0.8265625 0.340625 0.125 0.0140625
5 0.7515625 0.34375 0.0171875 0.0140625
5 0.9171875 0.33125 0.040625 0.0390625
14 0.8546875 0.85 0.065625 0.0140625
5 0.915625 0.840625 0.040625 0.0390625
5 0.7125 0.5890625 0.446875 0.446875
5 0.721875 0.1859375 0.334375 0.1171875
16 0.9765625 0.5 0.046875 0.746875
5 0.975 0.8515625 0.0203125 0.028125
5 0.975 0.8125 0.021875 0.021875
5 0.975 0.771875 0.021875 0.021875
5 0.975 0.7328125 0.021875 0.0203125
5 0.975 0.69375 0.025 0.0234375
5 0.975 0.6546875 0.0234375 0.0234375
5 0.975 0.6171875 0.025 0.0234375
1 0.975 0.5734375 0.03125 0.0265625
3 0.975 0.571875 0.0171875 0.0171875
1 0.975 0.5359375 0.0328125 0.0296875
3 0.975 0.534375 0.0171875 0.0171875