4 0.5 0.5 0.584375 0.4890625
4 0.5 0.8140625 0.7109375 0.0875
14 0.9046875 0.7609375 0.159375 0.0109375
5 0.9703125 0.7265625 0.0265625 0.025
14 0.9296875 0.728125 0.0328125 0.0125
5 0.884375 0.509375 0.178125 0.24375
5 0.9171875 0.675 0.1359375 0.034375
3 0.821875 0.675 0.0265625 0.025
5 0.8640625 0.2671875 0.190625 0.128125
14 0.896875 0.35625 0.13125 0.01875
5 0.6390625 0.475 0.175 0.35
14 0.375 0.3328125 0.1515625 0.015625
15 0.3734375 0.3734375 0.153125 0.0390625
14 0.3734375 0.371875 0.1140625 0.0125
14 0.3734375 0.4421875 0.2203125 0.0390625
14 0.375 0.6 0.2390625 0.0328125
14 0.3734375 0.55 0.271875 0.040625
14 0.375 0.50625 0.2203125 0.0328125
5 0.5 0.7203125 0.2328125 0.028125
3 0.2265625 0.725 0.021875 0.0203125
14 0.196875 0.23125 0.2953125 0.0140625
14 0.3046875 0.2140625 0.0796875 0.0140625
14 0.134375 0.275 0.140625 0.015625
14 0.1296875 0.309375 0.1515625 0.0140625
14 0.88125 0.1578125 0.1296875 0.021875
3 0.8015625 0.159375 0.0140625 0.0203125
14 0.234375 0.1359375 0.11875 0.01875
5 0.115625 0.509375 0.1796875 0.2421875