15 0.946875 0.8515625 0.096875 0.028125
6 0.8 0.853125 0.1828125 0.0265625
5 0.0296875 0.8421875 0.046875 0.046875
14 0.19375 0.8515625 0.2640625 0.025
14 0.0265625 0.8109375 0.0328125 0.0109375
14 0.0375 0.7921875 0.05625 0.0109375
14 0.046875 0.775 0.0765625 0.0125
14 0.04375 0.75 0.0671875 0.0140625
14 0.0421875 0.73125 0.0625 0.0125
14 0.03125 0.7140625 0.040625 0.0109375
14 0.03125 0.6984375 0.040625 0.0109375
14 0.04375 0.6734375 0.06875 0.0109375
14 0.05 0.653125 0.08125 0.0140625
14 0.0515625 0.6359375 0.0828125 0.0125
14 0.0390625 0.6234375 0.059375 0.009375
14 0.078125 0.5640625 0.134375 0.065625
7 0.1125 0.5921875 0.025 0.0109375
7 0.0875 0.5703125 0.0859375 0.0109375
7 0.0578125 0.559375 0.09375 0.0109375
7 0.0546875 0.5375 0.0578125 0.0125
7 0.2828125 0.5875 0.1546875 0.0125
7 0.709375 0.5875 0.1921875 0.015625
7 0.6796875 0.5109375 0.06875 0.0125
14 0.5609375 0.771875 0.7859375 0.04375
7 0.7875 0.784375 0.0953125 0.0140625
14 0.2890625 0.61875 0.16875 0.0140625
5 0.1859375 0.6140625 0.028125 0.0265625
14 0.365625 0.6828125 0.3984375 0.0703125
14 0.7765625 0.6828125 0.403125 0.071875
7 0.915625 0.68125 0.075 0.0140625
5 0.59375 0.6140625 0.028125 0.0296875
7 0.2109375 0.7296875 0.0890625 0.01875
7 0.634375 0.7296875 0.11875 0.01875
14 0.465625 0.5109375 0.3484375 0.0125