5 0.8890625 0.8546875 0.21875 0.0375
9 0.4796875 0.853125 0.59375 0.0390625
14 0.74375 0.8546875 0.0390625 0.0171875
14 0.6828125 0.8546875 0.0328125 0.0125
14 0.61875 0.853125 0.04375 0.0140625
14 0.546875 0.853125 0.0546875 0.0140625
14 0.48125 0.85625 0.0296875 0.015625
14 0.3875 0.8546875 0.0609375 0.0171875
14 0.3015625 0.8546875 0.05625 0.0171875
14 0.2328125 0.8546875 0.03125 0.0140625
12 0.2203125 0.8515625 0.071875 0.0390625
3 0.2046875 0.8578125 0.0109375 0.009375
3 0.43125 0.8546875 0.0125 0.0171875
3 0.165625 0.85625 0.021875 0.021875
15 0.0734375 0.8546875 0.0890625 0.0390625
14 0.009375 0.85625 0.015625 0.0125
4 0.5 0.5703125 0.9984375 0.528125
5 0.784375 0.20625 0.375 0.159375
5 0.4234375 0.215625 0.246875 0.140625
14 0.44375 0.13125 0.209375 0.0078125
14 0.171875 0.25 0.16875 0.01875
14 0.1296875 0.2 0.2546875 0.0390625
14 0.1296875 0.1390625 0.2578125 0.0265625