9 0.5 0.140625 0.9375 0.03125
14 0.0796875 0.1390625 0.0640625 0.0109375
14 0.165625 0.1390625 0.0453125 0.009375
14 0.2390625 0.1390625 0.0375 0.009375
14 0.640625 0.1390625 0.040625 0.0109375
14 0.709375 0.1375 0.0359375 0.0109375
14 0.784375 0.1375 0.0515625 0.0109375
14 0.8640625 0.1390625 0.04375 0.0125
14 0.934375 0.1390625 0.0359375 0.0140625
6 0.415625 0.3296875 0.346875 0.034375
5 0.6078125 0.33125 0.0296875 0.0296875
5 0.6421875 0.33125 0.03125 0.028125
14 0.5359375 0.35625 0.0875 0.009375
14 0.3015625 0.3609375 0.08125 0.009375
2 0.246875 0.3578125 0.0125 0.0125
5 0.7515625 0.3296875 0.1203125 0.1515625
14 0.5 0.4578125 0.178125 0.0109375
14 0.4609375 0.5390625 0.065625 0.0125
5 0.534375 0.5234375 0.075 0.040625
14 0.2234375 0.59375 0.0859375 0.0109375
14 0.3734375 0.59375 0.153125 0.0109375
14 0.51875 0.5953125 0.0734375 0.0125
14 0.596875 0.5953125 0.0234375 0.0125
14 0.653125 0.59375 0.0234375 0.009375
14 0.7140625 0.59375 0.0375 0.0109375
14 0.7921875 0.59375 0.0578125 0.009375
14 0.5 0.6390625 0.4234375 0.0140625
14 0.5 0.6671875 0.25 0.0140625