9 0.5 0.2890625 0.99375 0.0515625
16 0.5015625 0.2140625 0.99375 0.096875
6 0.55625 0.2015625 0.7109375 0.0484375
12 0.815625 0.2 0.090625 0.028125
14 0.8046875 0.2 0.05625 0.015625
3 0.846875 0.2015625 0.009375 0.0125
3 0.8875 0.2015625 0.03125 0.028125
3 0.0703125 0.1984375 0.0953125 0.053125
5 0.0125 0.2421875 0.0109375 0.0265625
15 0.140625 0.2984375 0.0734375 0.0265625
14 0.1421875 0.3015625 0.0609375 0.0171875
15 0.225 0.3 0.071875 0.01875
15 0.3109375 0.3015625 0.0671875 0.0234375
15 0.3953125 0.3 0.071875 0.0171875
15 0.48125 0.3 0.0703125 0.025
15 0.5640625 0.3015625 0.0703125 0.021875
15 0.653125 0.303125 0.075 0.0265625
15 0.734375 0.3015625 0.071875 0.0234375
15 0.81875 0.3 0.071875 0.025
15 0.903125 0.303125 0.071875 0.0265625
14 0.0390625 0.296875 0.059375 0.0234375
3 0.0828125 0.296875 0.0171875 0.015625
6 0.44375 0.5125 0.475 0.3203125
14 0.2203125 0.240625 0.040625 0.0203125
14 0.278125 0.24375 0.05625 0.0234375
14 0.340625 0.24375 0.05625 0.021875
14 0.4109375 0.24375 0.0671875 0.0203125
14 0.4703125 0.240625 0.0328125 0.0125
14 0.521875 0.2421875 0.053125 0.0140625
14 0.5765625 0.24375 0.0390625 0.0234375
14 0.6375 0.24375 0.05625 0.0171875
14 0.728125 0.2421875 0.103125 0.015625
14 0.8265625 0.240625 0.0765625 0.0171875
14 0.0875 0.24375 0.109375 0.0203125
4 0.4453125 0.515625 0.478125 0.325
4 0.846875 0.48125 0.3046875 0.2546875
4 0.8359375 0.74375 0.28125 0.2578125
4 0.9875 0.74375 0.009375 0.2578125
4 0.3265625 0.778125 0.2328125 0.190625
4 0.5671875 0.7765625 0.234375 0.19375
11 0.1015625 0.59375 0.1953125 0.55625
5 0.0203125 0.5375 0.0203125 0.0171875
5 0.0203125 0.5640625 0.0203125 0.015625
5 0.01875 0.5921875 0.0203125 0.01875
5 0.0203125 0.6171875 0.0203125 0.0140625
5 0.0203125 0.646875 0.0171875 0.0171875
5 0.01875 0.671875 0.0171875 0.0125
5 0.01875 0.7 0.0171875 0.015625
5 0.01875 0.7296875 0.0140625 0.015625
5 0.021875 0.75625 0.021875 0.0125
5 0.0203125 0.7828125 0.0171875 0.0125
5 0.0234375 0.8109375 0.0171875 0.0203125
5 0.021875 0.8375 0.0171875 0.009375
5 0.0203125 0.8640625 0.0203125 0.009375
14 0.0734375 0.865625 0.0609375 0.0125
14 0.071875 0.8375 0.059375 0.0234375
14 0.0703125 0.809375 0.0640625 0.0171875
14 0.071875 0.7828125 0.0640625 0.0203125
14 0.090625 0.753125 0.103125 0.0203125
14 0.0734375 0.728125 0.0671875 0.0140625
14 0.075 0.703125 0.071875 0.015625
14 0.075 0.675 0.0703125 0.0203125
14 0.0796875 0.6484375 0.0828125 0.0171875
14 0.065625 0.61875 0.0546875 0.0203125
14 0.0828125 0.5875 0.09375 0.025
14 0.0734375 0.5640625 0.0671875 0.01875
14 0.090625 0.5359375 0.1015625 0.0203125
14 0.178125 0.5359375 0.0234375 0.0171875
14 0.178125 0.5625 0.0296875 0.0171875
14 0.1828125 0.59375 0.0234375 0.0140625
14 0.178125 0.61875 0.021875 0.015625
14 0.18125 0.646875 0.028125 0.01875
14 0.178125 0.671875 0.025 0.015625
14 0.178125 0.7 0.0234375 0.0140625
14 0.178125 0.7265625 0.028125 0.0171875
14 0.178125 0.7546875 0.0234375 0.0125
14 0.1796875 0.784375 0.025 0.0171875
14 0.178125 0.80625 0.025 0.0109375
14 0.1796875 0.8375 0.0265625 0.0203125
14 0.18125 0.8625 0.025 0.0125
3 0.1578125 0.5359375 0.009375 0.0125
3 0.159375 0.5640625 0.009375 0.0125
3 0.159375 0.5921875 0.0125 0.0140625
3 0.159375 0.6203125 0.0171875 0.0140625
3 0.159375 0.646875 0.009375 0.015625
3 0.159375 0.6734375 0.009375 0.015625
3 0.159375 0.7 0.00625 0.0203125
3 0.159375 0.728125 0.0125 0.009375
3 0.159375 0.75625 0.0109375 0.0125
3 0.1578125 0.78125 0.0109375 0.015625
3 0.159375 0.8078125 0.015625 0.0125
3 0.15625 0.8359375 0.0125 0.0140625
3 0.15625 0.8625 0.0171875 0.0171875
14 0.04375 0.503125 0.06875 0.021875
14 0.109375 0.3609375 0.146875 0.0234375
14 0.1078125 0.390625 0.1484375 0.0203125
14 0.0984375 0.421875 0.1296875 0.0171875
14 0.1078125 0.4484375 0.15 0.0171875
14 0.1109375 0.471875 0.15 0.021875
5 0.0203125 0.3578125 0.021875 0.0203125
5 0.015625 0.3875 0.01875 0.0234375
5 0.01875 0.421875 0.0125 0.021875
5 0.01875 0.446875 0.0234375 0.0109375
5 0.0234375 0.4734375 0.025 0.0234375
14 0.0453125 0.328125 0.0640625 0.0171875
9 0.6 0.3296875 0.796875 0.0234375
14 0.3078125 0.3296875 0.1921875 0.0203125
14 0.5296875 0.33125 0.196875 0.0203125
14 0.76875 0.33125 0.2296875 0.0203125
14 0.9609375 0.3265625 0.075 0.01875
3 0.9828125 0.190625 0.03125 0.0328125
14 0.9828125 0.2203125 0.03125 0.0171875
11 0.5 0.1453125 0.9984375 0.0359375
14 0.0328125 0.14375 0.04375 0.0296875
14 0.1109375 0.14375 0.0640625 0.0234375
14 0.890625 0.1453125 0.075 0.0203125
14 0.9765625 0.146875 0.0453125 0.0234375