3 0.03125 0.1578125 0.025 0.0171875
12 0.1703125 0.153125 0.1046875 0.040625
14 0.159375 0.15625 0.0734375 0.0203125
3 0.209375 0.15 0.0125 0.0125
5 0.0953125 0.1546875 0.0234375 0.028125
5 0.5015625 0.15625 0.1515625 0.0359375
15 0.8234375 0.1546875 0.096875 0.034375
3 0.909375 0.15625 0.0328125 0.03125
3 0.9609375 0.15625 0.034375 0.0328125
14 0.5 0.2265625 0.5671875 0.025
14 0.5 0.309375 0.4328125 0.0421875
5 0.4984375 0.5953125 0.8015625 0.4484375
5 0.953125 0.5046875 0.0890625 0.275
14 0.959375 0.68125 0.075 0.015625
14 0.9640625 0.73125 0.06875 0.040625
14 0.965625 0.834375 0.0640625 0.065625
14 0.4921875 0.8625 0.7515625 0.021875