3 0.96875 0.8421875 0.025 0.0171875
12 0.8296875 0.846875 0.1046875 0.040625
14 0.840625 0.84375 0.0734375 0.0203125
3 0.790625 0.85 0.0125 0.0125
5 0.9046875 0.8453125 0.0234375 0.028125
5 0.4984375 0.84375 0.1515625 0.0359375
15 0.1765625 0.8453125 0.096875 0.034375
3 0.090625 0.84375 0.0328125 0.03125
3 0.0390625 0.84375 0.034375 0.0328125
14 0.5 0.7734375 0.5671875 0.025
14 0.5 0.690625 0.4328125 0.0421875
5 0.5015625 0.4046875 0.8015625 0.4484375
5 0.046875 0.4953125 0.0890625 0.275
14 0.040625 0.31875 0.075 0.015625
14 0.0359375 0.26875 0.06875 0.040625
14 0.034375 0.165625 0.0640625 0.065625
14 0.5078125 0.1375 0.7515625 0.021875