9 0.5015625 0.19375 0.99375 0.0484375
16 0.5 0.1484375 0.9984375 0.0421875
3 0.0359375 0.1484375 0.028125 0.028125
5 0.503125 0.15 0.1109375 0.0359375
5 0.778125 0.1484375 0.0328125 0.025
14 0.8203125 0.1484375 0.0375 0.0171875
15 0.9203125 0.1484375 0.121875 0.0296875
14 0.9125 0.146875 0.0984375 0.015625
14 0.04375 0.19375 0.053125 0.0203125
14 0.1265625 0.1921875 0.071875 0.0203125
14 0.2234375 0.1921875 0.0796875 0.0234375
14 0.3421875 0.190625 0.1109375 0.0203125
14 0.4703125 0.1921875 0.1 0.0203125
14 0.578125 0.190625 0.0859375 0.0171875
14 0.6734375 0.1921875 0.065625 0.0203125
14 0.7890625 0.1921875 0.115625 0.0203125
14 0.9296875 0.190625 0.1078125 0.025
5 0.3875 0.31875 0.3015625 0.165625
14 0.096875 0.29375 0.1890625 0.0171875
14 0.0984375 0.353125 0.1875 0.0203125
14 0.0375 0.371875 0.071875 0.0203125
14 0.6015625 0.26875 0.103125 0.01875
14 0.7765625 0.29375 0.4453125 0.025
14 0.6921875 0.3203125 0.28125 0.0203125
14 0.775 0.3515625 0.446875 0.01875
14 0.7421875 0.371875 0.3765625 0.021875
14 0.9359375 0.4390625 0.065625 0.0140625
3 0.9765625 0.4421875 0.0109375 0.0140625
10 0.878125 0.4421875 0.0296875 0.0140625
12 0.9421875 0.440625 0.0953125 0.025
14 0.0765625 0.440625 0.09375 0.015625
14 0.184375 0.5296875 0.2609375 0.0359375
14 0.253125 0.5734375 0.396875 0.03125
14 0.1015625 0.61875 0.10625 0.015625
14 0.2328125 0.6203125 0.115625 0.01875
14 0.3484375 0.6234375 0.0796875 0.0203125
14 0.0859375 0.6703125 0.0703125 0.0359375
5 0.15 0.675 0.046875 0.040625
14 0.2609375 0.6703125 0.1546875 0.0390625
5 0.7578125 0.6046875 0.434375 0.2421875
5 0.340625 0.8078125 0.628125 0.1328125
5 0.825 0.8046875 0.3015625 0.1328125