5 0.0296875 0.15625 0.021875 0.0234375
14 0.1 0.1578125 0.103125 0.025
9 0.4390625 0.1546875 0.54375 0.046875
14 0.215625 0.1546875 0.078125 0.0203125
14 0.303125 0.15625 0.0578125 0.0171875
14 0.3765625 0.15625 0.05625 0.0140625
14 0.446875 0.15625 0.046875 0.015625
14 0.534375 0.1578125 0.1 0.0171875
14 0.615625 0.1578125 0.03125 0.0171875
14 0.675 0.1578125 0.0484375 0.015625
3 0.7671875 0.15625 0.0171875 0.0203125
12 0.859375 0.1578125 0.1078125 0.0375
14 0.853125 0.1578125 0.065625 0.0171875
3 0.896875 0.15625 0.0109375 0.0109375
14 0.9578125 0.15625 0.04375 0.01875
15 0.715625 0.2125 0.1359375 0.0359375
15 0.8890625 0.2109375 0.178125 0.034375
14 0.4578125 0.259375 0.56875 0.0203125
7 0.7890625 0.2578125 0.078125 0.0140625
14 0.2234375 0.371875 0.3375 0.1078125
14 0.2296875 0.4828125 0.35 0.0796875
15 0.146875 0.5765625 0.1796875 0.04375
5 0.684375 0.4515625 0.390625 0.1890625
10 0.6859375 0.571875 0.0921875 0.0171875
3 0.9171875 0.4453125 0.0171875 0.0203125
14 0.1578125 0.7359375 0.1984375 0.06875
14 0.36875 0.7234375 0.1625 0.04375
14 0.6140625 0.7234375 0.1984375 0.046875
14 0.840625 0.7359375 0.1984375 0.0640625
14 0.15 0.828125 0.1890625 0.090625
7 0.15 0.8171875 0.0453125 0.021875
7 0.1390625 0.84375 0.1609375 0.0171875
7 0.3453125 0.76875 0.1140625 0.025
7 0.3328125 0.79375 0.09375 0.0140625
7 0.5734375 0.846875 0.1171875 0.0171875
7 0.8828125 0.815625 0.115625 0.0140625
7 0.7625 0.8453125 0.0421875 0.0140625
14 0.3859375 0.815625 0.196875 0.115625
14 0.609375 0.815625 0.19375 0.1171875
14 0.840625 0.828125 0.203125 0.090625