5 0.8359375 0.821875 0.134375 0.0421875
14 0.2171875 0.815625 0.0421875 0.0171875
14 0.125 0.8140625 0.0515625 0.0171875
14 0.5 0.6859375 0.3125 0.0390625
14 0.5015625 0.6375 0.5765625 0.0203125
1 0.5 0.559375 0.0578125 0.05625
3 0.5 0.559375 0.0171875 0.021875
14 0.5 0.3625 0.203125 0.0203125
14 0.5 0.2984375 0.2921875 0.0203125
14 0.4984375 0.275 0.6546875 0.01875
6 0.5484375 0.203125 0.2984375 0.0453125
14 0.5984375 0.203125 0.1765625 0.0203125
15 0.3421875 0.2046875 0.078125 0.0453125
14 0.4984375 0.146875 0.3109375 0.0203125