5 0.0453125 0.1484375 0.0359375 0.025
14 0.1140625 0.1484375 0.0984375 0.021875
9 0.6234375 0.1453125 0.371875 0.0296875
14 0.465625 0.146875 0.0453125 0.015625
14 0.515625 0.146875 0.028125 0.0125
14 0.578125 0.1453125 0.0734375 0.0140625
14 0.66875 0.146875 0.0515625 0.0125
3 0.7046875 0.1453125 0.015625 0.015625
14 0.7625 0.1453125 0.0484375 0.0125
3 0.796875 0.1453125 0.0140625 0.0125
15 0.8921875 0.153125 0.146875 0.0375
14 0.728125 0.171875 0.028125 0.009375
14 0.7859375 0.1703125 0.028125 0.0109375
3 0.046875 0.1765625 0.0203125 0.0203125
9 0.3546875 0.175 0.5515625 0.03125
14 0.1203125 0.1765625 0.0734375 0.0171875
14 0.2203125 0.1765625 0.075 0.0203125
14 0.3203125 0.1765625 0.08125 0.021875
14 0.409375 0.178125 0.0421875 0.0171875
14 0.4890625 0.175 0.06875 0.01875
14 0.5859375 0.1765625 0.06875 0.01875
9 0.2375 0.215625 0.4203125 0.034375
14 0.040625 0.2140625 0.0203125 0.015625
14 0.078125 0.2171875 0.01875 0.0125
14 0.125 0.2171875 0.034375 0.0125
14 0.1828125 0.215625 0.0515625 0.0125
14 0.240625 0.2171875 0.0203125 0.0109375
14 0.2921875 0.215625 0.0375 0.0140625
14 0.3390625 0.2171875 0.0203125 0.0109375
14 0.396875 0.2171875 0.065625 0.0140625
14 0.0546875 0.253125 0.0296875 0.015625
14 0.15 0.253125 0.059375 0.0125
14 0.1328125 0.271875 0.0953125 0.01875
14 0.0859375 0.29375 0.090625 0.0171875
14 0.2375 0.25 0.0515625 0.0171875
14 0.321875 0.253125 0.0515625 0.0125
14 0.30625 0.2734375 0.0890625 0.015625
14 0.2546875 0.29375 0.090625 0.0125
14 0.4078125 0.253125 0.0546875 0.0125
14 0.4921875 0.2546875 0.05 0.0125
14 0.4734375 0.275 0.090625 0.01875
14 0.4234375 0.29375 0.0921875 0.0140625
14 0.58125 0.2546875 0.059375 0.0140625
14 0.665625 0.253125 0.0453125 0.0125
14 0.646875 0.275 0.084375 0.015625
14 0.596875 0.29375 0.0953125 0.0109375
14 0.73125 0.253125 0.0234375 0.0125
14 0.8421875 0.253125 0.0328125 0.0171875
14 0.8203125 0.2734375 0.078125 0.0125
14 0.7625 0.29375 0.09375 0.0140625
3 0.0453125 0.275 0.01875 0.0125
3 0.215625 0.2734375 0.0125 0.0140625
3 0.3859375 0.275 0.0109375 0.0140625
3 0.5546875 0.275 0.0125 0.0140625
3 0.7265625 0.271875 0.0125 0.0125
14 0.30625 0.33125 0.55 0.0203125
14 0.06875 0.4015625 0.0765625 0.0140625
15 0.1984375 0.4015625 0.1640625 0.0328125
15 0.36875 0.4015625 0.15625 0.034375
15 0.5390625 0.4 0.15625 0.034375
15 0.721875 0.4015625 0.184375 0.034375
15 0.8875 0.403125 0.1296875 0.0328125
5 0.23125 0.521875 0.396875 0.1671875
5 0.5515625 0.490625 0.1828125 0.103125
5 0.5515625 0.728125 0.1828125 0.103125
14 0.2109375 0.6703125 0.3125 0.1109375
14 0.23125 0.759375 0.3546875 0.0296875
14 0.2296875 0.8078125 0.353125 0.0203125
14 0.5515625 0.6 0.1859375 0.09375
14 0.55 0.8296875 0.1859375 0.084375
14 0.8125 0.540625 0.2421875 0.05625
14 0.8140625 0.6359375 0.246875 0.0546875
14 0.8390625 0.7140625 0.225 0.0203125
14 0.7875 0.7328125 0.1953125 0.0203125
14 0.728125 0.690625 0.0734375 0.0171875
14 0.7296875 0.59375 0.071875 0.0203125
14 0.728125 0.5015625 0.0765625 0.0140625
14 0.7390625 0.4625 0.1328125 0.01875
14 0.728125 0.771875 0.0734375 0.0125
14 0.821875 0.8015625 0.26875 0.0375