4 0.5 0.834375 0.9984375 0.0796875
5 0.896875 0.7671875 0.1328125 0.034375
5 0.7421875 0.4328125 0.49375 0.5703125
6 0.2453125 0.5234375 0.3671875 0.0484375
6 0.25 0.6203125 0.35625 0.0390625
14 0.3875 0.51875 0.06875 0.01875
14 0.4015625 0.61875 0.0421875 0.0125
14 0.328125 0.665625 0.2109375 0.028125
16 0.496875 0.7625 0.9921875 0.0625
14 0.7734375 0.765625 0.065625 0.028125
14 0.6640625 0.765625 0.1265625 0.0203125
14 0.5546875 0.7671875 0.05625 0.0203125
14 0.465625 0.765625 0.09375 0.0203125
14 0.1984375 0.7640625 0.0546875 0.0203125
15 0.0984375 0.7640625 0.0921875 0.0359375
15 0.25 0.4078125 0.34375 0.0453125
14 0.3328125 0.303125 0.1875 0.0203125
5 0.3828125 0.25625 0.021875 0.0203125
5 0.2953125 0.25625 0.0234375 0.0265625
5 0.20625 0.25625 0.0234375 0.0234375
5 0.1171875 0.25625 0.0234375 0.021875
7 0.275 0.3359375 0.1 0.0171875
7 0.1640625 0.3359375 0.090625 0.0171875
14 0.265625 0.34375 0.3171875 0.0453125
6 0.2484375 0.575 0.340625 0.05
6 0.2484375 0.4703125 0.3375 0.053125