5 0.1390625 0.771875 0.24375 0.078125
5 0.634375 0.7828125 0.0984375 0.0828125
5 0.0875 0.859375 0.025 0.021875
5 0.04375 0.853125 0.025 0.01875
5 0.13125 0.8578125 0.025 0.0203125
5 0.171875 0.8578125 0.025 0.0203125
5 0.2140625 0.8578125 0.021875 0.01875
5 0.484375 0.5609375 0.0421875 0.0375
9 0.7828125 0.8578125 0.39375 0.0296875
14 0.6203125 0.8578125 0.0421875 0.0125
14 0.6953125 0.8578125 0.0578125 0.0140625
14 0.771875 0.8578125 0.040625 0.01875
14 0.8375 0.8578125 0.046875 0.0171875
14 0.925 0.8546875 0.0890625 0.01875
14 0.834375 0.8 0.2859375 0.0421875
15 0.83125 0.75 0.2140625 0.034375
9 0.30625 0.675 0.565625 0.05
14 0.0875 0.6734375 0.08125 0.0203125
14 0.1828125 0.6734375 0.06875 0.0171875
14 0.2828125 0.6734375 0.0953125 0.0171875
14 0.3953125 0.6734375 0.084375 0.0171875
14 0.478125 0.6734375 0.040625 0.0203125
14 0.534375 0.6765625 0.0296875 0.0203125
14 0.5015625 0.6046875 0.5421875 0.0390625
14 0.4015625 0.5609375 0.1140625 0.0265625
14 0.584375 0.5578125 0.1453125 0.0375
14 0.19375 0.49375 0.1171875 0.0265625
14 0.4203125 0.4640625 0.575 0.0203125
14 0.1765625 0.4265625 0.0859375 0.021875
14 0.378125 0.3921875 0.4109375 0.0234375
14 0.1765625 0.3453125 0.084375 0.021875
14 0.3140625 0.3109375 0.2890625 0.0234375
14 0.1734375 0.2640625 0.0859375 0.034375
14 0.3203125 0.2296875 0.2984375 0.0203125
14 0.1953125 0.1828125 0.125 0.0234375
14 0.325 0.1484375 0.30625 0.015625
3 0.1578125 0.39375 0.0109375 0.009375
3 0.1578125 0.3125 0.0078125 0.0125
3 0.1578125 0.2296875 0.0109375 0.009375
3 0.1578125 0.1484375 0.0078125 0.0078125
7 0.6 0.4640625 0.2078125 0.0171875
7 0.35 0.3921875 0.0984375 0.0109375
7 0.4328125 0.3921875 0.0515625 0.0109375
7 0.478125 0.3921875 0.025 0.0125
7 0.5390625 0.3921875 0.0796875 0.0125
7 0.35 0.309375 0.0984375 0.0109375
7 0.4328125 0.3109375 0.053125 0.0125
7 0.359375 0.2296875 0.0953125 0.0109375
7 0.4421875 0.228125 0.0515625 0.0140625
7 0.36875 0.1484375 0.0984375 0.0109375
7 0.4515625 0.146875 0.05 0.0140625