15 0.15625 0.60625 0.0984375 0.0359375
15 0.25 0.6046875 0.0703125 0.034375
5 0.678125 0.3765625 0.4109375 0.228125
14 0.7234375 0.4703125 0.303125 0.021875
14 0.3546875 0.4859375 0.18125 0.0109375
14 0.35625 0.3765625 0.1796875 0.096875
14 0.4265625 0.3171875 0.0359375 0.015625
14 0.4109375 0.271875 0.071875 0.0140625
14 0.7375 0.203125 0.290625 0.0203125
14 0.5359375 0.646875 0.0859375 0.01875
14 0.4640625 0.6140625 0.2234375 0.028125
14 0.246875 0.7859375 0.0796875 0.0265625
14 0.4390625 0.771875 0.0734375 0.01875
14 0.4375 0.7421875 0.215625 0.028125
14 0.2453125 0.71875 0.1109375 0.028125
14 0.4390625 0.7078125 0.2171875 0.015625
14 0.665625 0.5390625 0.053125 0.0109375
16 0.5 0.8484375 0.9984375 0.053125
5 0.7875 0.60625 0.0859375 0.084375
14 0.6578125 0.615625 0.1359375 0.01875
14 0.6671875 0.590625 0.1125 0.0140625
14 0.359375 0.4515625 0.1671875 0.009375
14 0.9640625 0.5484375 0.0328125 0.009375
14 0.9625 0.475 0.0265625 0.0109375
14 0.9640625 0.6203125 0.0578125 0.0109375
14 0.965625 0.6921875 0.040625 0.009375
14 0.9640625 0.7640625 0.0328125 0.009375
3 0.965625 0.846875 0.0265625 0.0234375
3 0.965625 0.7890625 0.025 0.0234375
3 0.9671875 0.715625 0.0203125 0.021875
3 0.965625 0.64375 0.03125 0.025
3 0.9671875 0.5734375 0.0296875 0.0265625
3 0.9671875 0.5015625 0.0265625 0.0234375
3 0.546875 0.46875 0.0265625 0.0203125
3 0.56875 0.2765625 0.025 0.0203125
3 0.5328125 0.278125 0.0234375 0.01875
3 0.4984375 0.2765625 0.0234375 0.01875
3 0.8515625 0.2765625 0.0234375 0.021875
3 0.809375 0.2765625 0.021875 0.015625
3 0.8921875 0.8484375 0.0859375 0.01875
3 0.334375 0.8484375 0.01875 0.0171875
3 0.240625 0.8484375 0.0265625 0.01875
3 0.0625 0.69375 0.028125 0.025
3 0.0328125 0.69375 0.0234375 0.025
3 0.19375 0.846875 0.0203125 0.0171875
3 0.146875 0.846875 0.0171875 0.015625
14 0.4375 0.6875 0.1765625 0.01875
14 0.2734375 0.5390625 0.05 0.0140625
14 0.153125 0.540625 0.0765625 0.0171875
3 0.0265625 0.540625 0.0125 0.0171875
14 0.159375 0.4859375 0.14375 0.0109375
14 0.1859375 0.4109375 0.0703125 0.0125
14 0.13125 0.3625 0.1359375 0.0125
14 0.1859375 0.3328125 0.0703125 0.0125
14 0.184375 0.284375 0.0265625 0.0109375
14 0.15625 0.2078125 0.0828125 0.0109375
14 0.1859375 0.175 0.0734375 0.0171875
14 0.1859375 0.253125 0.0734375 0.015625
14 0.1796875 0.4421875 0.0390625 0.015625
14 0.3390625 0.565625 0.046875 0.015625
14 0.7265625 0.8484375 0.0484375 0.0125
6 0.53125 0.8484375 0.45625 0.03125
14 0.5390625 0.5359375 0.0703125 0.00625
14 0.4015625 0.5359375 0.0796875 0.0078125
3 0.153125 0.6921875 0.0171875 0.01875
14 0.1140625 0.69375 0.053125 0.009375
15 0.0671875 0.8484375 0.1015625 0.034375
3 0.096875 0.846875 0.025 0.0203125
3 0.21875 0.3625 0.0171875 0.01875
3 0.2203125 0.2859375 0.0265625 0.0234375
3 0.215625 0.2078125 0.015625 0.021875
3 0.2171875 0.440625 0.025 0.0203125
14 0.7765625 0.5375 0.0421875 0.0125
5 0.78125 0.1484375 0.1984375 0.0421875
5 0.571875 0.146875 0.20625 0.040625
5 0.3625 0.146875 0.20625 0.040625