12 0.0796875 0.44375 0.1078125 0.0171875
14 0.053125 0.3140625 0.05 0.0125
14 0.05 0.3328125 0.0484375 0.009375
5 0.0890625 0.2015625 0.103125 0.1484375
5 0.4296875 0.65 0.4390625 0.4484375
14 0.359375 0.2796875 0.2859375 0.0328125
14 0.4359375 0.3140625 0.434375 0.0125
14 0.0734375 0.3515625 0.090625 0.0109375
14 0.059375 0.3703125 0.0703125 0.015625
14 0.05625 0.3890625 0.0640625 0.009375
14 0.06875 0.421875 0.0921875 0.0125
14 0.0546875 0.4765625 0.06875 0.0046875
14 0.053125 0.4984375 0.059375 0.0109375
14 0.06875 0.5171875 0.0859375 0.0125
14 0.0578125 0.5375 0.0578125 0.009375
14 0.0578125 0.5546875 0.0625 0.0125
14 0.0546875 0.575 0.0578125 0.009375
14 0.0671875 0.60625 0.08125 0.009375
14 0.0546875 0.628125 0.05625 0.01875
14 0.0546875 0.65 0.0546875 0.0125
14 0.059375 0.665625 0.0640625 0.0109375
14 0.05625 0.6859375 0.0625 0.0109375
14 0.0515625 0.7015625 0.053125 0.0125
14 0.0546875 0.7203125 0.05625 0.0140625
14 0.05 0.740625 0.053125 0.0171875
14 0.053125 0.7578125 0.046875 0.0203125
14 0.0515625 0.7765625 0.0515625 0.0140625
14 0.0546875 0.79375 0.0578125 0.0171875
14 0.0546875 0.8140625 0.059375 0.0140625
14 0.0546875 0.8328125 0.0609375 0.009375
14 0.0546875 0.8515625 0.0578125 0.0125
14 0.2765625 0.3875 0.1453125 0.0203125
14 0.784375 0.3890625 0.1921875 0.015625
14 0.7234375 0.303125 0.05 0.0109375
14 0.790625 0.3 0.0484375 0.0109375
14 0.8578125 0.303125 0.04375 0.009375
14 0.68125 0.190625 0.06875 0.009375
14 0.615625 0.1875 0.028125 0.0125
14 0.284375 0.190625 0.06875 0.0125
14 0.753125 0.190625 0.0421875 0.0078125
14 0.2484375 0.3328125 0.0578125 0.0125
14 0.209375 0.1890625 0.0578125 0.015625
5 0.846875 0.559375 0.3046875 0.2921875
14 0.7875 0.8140625 0.2 0.0125
14 0.8453125 0.8546875 0.296875 0.0390625
3 0.6671875 0.140625 0.0203125 0.0171875
6 0.884375 0.1859375 0.1921875 0.0234375
3 0.971875 0.184375 0.0109375 0.0171875
14 0.8734375 0.1859375 0.1625 0.009375
15 0.934375 0.3015625 0.0703125 0.03125
14 0.8484375 0.721875 0.2921875 0.015625
14 0.9171875 0.7546875 0.1578125 0.0171875
9 0.8171875 0.1390625 0.334375 0.0234375
14 0.7125 0.14375 0.0671875 0.009375
14 0.7671875 0.14375 0.0234375 0.0109375
14 0.821875 0.14375 0.0671875 0.0125
14 0.90625 0.14375 0.0796875 0.009375
14 0.9703125 0.1421875 0.025 0.0078125
9 0.8328125 0.3046875 0.2875 0.0421875