5 0.1359375 0.209375 0.234375 0.0546875
3 0.3140625 0.14375 0.0171875 0.015625
3 0.4984375 0.1421875 0.0171875 0.0171875
5 0.9015625 0.1453125 0.0234375 0.021875
5 0.9359375 0.14375 0.0234375 0.025
5 0.9671875 0.1453125 0.0234375 0.0234375
14 0.3921875 0.1453125 0.128125 0.015625
14 0.5609375 0.1453125 0.096875 0.015625
14 0.671875 0.1453125 0.0703125 0.015625
14 0.753125 0.14375 0.0328125 0.0140625
14 0.8234375 0.1453125 0.0546875 0.015625
14 0.4859375 0.2109375 0.1734375 0.0203125
14 0.671875 0.2125 0.1234375 0.0203125
14 0.834375 0.2109375 0.1203125 0.0203125
14 0.9578125 0.2125 0.046875 0.0234375
14 0.34375 0.2953125 0.65625 0.0234375
14 0.840625 0.29375 0.1453125 0.0234375
14 0.228125 0.51875 0.40625 0.26875
14 0.2359375 0.7125 0.4296875 0.075
15 0.2359375 0.8171875 0.4328125 0.0703125
14 0.15 0.8203125 0.21875 0.0203125
5 0.7640625 0.5203125 0.4328125 0.275
14 0.7109375 0.6703125 0.3265625 0.0078125
5 0.7375 0.2921875 0.0328125 0.028125