16 0.5 0.84375 0.996875 0.0578125
15 0.0734375 0.84375 0.128125 0.04375
14 0.0734375 0.8453125 0.0828125 0.015625
14 0.7171875 0.84375 0.278125 0.0203125
5 0.9421875 0.8421875 0.06875 0.0234375
14 0.2734375 0.603125 0.4234375 0.3234375
14 0.25 0.38125 0.4765625 0.046875
15 0.4234375 0.303125 0.13125 0.040625
14 0.425 0.3046875 0.0828125 0.015625
5 0.778125 0.559375 0.4421875 0.4421875
14 0.5015625 0.2046875 0.8796875 0.0453125
14 0.590625 0.1453125 0.7890625 0.0125
15 0.1484375 0.146875 0.0828125 0.0234375
15 0.0640625 0.146875 0.071875 0.0234375
14 0.0625 0.1453125 0.0578125 0.0109375
14 0.146875 0.1453125 0.06875 0.0109375