5 0.0578125 0.1546875 0.0234375 0.0296875
14 0.1578125 0.1578125 0.1640625 0.0203125
14 0.784375 0.1578125 0.1453125 0.0171875
14 0.928125 0.15625 0.0828125 0.015625
14 0.21875 0.3046875 0.3796875 0.1046875
14 0.2421875 0.425 0.4234375 0.0921875
14 0.496875 0.6 0.365625 0.0328125
14 0.5015625 0.68125 0.69375 0.065625
14 0.4984375 0.75625 0.290625 0.0203125
14 0.184375 0.809375 0.08125 0.015625
14 0.296875 0.8109375 0.0484375 0.0125
14 0.3984375 0.8109375 0.0578125 0.015625
14 0.5125 0.8109375 0.065625 0.0125
14 0.6296875 0.8109375 0.0671875 0.0140625
14 0.734375 0.8109375 0.0375 0.015625
14 0.8296875 0.8109375 0.0546875 0.015625
15 0.1828125 0.8109375 0.1234375 0.0359375
15 0.3 0.8125 0.0828125 0.0328125
15 0.4 0.8125 0.0953125 0.0359375
15 0.5109375 0.8140625 0.1078125 0.03125
15 0.63125 0.8140625 0.1078125 0.034375
15 0.734375 0.8140625 0.0765625 0.0328125
15 0.8296875 0.8125 0.0953125 0.0328125
5 0.7328125 0.3625 0.4609375 0.3109375