14 0.5875 0.2796875 0.7390625 0.0328125
14 0.5859375 0.2359375 0.171875 0.0140625
14 0.5484375 0.3203125 0.0828125 0.0109375
14 0.5359375 0.346875 0.0515625 0.0109375
14 0.6515625 0.346875 0.0890625 0.0109375
14 0.6921875 0.3203125 0.1125 0.0109375
14 0.8234375 0.321875 0.0546875 0.0140625
14 0.9171875 0.321875 0.0359375 0.0125
14 0.2984375 0.321875 0.075 0.0140625
14 0.421875 0.3203125 0.0734375 0.0125
14 0.5875 0.378125 0.6171875 0.0125
14 0.0546875 0.315625 0.05625 0.0125
14 0.065625 0.334375 0.0796875 0.0125
14 0.06875 0.353125 0.0828125 0.0109375
14 0.05625 0.384375 0.0578125 0.009375
14 0.0734375 0.409375 0.09375 0.009375
14 0.084375 0.428125 0.115625 0.0125
14 0.0625 0.446875 0.0703125 0.0140625
14 0.0390625 0.4640625 0.0234375 0.0109375
14 0.0765625 0.4828125 0.0984375 0.0140625
14 0.046875 0.5015625 0.040625 0.009375
14 0.05 0.5203125 0.046875 0.0125
14 0.05625 0.5546875 0.0609375 0.0140625
14 0.08125 0.575 0.1078125 0.0109375
14 0.0703125 0.6 0.0875 0.025
14 0.0625 0.6265625 0.0703125 0.0125
14 0.0734375 0.64375 0.09375 0.009375
14 0.078125 0.6625 0.1046875 0.0109375
14 0.0828125 0.6828125 0.1125 0.0125
14 0.0796875 0.715625 0.1046875 0.0125
14 0.0640625 0.7375 0.075 0.0109375
14 0.0859375 0.75625 0.11875 0.0109375
14 0.0609375 0.775 0.0671875 0.0109375
14 0.08125 0.809375 0.1109375 0.0140625
14 0.0609375 0.83125 0.0671875 0.0109375
14 0.05 0.8515625 0.046875 0.0109375
14 0.05 0.86875 0.0453125 0.009375
14 0.5859375 0.40625 0.4390625 0.0140625
14 0.5609375 0.4671875 0.6828125 0.0140625
14 0.5609375 0.4875 0.1328125 0.0109375
14 0.5625 0.5109375 0.24375 0.0140625
14 0.265625 0.5546875 0.1109375 0.0140625
14 0.66875 0.553125 0.121875 0.0125
14 0.478125 0.6203125 0.1796875 0.078125
14 0.3859375 0.7703125 0.35625 0.2046875
14 0.7015625 0.5890625 0.1875 0.015625
14 0.7375 0.66875 0.21875 0.1015625
14 0.2109375 0.1890625 0.0609375 0.0140625
14 0.2875 0.1890625 0.0609375 0.0109375
14 0.5984375 0.1453125 0.0921875 0.0140625
14 0.6953125 0.14375 0.0875 0.0109375
14 0.76875 0.1453125 0.04375 0.0140625
14 0.8609375 0.14375 0.121875 0.0109375
14 0.9578125 0.14375 0.053125 0.009375
14 0.5046875 0.1875 0.0359375 0.0109375
14 0.590625 0.1890625 0.10625 0.0125
14 0.7125 0.1890625 0.1109375 0.0125
14 0.8546875 0.1859375 0.1328125 0.0140625
14 0.7921875 0.7984375 0.33125 0.14375
5 0.0875 0.2078125 0.11875 0.1359375
5 0.2421875 0.321875 0.0296875 0.021875
5 0.365625 0.3203125 0.028125 0.025
5 0.4890625 0.321875 0.025 0.0234375
5 0.61875 0.321875 0.0234375 0.025
5 0.778125 0.321875 0.0265625 0.0234375
5 0.8796875 0.3203125 0.0296875 0.0203125
5 0.490625 0.346875 0.028125 0.025
5 0.590625 0.3453125 0.028125 0.0203125
5 0.9390625 0.4703125 0.0453125 0.04375
5 0.909375 0.6625 0.1125 0.084375
5 0.29375 0.621875 0.171875 0.084375
3 0.971875 0.184375 0.0125 0.0125
3 0.5421875 0.1421875 0.0125 0.0125
6 0.884375 0.1859375 0.2 0.025
16 0.5828125 0.1859375 0.8203125 0.0296875
9 0.7671875 0.1453125 0.4328125 0.0140625
11 0.5859375 0.325 0.7796875 0.203125
11 0.3890625 0.7078125 0.3828125 0.3296875
11 0.784375 0.7078125 0.3828125 0.3328125
3 0.61875 0.625 0.00625 0.00625
3 0.61875 0.690625 0.00625 0.0078125
3 0.61875 0.821875 0.0046875 0.00625