14 0.5 0.45625 0.1171875 0.025
14 0.5 0.5328125 0.50625 0.06875
14 0.5 0.6078125 0.0640625 0.0140625
14 0.5 0.65 0.1125 0.0109375
5 0.5 0.3734375 0.584375 0.115625
15 0.5 0.6078125 0.2734375 0.05
4 0.5 0.5015625 0.5859375 0.36875
5 0.1046875 0.1640625 0.1328125 0.025
14 0.5703125 0.1640625 0.0921875 0.0140625
14 0.6828125 0.1640625 0.05 0.0140625
14 0.7953125 0.1640625 0.0421875 0.0140625
14 0.909375 0.165625 0.053125 0.015625
14 0.5 0.3 0.3765625 0.03125
15 0.7953125 0.1640625 0.09375 0.0375
15 0.909375 0.1640625 0.1046875 0.0375
16 0.5 0.165625 0.996875 0.075
5 0.503125 0.721875 0.6609375 0.1796875