14 0.434375 0.1578125 0.06875 0.0125
14 0.3328125 0.1578125 0.0390625 0.0109375
14 0.24375 0.1578125 0.040625 0.0125
14 0.1390625 0.159375 0.046875 0.015625
14 0.35625 0.2359375 0.2140625 0.0171875
14 0.3125 0.4015625 0.296875 0.2640625
14 0.3640625 0.603125 0.125 0.015625
14 0.7625 0.7546875 0.1875 0.059375
14 0.8140625 0.8140625 0.0828125 0.0125
14 0.525 0.7546875 0.1625 0.0546875
14 0.565625 0.8125 0.0828125 0.0125
14 0.259375 0.7546875 0.19375 0.0546875
14 0.315625 0.8125 0.0828125 0.0125
15 0.3640625 0.6 0.2 0.05
10 0.4390625 0.6515625 0.05 0.0109375
3 0.215625 0.15625 0.009375 0.0078125
3 0.059375 0.1578125 0.025 0.025
5 0.75 0.40625 0.5 0.5609375
11 0.5 0.78125 0.996875 0.1859375
9 0.2921875 0.159375 0.353125 0.015625
11 0.25 0.40625 0.496875 0.5609375