14 0.7640625 0.853125 0.0546875 0.0109375
14 0.6421875 0.8515625 0.04375 0.015625
14 0.5203125 0.853125 0.0515625 0.0140625
14 0.390625 0.853125 0.0609375 0.0125
14 0.2609375 0.853125 0.0515625 0.0140625
14 0.1359375 0.853125 0.053125 0.0125
14 0.5 0.7015625 0.40625 0.071875
14 0.584375 0.5859375 0.2109375 0.015625
14 0.81875 0.4015625 0.0875 0.0109375
14 0.953125 0.365625 0.05 0.0109375
14 0.9578125 0.340625 0.0375 0.009375
14 0.96875 0.315625 0.01875 0.0109375
14 0.9546875 0.290625 0.05 0.009375
14 0.965625 0.265625 0.0265625 0.0109375
14 0.9359375 0.240625 0.0828125 0.0109375
14 0.959375 0.215625 0.0375 0.009375
14 0.953125 0.190625 0.0484375 0.0109375
14 0.9515625 0.165625 0.053125 0.0109375
14 0.9578125 0.140625 0.040625 0.0109375
14 0.765625 0.365625 0.0390625 0.0125
14 0.7109375 0.340625 0.1515625 0.0109375
14 0.7578125 0.3140625 0.0578125 0.0109375
14 0.76875 0.290625 0.0375 0.0109375
14 0.7296875 0.2640625 0.1140625 0.0109375
14 0.771875 0.240625 0.0296875 0.0109375
14 0.7515625 0.215625 0.06875 0.0125
14 0.753125 0.1890625 0.065625 0.0109375
14 0.753125 0.165625 0.0671875 0.0109375
14 0.571875 0.3640625 0.0453125 0.0125
14 0.578125 0.340625 0.034375 0.0109375
14 0.58125 0.315625 0.028125 0.0109375
14 0.5453125 0.290625 0.0984375 0.0125
14 0.56875 0.2640625 0.0546875 0.0125
14 0.553125 0.240625 0.084375 0.0109375
14 0.5765625 0.215625 0.0375 0.0109375
14 0.5640625 0.190625 0.0609375 0.0109375
14 0.8796875 0.4015625 0.009375 0.0171875
14 0.375 0.365625 0.0578125 0.0109375
14 0.35 0.3390625 0.1078125 0.0109375
14 0.3765625 0.3140625 0.0546875 0.0109375
14 0.371875 0.290625 0.0640625 0.0109375
14 0.365625 0.265625 0.0765625 0.0109375
14 0.3546875 0.240625 0.096875 0.0125
14 0.35625 0.215625 0.0953125 0.0109375
14 0.3453125 0.1890625 0.1171875 0.0125
14 0.3453125 0.1640625 0.115625 0.0125
14 0.1890625 0.3640625 0.046875 0.0125
14 0.190625 0.340625 0.040625 0.0125
14 0.1625 0.3140625 0.1015625 0.0125
14 0.1390625 0.2890625 0.146875 0.0125
14 0.1734375 0.2640625 0.078125 0.0109375
14 0.1828125 0.240625 0.0609375 0.0109375
14 0.1890625 0.2015625 0.0484375 0.009375
14 0.14375 0.16875 0.1375 0.0265625
14 0.159375 0.134375 0.1046875 0.0125
3 0.709375 0.5875 0.0171875 0.015625
3 0.0296875 0.853125 0.015625 0.015625
5 0.925 0.8546875 0.10625 0.021875
5 0.9359375 0.403125 0.0859375 0.01875
6 0.5 0.5875 0.4765625 0.053125
16 0.5 0.853125 0.996875 0.040625
11 0.5015625 0.2765625 0.9953125 0.3