14 0.946875 0.2015625 0.0265625 0.009375
14 0.0265625 0.203125 0.034375 0.009375
14 0.9125 0.66875 0.1546875 0.0203125
14 0.9703125 0.70625 0.0359375 0.0125
14 0.9703125 0.7328125 0.0171875 0.0140625
14 0.9703125 0.7578125 0.0359375 0.0125
14 0.9703125 0.784375 0.015625 0.0140625
14 0.9703125 0.809375 0.0359375 0.0125
14 0.9703125 0.8359375 0.015625 0.0109375
14 0.9703125 0.8609375 0.0359375 0.0125
14 0.9109375 0.703125 0.025 0.0125
14 0.7171875 0.728125 0.4125 0.0125
14 0.8890625 0.7546875 0.0703125 0.0125
14 0.640625 0.78125 0.565625 0.015625
14 0.8890625 0.80625 0.06875 0.0109375
14 0.7046875 0.8328125 0.4375 0.015625
14 0.8890625 0.8578125 0.0703125 0.0109375
5 0.915625 0.153125 0.146875 0.0453125
5 0.1015625 0.1421875 0.025 0.025
5 0.0625 0.1421875 0.025 0.025
5 0.021875 0.1421875 0.025 0.025
5 0.815625 0.665625 0.0171875 0.015625
5 0.503125 0.41875 0.978125 0.35
10 0.821875 0.6 0.315625 0.0203125
3 0.9765625 0.2015625 0.021875 0.0171875
3 0.059375 0.203125 0.01875 0.0171875