14 0.2359375 0.1453125 0.3328125 0.0125
3 0.4078125 0.1453125 0.0046875 0.0078125
15 0.0375 0.1453125 0.0359375 0.0171875
14 0.0375 0.1453125 0.0203125 0.00625
5 0.103125 0.209375 0.16875 0.0296875
14 0.5078125 0.2421875 0.6453125 0.0171875
3 0.175 0.2421875 0.009375 0.009375
3 0.9703125 0.2078125 0.021875 0.01875
14 0.2140625 0.475 0.3921875 0.11875
14 0.2515625 0.625 0.471875 0.128125
14 0.7875 0.3640625 0.2484375 0.03125
6 0.7875 0.4390625 0.3296875 0.046875
6 0.7875 0.5 0.328125 0.0421875
6 0.7875 0.5625 0.3296875 0.0453125
14 0.675 0.4375 0.06875 0.0125
14 0.6890625 0.5 0.0984375 0.0125
14 0.7078125 0.5640625 0.1359375 0.015625
15 0.7875 0.625 0.328125 0.0453125
14 0.7875 0.625 0.15625 0.015625
14 0.7875 0.6796875 0.10625 0.015625
1 0.7015625 0.7296875 0.15625 0.0453125
1 0.8734375 0.728125 0.15625 0.0453125
5 0.646875 0.728125 0.01875 0.015625
14 0.7 0.7296875 0.0546875 0.0171875
5 0.821875 0.7296875 0.01875 0.0171875
14 0.8734375 0.7265625 0.053125 0.0140625
1 0.915625 0.8296875 0.0828125 0.04375
14 0.915625 0.828125 0.0203125 0.009375
14 0.4375 0.8296875 0.7875 0.0375