16 0.5 0.84375 0.9984375 0.0578125
5 0.0453125 0.8375 0.0328125 0.0328125
14 0.1125 0.8390625 0.0546875 0.0109375
14 0.2078125 0.8375 0.078125 0.0140625
14 0.290625 0.8390625 0.028125 0.009375
14 0.34375 0.8390625 0.0234375 0.009375
14 0.415625 0.8375 0.0625 0.0125
3 0.45625 0.8375 0.00625 0.003125
12 0.421875 0.8375 0.075 0.0125
14 0.5125 0.8375 0.0640625 0.0125
3 0.553125 0.8390625 0.0078125 0.003125
12 0.51875 0.8375 0.075 0.0125
14 0.5984375 0.8375 0.0421875 0.0125
3 0.628125 0.8390625 0.0078125 0.003125
12 0.6046875 0.8375 0.0546875 0.0125
15 0.86875 0.8390625 0.0671875 0.03125
14 0.8671875 0.8375 0.0296875 0.0125
5 0.9484375 0.8390625 0.0203125 0.0203125
3 0.9671875 0.8390625 0.00625 0.003125
12 0.9546875 0.8390625 0.0328125 0.0203125
6 0.5 0.7609375 0.640625 0.04375
5 0.2609375 0.7734375 0.1046875 0.06875
14 0.4375 0.7625 0.184375 0.0140625
14 0.4984375 0.6765625 0.80625 0.0265625
14 0.5 0.609375 0.6671875 0.0578125
15 0.3578125 0.525 0.24375 0.0421875
14 0.359375 0.525 0.115625 0.0109375
15 0.6421875 0.5234375 0.2421875 0.0421875
14 0.6421875 0.521875 0.178125 0.0125
0 0.5 0.471875 0.9953125 0.6859375