16 0.5 0.1625 0.996875 0.0734375
3 0.0390625 0.1578125 0.0296875 0.0234375
14 0.1578125 0.159375 0.0953125 0.0203125
3 0.2265625 0.1578125 0.0140625 0.00625
12 0.171875 0.1625 0.1828125 0.071875
5 0.5 0.1546875 0.1453125 0.0296875
1 0.8625 0.1640625 0.215625 0.071875
5 0.7828125 0.159375 0.021875 0.0234375
14 0.8828125 0.159375 0.146875 0.015625
14 0.8390625 0.2375 0.0453125 0.0109375
3 0.875 0.2375 0.0140625 0.015625
13 0.9203125 0.2375 0.0578125 0.0296875
3 0.053125 0.234375 0.034375 0.034375
14 0.225 0.2390625 0.259375 0.028125
14 0.2546875 0.321875 0.4109375 0.0265625
14 0.50625 0.4125 0.0703125 0.0140625
3 0.4625 0.4109375 0.009375 0.0046875
12 0.5 0.4125 0.084375 0.0140625
14 0.4453125 0.4546875 0.1125 0.0140625
14 0.2953125 0.4546875 0.1203125 0.0125
14 0.1328125 0.4546875 0.1390625 0.0140625
15 0.1328125 0.453125 0.1703125 0.040625
15 0.10625 0.3765625 0.11875 0.0265625
14 0.109375 0.3765625 0.1 0.0125
15 0.2484375 0.3765625 0.1515625 0.0265625
14 0.25 0.3765625 0.13125 0.0125
15 0.375 0.3765625 0.0890625 0.0265625
14 0.3765625 0.3765625 0.06875 0.0125
15 0.478125 0.3765625 0.1046875 0.0265625
14 0.4796875 0.3765625 0.0859375 0.0125
15 0.5921875 0.3765625 0.1125 0.028125
14 0.59375 0.3765625 0.09375 0.0140625
15 0.7078125 0.3765625 0.10625 0.0265625
14 0.709375 0.3765625 0.084375 0.0109375
15 0.821875 0.3765625 0.109375 0.028125
14 0.821875 0.3765625 0.0875 0.0109375
14 0.7890625 0.4546875 0.00625 0.009375
15 0.8171875 0.4546875 0.0265625 0.025
14 0.8171875 0.4546875 0.009375 0.0140625
15 0.846875 0.4546875 0.028125 0.025
14 0.846875 0.4546875 0.009375 0.0140625
15 0.878125 0.4546875 0.0265625 0.025
14 0.878125 0.4546875 0.009375 0.0125
15 0.7625 0.4546875 0.0234375 0.025
14 0.7625 0.45625 0.00625 0.0078125
15 0.909375 0.4546875 0.0296875 0.025
14 0.909375 0.459375 0.0125 0.0015625
15 0.940625 0.4546875 0.0234375 0.025
14 0.9390625 0.45625 0.00625 0.00625
5 0.425 0.6015625 0.7578125 0.234375
4 0.890625 0.628125 0.125 0.2875
4 0.396875 0.7578125 0.703125 0.0296875
15 0.7703125 0.8484375 0.0578125 0.028125
14 0.7703125 0.85 0.0421875 0.0125
7 0.3859375 0.85 0.0921875 0.0125
14 0.5 0.8109375 0.8703125 0.0390625
14 0.4640625 0.8484375 0.525 0.0125