16 0.5 0.1625 0.9953125 0.0703125
5 0.0671875 0.159375 0.0859375 0.01875
14 0.15625 0.1625 0.059375 0.0109375
12 0.2453125 0.1609375 0.0828125 0.0140625
14 0.2375 0.1609375 0.065625 0.0140625
3 0.28125 0.1609375 0.0109375 0.00625
14 0.3328125 0.1625 0.0484375 0.0171875
14 0.4171875 0.1625 0.0859375 0.0171875
12 0.521875 0.1625 0.0890625 0.0125
14 0.5125 0.1625 0.0734375 0.0125
3 0.5609375 0.1609375 0.0109375 0.00625
12 0.6234375 0.1625 0.0703125 0.0125
14 0.6140625 0.1625 0.0546875 0.0125
3 0.653125 0.1609375 0.0109375 0.00625
15 0.7484375 0.1625 0.0734375 0.0328125
15 0.8859375 0.1625 0.165625 0.034375
14 0.7484375 0.1625 0.0421875 0.0171875
14 0.896875 0.1625 0.1125 0.0140625
3 0.828125 0.1625 0.0125 0.0125
5 0.196875 0.2359375 0.040625 0.040625
14 0.4046875 0.225 0.3265625 0.0171875
14 0.4390625 0.246875 0.39375 0.0171875
14 0.7453125 0.234375 0.1171875 0.0125
14 0.5015625 0.3484375 0.84375 0.0328125
14 0.5 0.4 0.6796875 0.0234375
15 0.5015625 0.4765625 0.2046875 0.040625
14 0.5015625 0.4765625 0.165625 0.0171875
5 0.5 0.709375 0.7359375 0.3296875