5 0.4953125 0.165625 0.1046875 0.0328125
14 0.5 0.2375 0.4453125 0.0390625
14 0.5 0.2859375 0.2875 0.01875
5 0.5015625 0.396875 0.09375 0.0953125
6 0.5 0.4796875 0.265625 0.0421875
14 0.428125 0.4796875 0.1046875 0.015625
15 0.5 0.525 0.265625 0.034375
14 0.5 0.5265625 0.0265625 0.009375
14 0.5890625 0.5609375 0.09375 0.0125
14 0.5 0.640625 0.0921875 0.0109375
14 0.5 0.6875 0.259375 0.0140625
5 0.3953125 0.7125 0.015625 0.015625
5 0.4265625 0.7109375 0.0171875 0.0125
5 0.45625 0.7109375 0.0125 0.0140625
5 0.484375 0.7109375 0.015625 0.0125
5 0.515625 0.7125 0.015625 0.0125
5 0.5453125 0.7109375 0.0125 0.0125
5 0.575 0.7109375 0.0140625 0.015625
5 0.6046875 0.7125 0.015625 0.015625
14 0.0765625 0.859375 0.0671875 0.0109375
14 0.146875 0.859375 0.0359375 0.009375
14 0.1984375 0.859375 0.028125 0.009375
14 0.2421875 0.859375 0.021875 0.0109375
3 0.778125 0.8578125 0.0171875 0.0171875
12 0.875 0.859375 0.1640625 0.021875
14 0.8609375 0.8609375 0.128125 0.0125
3 0.9484375 0.859375 0.0046875 0.00625