5 0.4984375 0.2921875 0.9453125 0.2421875
5 0.109375 0.496875 0.1546875 0.0765625
5 0.2171875 0.6953125 0.2171875 0.171875
4 0.5 0.828125 0.9953125 0.0921875
14 0.496875 0.1515625 0.0984375 0.0140625
14 0.6578125 0.496875 0.06875 0.01875
14 0.803125 0.496875 0.0515625 0.0203125
14 0.946875 0.496875 0.05 0.025
14 0.259375 0.496875 0.04375 0.01875
14 0.615625 0.659375 0.3703125 0.0828125
14 0.6453125 0.746875 0.4265625 0.0671875
16 0.5 0.509375 0.996875 0.146875
14 0.440625 0.825 0.8140625 0.0578125
14 0.921875 0.8109375 0.0421875 0.0203125
15 0.9234375 0.8140625 0.0828125 0.034375
15 0.659375 0.496875 0.1046875 0.0328125
3 0.903125 0.4953125 0.0265625 0.021875
3 0.75625 0.4984375 0.025 0.025
3 0.8453125 0.496875 0.015625 0.0109375
3 0.21875 0.496875 0.028125 0.01875
12 0.7984375 0.496875 0.115625 0.0328125