14 0.18125 0.4125 0.321875 0.1515625
14 0.05625 0.315625 0.1078125 0.01875
14 0.196875 0.315625 0.14375 0.0140625
14 0.3375 0.315625 0.109375 0.0171875
14 0.4375 0.3171875 0.053125 0.0125
14 0.5171875 0.315625 0.075 0.0171875
16 0.5 0.20625 0.9984375 0.1609375
14 0.6015625 0.3171875 0.065625 0.0140625
14 0.7078125 0.315625 0.1171875 0.01875
14 0.8875 0.315625 0.2140625 0.0171875
14 0.84375 0.178125 0.2203125 0.040625
14 0.8375 0.2140625 0.109375 0.0109375
14 0.79375 0.2671875 0.04375 0.0125
14 0.7234375 0.2671875 0.0578125 0.0171875
14 0.1 0.265625 0.040625 0.0140625
14 0.1625 0.2671875 0.06875 0.01875
14 0.2328125 0.2671875 0.059375 0.0140625
14 0.2875 0.2671875 0.0421875 0.0140625
14 0.359375 0.2671875 0.0921875 0.0125
14 0.4296875 0.2671875 0.0328125 0.0140625
14 0.4703125 0.2671875 0.040625 0.0125
14 0.51875 0.2671875 0.0453125 0.015625
14 0.56875 0.2671875 0.0453125 0.0140625
14 0.4984375 0.5421875 0.2546875 0.04375
14 0.5171875 0.5875 0.3078125 0.034375
14 0.51875 0.615625 0.30625 0.0171875
14 0.178125 0.734375 0.3421875 0.0734375
14 0.175 0.8078125 0.334375 0.0375
14 0.1765625 0.8453125 0.340625 0.0234375
14 0.8375 0.5484375 0.3015625 0.071875
14 0.8265625 0.60625 0.2734375 0.0203125
14 0.828125 0.6421875 0.275 0.021875
14 0.8390625 0.68125 0.3015625 0.0375
14 0.8296875 0.734375 0.28125 0.040625
14 0.828125 0.7859375 0.2796875 0.040625
14 0.81875 0.8390625 0.259375 0.0359375
14 0.5140625 0.84375 0.3 0.05
3 0.9078125 0.2140625 0.009375 0.0109375
3 0.865625 0.2671875 0.0234375 0.0203125
3 0.8265625 0.26875 0.0140625 0.0125
3 0.684375 0.2671875 0.0109375 0.0078125
3 0.9125 0.2671875 0.0265625 0.025
3 0.959375 0.265625 0.0234375 0.021875
3 0.375 0.578125 0.0078125 0.0125
3 0.375 0.6171875 0.009375 0.009375
3 0.05625 0.815625 0.0203125 0.0171875
3 0.8859375 0.7421875 0.021875 0.01875
5 0.36875 0.1953125 0.6875 0.0875
5 0.0484375 0.265625 0.0390625 0.034375
5 0.840625 0.4203125 0.2984375 0.16875
5 0.521875 0.4234375 0.29375 0.175
5 0.18125 0.5953125 0.3421875 0.1921875
5 0.521875 0.728125 0.2984375 0.1671875
12 0.8015625 0.2671875 0.0765625 0.028125
15 0.8453125 0.2140625 0.1421875 0.0171875