5 0.0640625 0.1546875 0.0765625 0.0328125
5 0.15625 0.153125 0.06875 0.0328125
14 0.5609375 0.1546875 0.390625 0.015625
14 0.8609375 0.153125 0.0453125 0.0109375
5 0.5 0.290625 0.996875 0.19375
3 0.05 0.415625 0.025 0.0265625
16 0.5 0.4171875 0.996875 0.0515625
5 0.1109375 0.4140625 0.075 0.0296875
14 0.8484375 0.415625 0.065625 0.0125
14 0.9328125 0.4140625 0.053125 0.0109375
14 0.5 0.8609375 0.4828125 0.01875
15 0.8609375 0.153125 0.165625 0.040625
4 0.5 0.5 0.709375 0.084375
5 0.5 0.728125 0.9953125 0.2921875
15 0.8484375 0.4140625 0.0921875 0.0296875