14 0.4671875 0.8328125 0.103125 0.0203125
14 0.559375 0.8375 0.040625 0.0234375
14 0.6328125 0.834375 0.065625 0.0203125
14 0.7265625 0.834375 0.0765625 0.0203125
14 0.8546875 0.8375 0.040625 0.015625
14 0.940625 0.8359375 0.059375 0.025
14 0.66875 0.603125 0.1828125 0.0359375
14 0.75625 0.53125 0.3703125 0.0859375
14 0.765625 0.4296875 0.0578125 0.0203125
14 0.83125 0.1484375 0.075 0.0203125
14 0.621875 0.1515625 0.2109375 0.0171875
14 0.040625 0.1515625 0.04375 0.01875
14 0.0953125 0.1515625 0.034375 0.0171875
14 0.1453125 0.1515625 0.040625 0.0203125
14 0.196875 0.153125 0.0375 0.0171875
14 0.253125 0.1515625 0.0421875 0.021875
14 0.3078125 0.15 0.0421875 0.01875
14 0.371875 0.1515625 0.053125 0.01875
15 0.765625 0.4328125 0.3765625 0.059375
15 0.9421875 0.8359375 0.078125 0.040625
15 0.83125 0.1515625 0.103125 0.0296875
3 0.9671875 0.1515625 0.01875 0.01875
3 0.921875 0.1515625 0.0265625 0.025
3 0.8 0.8375 0.0203125 0.0234375
5 0.0484375 0.8328125 0.0671875 0.0328125
5 0.33125 0.2671875 0.6203125 0.1765625
5 0.821875 0.265625 0.3203125 0.178125
5 0.5015625 0.5875 0.9625 0.4140625
4 0.765625 0.5 0.4671875 0.31875
16 0.496875 0.8359375 0.9921875 0.0734375
16 0.5 0.1515625 0.996875 0.046875
6 0.640625 0.1515625 0.265625 0.0265625