5 0.3359375 0.7078125 0.6265625 0.3296875
5 0.9484375 0.4671875 0.0546875 0.0546875
5 0.75 0.4671875 0.0546875 0.0546875
5 0.565625 0.4671875 0.053125 0.053125
5 0.38125 0.4671875 0.053125 0.053125
5 0.196875 0.465625 0.053125 0.053125
5 0.546875 0.2296875 0.2953125 0.115625
3 0.7640625 0.3640625 0.0125 0.0140625
3 0.584375 0.3640625 0.0078125 0.009375
3 0.4390625 0.3640625 0.009375 0.0078125
3 0.3265625 0.3640625 0.009375 0.009375
3 0.153125 0.1515625 0.0265625 0.0265625
3 0.9484375 0.228125 0.0328125 0.025
3 0.96875 0.1484375 0.0203125 0.01875
9 0.5 0.146875 0.996875 0.040625
14 0.5640625 0.1484375 0.0234375 0.0171875
14 0.5328125 0.1484375 0.025 0.0140625
14 0.5 0.15 0.025 0.0140625
14 0.465625 0.15 0.0234375 0.015625
14 0.434375 0.1484375 0.025 0.0125
14 0.0875 0.1515625 0.090625 0.015625
14 0.925 0.15 0.0609375 0.0171875
14 0.8234375 0.15 0.1203125 0.015625
14 0.7953125 0.309375 0.1015625 0.0171875
14 0.703125 0.309375 0.0578125 0.01875
14 0.6328125 0.3109375 0.065625 0.0203125
14 0.5546875 0.309375 0.06875 0.01875
14 0.48125 0.3109375 0.053125 0.01875
14 0.403125 0.309375 0.08125 0.0203125
14 0.3203125 0.3109375 0.0625 0.01875
14 0.2453125 0.309375 0.065625 0.0203125
14 0.178125 0.3109375 0.046875 0.0203125
14 0.7125 0.3625 0.0859375 0.015625
14 0.628125 0.3640625 0.071875 0.015625
14 0.5109375 0.3640625 0.1328125 0.0125
14 0.38125 0.3640625 0.09375 0.0140625
14 0.2734375 0.365625 0.090625 0.0171875
14 0.8265625 0.6515625 0.303125 0.2171875
14 0.8296875 0.8171875 0.296875 0.05625
14 0.903125 0.771875 0.146875 0.0140625
3 0.81875 0.7703125 0.0140625 0.0171875
14 0.8703125 0.4171875 0.2140625 0.01875
14 0.8546875 0.446875 0.1203125 0.0171875
14 0.678125 0.4546875 0.071875 0.0296875
14 0.49375 0.446875 0.06875 0.0171875
14 0.3234375 0.446875 0.0421875 0.0125
14 0.1234375 0.446875 0.0703125 0.0171875
14 0.859375 0.4796875 0.10625 0.0390625
14 0.66875 0.4875 0.090625 0.025
14 0.478125 0.471875 0.103125 0.028125
14 0.2984375 0.4734375 0.0953125 0.0265625
14 0.096875 0.4671875 0.1265625 0.0125
16 0.5 0.253125 0.9984375 0.16875