14 0.35625 0.15 0.125 0.01875
14 0.159375 0.240625 0.225 0.0265625
14 0.5859375 0.3359375 0.715625 0.121875
14 0.4984375 0.465625 0.8890625 0.121875
14 0.8765625 0.5546875 0.1375 0.0234375
14 0.7234375 0.5796875 0.4453125 0.0203125
14 0.784375 0.615625 0.325 0.021875
14 0.103125 0.6671875 0.1109375 0.0265625
14 0.5 0.715625 0.153125 0.01875
14 0.2859375 0.7390625 0.053125 0.015625
14 0.3359375 0.740625 0.03125 0.0125
14 0.3875 0.740625 0.0453125 0.0171875
14 0.4421875 0.740625 0.0515625 0.0171875
14 0.5125 0.740625 0.0703125 0.01875
14 0.5765625 0.740625 0.04375 0.0171875
14 0.6515625 0.7421875 0.09375 0.0171875
14 0.725 0.740625 0.040625 0.0140625
14 0.4171875 0.7953125 0.6859375 0.0421875
14 0.396875 0.8421875 0.65 0.01875
3 0.0609375 0.7828125 0.015625 0.0140625
3 0.0609375 0.84375 0.0078125 0.0140625
5 0.8640625 0.8234375 0.1546875 0.0984375
5 0.1375 0.325 0.1578125 0.10625
16 0.5 0.15 0.996875 0.05
3 0.0734375 0.1515625 0.028125 0.021875
3 0.28125 0.1515625 0.015625 0.0171875
5 0.1671875 0.153125 0.1109375 0.0265625
6 0.45 0.153125 0.3671875 0.034375