14 0.9484375 0.2421875 0.065625 0.015625
14 0.871875 0.2421875 0.0390625 0.0203125
14 0.8015625 0.24375 0.0578125 0.0203125
14 0.69375 0.2421875 0.1078125 0.0171875
14 0.5765625 0.2421875 0.0765625 0.0234375
14 0.490625 0.2421875 0.0453125 0.01875
14 0.4203125 0.24375 0.0453125 0.021875
14 0.3515625 0.2421875 0.0421875 0.01875
14 0.2546875 0.2421875 0.1 0.01875
14 0.0390625 0.1671875 0.04375 0.021875
14 0.703125 0.8578125 0.49375 0.0296875
3 0.03125 0.24375 0.025 0.0296875
3 0.1859375 0.24375 0.0171875 0.0171875
5 0.903125 0.165625 0.1515625 0.0390625
16 0.5 0.203125 0.996875 0.153125
5 0.665625 0.6328125 0.621875 0.3484375
5 0.16875 0.8203125 0.2953125 0.1046875
14 0.0671875 0.7125 0.0546875 0.0140625
14 0.190625 0.3984375 0.053125 0.015625
3 0.153125 0.3984375 0.0140625 0.0140625
3 0.03125 0.7140625 0.0109375 0.0140625
12 0.2390625 0.2453125 0.14375 0.0375