5 0.9484375 0.2171875 0.028125 0.075
9 0.5 0.246875 0.996875 0.0359375
16 0.5 0.2 0.996875 0.059375
14 0.58125 0.2 0.05 0.015625
14 0.50625 0.1984375 0.059375 0.015625
14 0.425 0.1984375 0.0609375 0.0171875
14 0.665625 0.1484375 0.078125 0.015625
14 0.45 0.1484375 0.30625 0.015625
14 0.840625 0.24375 0.040625 0.0203125
14 0.771875 0.2453125 0.040625 0.0109375
14 0.696875 0.24375 0.0671875 0.0109375
14 0.5734375 0.2453125 0.140625 0.0109375
14 0.4265625 0.246875 0.115625 0.0140625
14 0.2921875 0.24375 0.115625 0.0109375
14 0.1671875 0.2453125 0.09375 0.009375
3 0.8734375 0.24375 0.015625 0.0203125
3 0.11875 0.2 0.0203125 0.01875
3 0.0703125 0.1984375 0.01875 0.0171875
14 0.4203125 0.43125 0.140625 0.0265625
14 0.1640625 0.43125 0.1921875 0.028125
14 0.1078125 0.5171875 0.1109375 0.115625
14 0.1140625 0.7171875 0.1046875 0.1765625
14 0.3984375 0.771875 0.1859375 0.0625
14 0.446875 0.7125 0.0875 0.0125
14 0.446875 0.8203125 0.0890625 0.015625
14 0.128125 0.853125 0.078125 0.040625
14 0.4171875 0.859375 0.146875 0.0125
5 0.3859375 0.575 0.209375 0.2265625
5 0.221875 0.5015625 0.0765625 0.0765625
5 0.2234375 0.6359375 0.075 0.075
5 0.2234375 0.853125 0.075 0.0390625
5 0.7296875 0.675 0.340625 0.396875
3 0.54375 0.753125 0.01875 0.040625
3 0.915625 0.75625 0.021875 0.040625
14 0.8015625 0.4296875 0.253125 0.0234375