9 0.5265625 0.8125 0.6015625 0.0296875
14 0.796875 0.8109375 0.04375 0.0109375
14 0.73125 0.8109375 0.0546875 0.0109375
14 0.4015625 0.8109375 0.0265625 0.0125
14 0.34375 0.8109375 0.0609375 0.0140625
14 0.2640625 0.8125 0.0671875 0.0109375
3 0.409375 0.8578125 0.0125 0.0140625
14 0.35625 0.85625 0.0859375 0.0109375
14 0.278125 0.85625 0.0515625 0.009375
14 0.2046875 0.85625 0.0796875 0.0109375
14 0.1125 0.85625 0.090625 0.0109375
14 0.0359375 0.85625 0.04375 0.0109375
6 0.115625 0.8140625 0.1984375 0.0234375
14 0.1515625 0.8140625 0.115625 0.0140625
3 0.028125 0.815625 0.0125 0.0140625
5 0.9140625 0.7921875 0.1171875 0.13125
14 0.634375 0.7078125 0.2890625 0.0265625
14 0.678125 0.6703125 0.203125 0.0375
14 0.4390625 0.671875 0.059375 0.0125
14 0.375 0.6703125 0.040625 0.0140625
14 0.290625 0.6703125 0.1046875 0.0140625
14 0.1640625 0.671875 0.1203125 0.0140625
14 0.06875 0.671875 0.03125 0.0140625
14 0.14375 0.70625 0.190625 0.0125
0 0.4140625 0.690625 0.7765625 0.140625
14 0.7296875 0.5796875 0.1140625 0.0140625
14 0.7125 0.5546875 0.1453125 0.0203125
14 0.68125 0.4375 0.2140625 0.1875
14 0.59375 0.2328125 0.3859375 0.2109375
14 0.503125 0.3953125 0.090625 0.03125
3 0.4125 0.40625 0.0125 0.009375
5 0.4765625 0.4703125 0.1453125 0.109375
14 0.30625 0.575 0.0890625 0.015625
14 0.3234375 0.5453125 0.053125 0.0140625
14 0.2015625 0.515625 0.25625 0.0140625
14 0.265625 0.4921875 0.125 0.015625
14 0.303125 0.459375 0.0953125 0.0140625
14 0.2140625 0.4203125 0.2296875 0.0359375
14 0.190625 0.3765625 0.278125 0.040625
14 0.196875 0.33125 0.2625 0.0359375
14 0.1890625 0.2875 0.28125 0.0359375
14 0.2484375 0.228125 0.1625 0.059375
14 0.25625 0.175 0.1484375 0.0359375
14 0.2546875 0.140625 0.153125 0.0171875
5 0.0984375 0.1953125 0.115625 0.1375
11 0.9140625 0.4140625 0.171875 0.575
14 0.953125 0.6859375 0.0421875 0.0125
14 0.9125 0.6671875 0.1203125 0.0125
14 0.9453125 0.6484375 0.05625 0.0109375
14 0.925 0.6296875 0.096875 0.0109375
14 0.93125 0.6109375 0.084375 0.0125
14 0.9296875 0.5921875 0.0859375 0.0140625
14 0.95625 0.5734375 0.0328125 0.0125
14 0.9421875 0.55625 0.0625 0.0125
14 0.9234375 0.5203125 0.0984375 0.0140625
14 0.9171875 0.5 0.1109375 0.0125
14 0.9453125 0.48125 0.0546875 0.0109375
14 0.946875 0.4625 0.053125 0.0125
14 0.9390625 0.4421875 0.06875 0.0125
14 0.9484375 0.425 0.0515625 0.0109375
14 0.95 0.40625 0.0453125 0.0109375
14 0.9453125 0.3875 0.05625 0.0125
14 0.9421875 0.36875 0.0640625 0.0109375
14 0.9484375 0.35 0.053125 0.0140625
14 0.9453125 0.3328125 0.0578125 0.0109375
14 0.9390625 0.3140625 0.0671875 0.0109375
14 0.946875 0.29375 0.053125 0.0140625
14 0.94375 0.2765625 0.0609375 0.0109375
14 0.928125 0.2421875 0.090625 0.0140625
14 0.9375 0.2203125 0.071875 0.0109375
14 0.9171875 0.2015625 0.1140625 0.0140625
14 0.9171875 0.1828125 0.1125 0.0140625
14 0.9375 0.15 0.0703125 0.0125