0 0.5 0.3671875 0.9984375 0.484375
5 0.075 0.175 0.1046875 0.021875
14 0.3734375 0.38125 0.703125 0.1765625
9 0.715625 0.171875 0.503125 0.0578125
14 0.5125 0.1734375 0.05 0.015625
14 0.646875 0.175 0.159375 0.015625
14 0.7921875 0.175 0.075 0.0171875
14 0.903125 0.1734375 0.0828125 0.015625
14 0.075 0.559375 0.103125 0.015625
14 0.2515625 0.609375 0.434375 0.01875
14 0.609375 0.5609375 0.0328125 0.0140625
14 0.7046875 0.6078125 0.1984375 0.0203125
15 0.93125 0.60625 0.090625 0.05
14 0.93125 0.6078125 0.0453125 0.0171875
6 0.734375 0.6046875 0.278125 0.0578125
6 0.303125 0.6046875 0.559375 0.05625
3 0.028125 0.6828125 0.0109375 0.015625
14 0.1375 0.684375 0.1609375 0.015625
14 0.3765625 0.684375 0.2703125 0.0171875
14 0.58125 0.684375 0.0921875 0.015625
14 0.709375 0.684375 0.1171875 0.0140625
14 0.825 0.684375 0.065625 0.015625
14 0.9171875 0.684375 0.075 0.015625
3 0.9734375 0.6828125 0.009375 0.0140625
14 0.259375 0.7625 0.4703125 0.0375
14 0.571875 0.765625 0.1234375 0.0171875
5 0.1734375 0.85 0.3015625 0.0484375
5 0.5 0.85 0.3046875 0.0484375
5 0.825 0.85 0.2921875 0.0484375
1 0.9296875 0.840625 0.103125 0.0484375
14 0.9421875 0.8421875 0.0328125 0.0171875
3 0.9078125 0.8421875 0.021875 0.021875