14 0.090625 0.74375 0.0765625 0.0125
14 0.1796875 0.74375 0.046875 0.0140625
14 0.259375 0.74375 0.0546875 0.015625
14 0.365625 0.74375 0.0984375 0.015625
14 0.4640625 0.74375 0.04375 0.0125
14 0.5640625 0.7421875 0.0984375 0.0140625
14 0.6828125 0.7421875 0.0875 0.0140625
14 0.8828125 0.74375 0.1203125 0.01875
15 0.8828125 0.7453125 0.15625 0.0359375
9 0.3890625 0.74375 0.684375 0.021875
5 0.0796875 0.825 0.08125 0.0796875
5 0.8921875 0.8578125 0.0109375 0.0171875
5 0.9140625 0.85625 0.0171875 0.0140625
3 0.9234375 0.8265625 0.0171875 0.015625
1 0.9234375 0.8265625 0.06875 0.0296875
14 0.34375 0.321875 0.609375 0.05625
14 0.1078125 0.36875 0.1359375 0.01875
14 0.1828125 0.825 0.1140625 0.0734375
14 0.940625 0.8546875 0.015625 0.015625
6 0.8078125 0.8265625 0.1625 0.0234375
14 0.7890625 0.8265625 0.121875 0.015625
10 0.3421875 0.278125 0.04375 0.0125
5 0.340625 0.5296875 0.6015625 0.275
11 0.815625 0.39375 0.3140625 0.5359375
5 0.815625 0.5953125 0.2875 0.071875
14 0.796875 0.1640625 0.253125 0.0734375
1 0.946875 0.178125 0.059375 0.059375
3 0.946875 0.178125 0.0265625 0.040625
14 0.878125 0.240625 0.175 0.03125
5 0.815625 0.371875 0.2859375 0.309375