14 0.79375 0.3578125 0.2828125 0.1640625
14 0.765625 0.49375 0.3453125 0.05
14 0.3484375 0.1984375 0.06875 0.01875
14 0.26875 0.2 0.034375 0.021875
14 0.1984375 0.2 0.0515625 0.0203125
14 0.10625 0.1984375 0.040625 0.0125
14 0.5 0.8453125 0.6203125 0.034375
14 0.6421875 0.571875 0.1328125 0.009375
14 0.8421875 0.571875 0.146875 0.0140625
15 0.84375 0.5703125 0.184375 0.0421875
5 0.30625 0.48125 0.4671875 0.4140625
15 0.10625 0.1984375 0.078125 0.046875
5 0.875 0.1984375 0.1109375 0.0359375
3 0.4 0.2 0.0234375 0.0140625
9 0.2921875 0.2 0.24375 0.0234375
15 0.6515625 0.5703125 0.1890625 0.040625
3 0.725 0.5703125 0.0171875 0.0171875