3 0.0265625 0.8421875 0.025 0.0265625
14 0.071875 0.8421875 0.05625 0.021875
14 0.1859375 0.84375 0.0859375 0.0171875
14 0.2890625 0.84375 0.0625 0.015625
14 0.3828125 0.84375 0.06875 0.0203125
14 0.94375 0.84375 0.0484375 0.0203125
14 0.4984375 0.7203125 0.58125 0.065625
14 0.5 0.775 0.4625 0.0203125
14 0.4875 0.65 0.0796875 0.01875
14 0.196875 0.4328125 0.3359375 0.1359375
14 0.221875 0.321875 0.3859375 0.0453125
14 0.109375 0.2546875 0.1171875 0.0203125
14 0.3625 0.1546875 0.6640625 0.01875
14 0.9125 0.1578125 0.0484375 0.015625
3 0.54375 0.65 0.015625 0.015625
3 0.903125 0.8421875 0.0125 0.0125
5 0.70625 0.38125 0.5234375 0.3875
3 0.1828125 0.2578125 0.0140625 0.015625
15 0.1171875 0.259375 0.171875 0.0390625
15 0.9109375 0.1578125 0.1125 0.03125
15 0.93125 0.84375 0.1078125 0.034375
16 0.5 0.8421875 0.996875 0.0609375
15 0.5 0.65 0.13125 0.0359375