5 0.071875 0.84375 0.0703125 0.025
3 0.2484375 0.840625 0.0234375 0.01875
1 0.25 0.8421875 0.040625 0.0296875
14 0.3578125 0.8421875 0.1625 0.015625
6 0.478125 0.8421875 0.41875 0.0328125
14 0.828125 0.8421875 0.0453125 0.0171875
14 0.9171875 0.84375 0.0578125 0.015625
14 0.45625 0.7765625 0.7140625 0.0421875
0 0.5 0.5546875 0.996875 0.640625
14 0.5 0.6359375 0.5109375 0.046875
14 0.503125 0.5484375 0.6125 0.05625
14 0.5 0.440625 0.140625 0.015625
15 0.4984375 0.440625 0.19375 0.0625
15 0.91875 0.84375 0.0953125 0.0328125
14 0.0453125 0.209375 0.040625 0.0140625
14 0.1578125 0.209375 0.0296875 0.0109375
14 0.265625 0.2078125 0.028125 0.015625
14 0.3984375 0.2078125 0.078125 0.015625
14 0.5484375 0.209375 0.065625 0.015625
14 0.671875 0.209375 0.034375 0.0140625
14 0.8015625 0.2078125 0.0734375 0.0125
14 0.9359375 0.209375 0.046875 0.0109375
3 0.9703125 0.2078125 0.0125 0.0109375
3 0.86875 0.1546875 0.021875 0.021875
3 0.9140625 0.1546875 0.0234375 0.0171875
3 0.959375 0.153125 0.0203125 0.01875
12 0.9453125 0.2078125 0.065625 0.0203125
14 0.046875 0.1546875 0.046875 0.0109375
14 0.115625 0.1546875 0.0359375 0.0140625
14 0.4921875 0.1515625 0.3640625 0.01875
9 0.5 0.209375 0.996875 0.0484375
16 0.5 0.84375 0.996875 0.0609375
3 0.890625 0.7765625 0.0203125 0.01875