5 0.0265625 0.8453125 0.028125 0.0296875
14 0.103125 0.8453125 0.109375 0.0234375
14 0.1640625 0.7765625 0.29375 0.0234375
14 0.2265625 0.7421875 0.4203125 0.0125
14 0.0609375 0.696875 0.0640625 0.015625
14 0.5 0.5125 0.371875 0.103125
14 0.5 0.4109375 0.2546875 0.0234375
14 0.5015625 0.33125 0.0609375 0.021875
14 0.096875 0.18125 0.0703125 0.0171875
14 0.259375 0.1828125 0.0890625 0.0171875
14 0.41875 0.184375 0.040625 0.0140625
14 0.5828125 0.1828125 0.11875 0.0125
14 0.74375 0.18125 0.0484375 0.0109375
14 0.9046875 0.1828125 0.0578125 0.0109375
14 0.7421875 0.8453125 0.0484375 0.015625
14 0.54375 0.84375 0.125 0.015625
14 0.85 0.8453125 0.078125 0.015625
14 0.9546875 0.8453125 0.0390625 0.015625
3 0.4578125 0.8453125 0.0203125 0.015625
6 0.559375 0.8453125 0.240625 0.040625
15 0.740625 0.8453125 0.071875 0.034375
15 0.85 0.846875 0.096875 0.0328125
5 0.878125 0.7375 0.240625 0.1578125
15 0.0609375 0.7 0.090625 0.0359375
15 0.5 0.334375 0.121875 0.0546875
16 0.5 0.8453125 0.996875 0.0578125
3 0.9734375 0.790625 0.015625 0.015625