3 0.0296875 0.15625 0.01875 0.015625
1 0.0296875 0.15625 0.021875 0.01875
14 0.121875 0.1578125 0.125 0.025
14 0.1203125 0.23125 0.046875 0.0140625
3 0.0828125 0.23125 0.0171875 0.0171875
6 0.1828125 0.23125 0.2484375 0.0453125
14 0.3484375 0.23125 0.0578125 0.0125
14 0.475 0.23125 0.1046875 0.015625
14 0.6796875 0.23125 0.028125 0.0140625
3 0.3921875 0.23125 0.009375 0.00625
3 0.7078125 0.23125 0.00625 0.00625
3 0.91875 0.23125 0.01875 0.0203125
12 0.359375 0.23125 0.103125 0.046875
6 0.5296875 0.2328125 0.234375 0.046875
12 0.6890625 0.23125 0.05 0.015625
1 0.91875 0.2328125 0.046875 0.0453125
5 0.9203125 0.1546875 0.0203125 0.0203125
12 0.11875 0.290625 0.11875 0.03125
12 0.246875 0.290625 0.1171875 0.0328125
12 0.3890625 0.290625 0.15 0.0328125
14 0.3796875 0.2921875 0.0984375 0.0140625
14 0.2359375 0.2921875 0.0640625 0.015625
14 0.1109375 0.290625 0.0703125 0.0125
3 0.1578125 0.290625 0.009375 0.0046875
3 0.2828125 0.290625 0.0078125 0.0046875
3 0.440625 0.290625 0.009375 0.00625
3 0.6921875 0.290625 0.01875 0.0171875
14 0.5921875 0.290625 0.153125 0.0109375
2 0.496875 0.290625 0.021875 0.0203125
14 0.5640625 0.3609375 0.171875 0.0359375
14 0.64375 0.403125 0.0203125 0.0125
15 0.6453125 0.403125 0.0234375 0.015625
11 0.5671875 0.3734375 0.20625 0.0984375
3 0.6859375 0.365625 0.0171875 0.0125
3 0.7421875 0.3671875 0.0171875 0.0140625
14 0.7109375 0.3671875 0.025 0.0109375
14 0.765625 0.3671875 0.021875 0.0109375
14 0.8296875 0.3671875 0.0453125 0.0140625
14 0.884375 0.3671875 0.0578125 0.0125
3 0.928125 0.3671875 0.0078125 0.0046875
12 0.8953125 0.36875 0.078125 0.0140625
14 0.9046875 0.415625 0.0390625 0.0125
14 0.5796875 0.440625 0.103125 0.015625
14 0.4453125 0.4171875 0.0390625 0.0109375
14 0.109375 0.365625 0.103125 0.0109375
14 0.096875 0.415625 0.04375 0.0125
14 0.1375 0.440625 0.1234375 0.0125
14 0.2765625 0.5421875 0.396875 0.1296875
14 0.696875 0.54375 0.340625 0.125
14 0.9015625 0.7203125 0.046875 0.0125
14 0.5625 0.7203125 0.06875 0.0140625
14 0.578125 0.7421875 0.1 0.009375
14 0.70625 0.8296875 0.3546875 0.0890625
14 0.2640625 0.828125 0.371875 0.090625
14 0.453125 0.7203125 0.04375 0.0140625
14 0.1046875 0.71875 0.0625 0.0125
14 0.1328125 0.74375 0.1140625 0.0171875
3 0.025 0.8515625 0.0203125 0.0203125
9 0.5 0.23125 0.8875 0.0484375
11 0.275 0.5328125 0.4375 0.2859375
11 0.728125 0.5328125 0.434375 0.2828125
11 0.725 0.784375 0.428125 0.1796875
11 0.275 0.7828125 0.428125 0.1828125