14 0.2546875 0.146875 0.421875 0.0171875
3 0.0265625 0.1453125 0.015625 0.0109375
3 0.96875 0.146875 0.0140625 0.0140625
3 0.984375 0.19375 0.0109375 0.0125
3 0.9671875 0.2484375 0.01875 0.0171875
3 0.0203125 0.1921875 0.01875 0.0171875
3 0.278125 0.4265625 0.009375 0.0109375
3 0.8484375 0.4265625 0.0234375 0.0265625
3 0.0328125 0.8046875 0.015625 0.0125
3 0.559375 0.74375 0.009375 0.00625
14 0.9328125 0.19375 0.078125 0.015625
16 0.5 0.190625 0.996875 0.0484375
14 0.184375 0.4265625 0.0828125 0.0140625
14 0.3890625 0.4265625 0.1578125 0.015625
14 0.428125 0.4734375 0.0578125 0.015625
14 0.534375 0.4734375 0.1296875 0.0109375
14 0.5 0.309375 0.4875 0.0328125
14 0.5015625 0.3546875 0.4546875 0.0203125
14 0.4421875 0.540625 0.0578125 0.0109375
14 0.5625 0.540625 0.05625 0.01875
14 0.1328125 0.6140625 0.2484375 0.015625
14 0.490625 0.7453125 0.115625 0.01875
4 0.5 0.671875 0.996875 0.0765625
5 0.028125 0.2453125 0.0421875 0.0375
0 0.5 0.425 0.996875 0.415625
5 0.8515625 0.828125 0.26875 0.0921875
5 0.125 0.8296875 0.228125 0.0890625
12 0.5 0.7390625 0.996875 0.0515625
12 0.2125 0.4265625 0.175 0.0484375
6 0.5609375 0.425 0.5234375 0.0484375
1 0.8484375 0.4265625 0.0515625 0.05
15 0.5625 0.5390625 0.10625 0.0390625
15 0.4421875 0.540625 0.1125 0.0421875
1 0.96875 0.2484375 0.0375 0.04375
1 0.4796875 0.8296875 0.45 0.0890625