3 0.978125 0.796875 0.025 0.0234375
5 0.4984375 0.796875 0.065625 0.040625
3 0.0234375 0.7953125 0.0265625 0.021875
16 0.5 0.7953125 0.996875 0.0703125
16 0.5 0.853125 0.996875 0.040625
14 0.9515625 0.8546875 0.0765625 0.0203125
14 0.8921875 0.853125 0.01875 0.01875
14 0.821875 0.8546875 0.0953125 0.0171875
14 0.7328125 0.853125 0.05 0.0125
14 0.6703125 0.8546875 0.05 0.0125
14 0.278125 0.8515625 0.0640625 0.0171875
14 0.1921875 0.853125 0.084375 0.0140625
14 0.11875 0.853125 0.0359375 0.0125
15 0.040625 0.853125 0.0625 0.0234375
14 0.0453125 0.853125 0.0484375 0.0171875
3 0.015625 0.8515625 0.00625 0.0125
3 0.090625 0.8515625 0.0125 0.009375
12 0.1109375 0.853125 0.0640625 0.025
5 0.91875 0.6 0.0765625 0.24375
15 0.4984375 0.4125 0.8921875 0.053125
14 0.7671875 0.409375 0.3125 0.021875
7 0.1578125 0.4125 0.128125 0.01875
3 0.0828125 0.409375 0.0109375 0.0109375
14 0.8546875 0.3125 0.134375 0.025
14 0.75625 0.234375 0.33125 0.04375
14 0.56875 0.1734375 0.803125 0.0359375
7 0.2578125 0.1671875 0.15625 0.0125
15 0.0890625 0.175 0.115625 0.028125
14 0.090625 0.178125 0.0875 0.0140625
0 0.2734375 0.2390625 0.4390625 0.2125
14 0.3953125 0.3140625 0.1515625 0.0171875
14 0.303125 0.228125 0.3359375 0.03125