14 0.6671875 0.478125 0.5140625 0.2015625
7 0.8125 0.5640625 0.034375 0.01875
14 0.6703125 0.6453125 0.30625 0.0625
14 0.4953125 0.3015625 0.1609375 0.0328125
7 0.453125 0.2453125 0.0703125 0.0171875
7 0.5265625 0.2453125 0.0109375 0.0171875
7 0.5453125 0.2453125 0.009375 0.015625
7 0.5625 0.24375 0.009375 0.0171875
7 0.578125 0.2453125 0.0109375 0.0140625
7 0.453125 0.215625 0.0703125 0.0171875
7 0.4515625 0.1875 0.071875 0.01875
7 0.4515625 0.1578125 0.0734375 0.0140625
7 0.5265625 0.21875 0.0109375 0.01875
7 0.54375 0.2171875 0.009375 0.0125
7 0.5609375 0.215625 0.0109375 0.01875
7 0.578125 0.215625 0.0125 0.0171875
7 0.5953125 0.215625 0.009375 0.015625
7 0.615625 0.2171875 0.0171875 0.01875
7 0.6421875 0.215625 0.01875 0.0171875
7 0.53125 0.1875 0.01875 0.0171875
7 0.5578125 0.1859375 0.015625 0.01875
7 0.5828125 0.1859375 0.015625 0.0203125
7 0.6078125 0.1859375 0.0140625 0.01875
7 0.634375 0.1859375 0.01875 0.0171875
7 0.6609375 0.1875 0.0171875 0.015625
7 0.6859375 0.1875 0.0171875 0.0140625
7 0.7140625 0.1859375 0.0203125 0.0203125
7 0.7375 0.184375 0.0171875 0.0203125
7 0.7640625 0.1875 0.0171875 0.0140625
7 0.790625 0.1875 0.0171875 0.015625
7 0.8171875 0.1875 0.01875 0.0125
7 0.5296875 0.159375 0.015625 0.0171875
7 0.55625 0.1578125 0.01875 0.01875
7 0.5828125 0.1578125 0.01875 0.0140625
7 0.6078125 0.1578125 0.0203125 0.0140625
7 0.634375 0.15625 0.01875 0.0203125
7 0.6609375 0.159375 0.0171875 0.0171875
7 0.6859375 0.15625 0.0203125 0.01875
7 0.7140625 0.159375 0.0203125 0.0203125
7 0.740625 0.1578125 0.0203125 0.015625
7 0.765625 0.159375 0.0171875 0.015625
7 0.790625 0.1578125 0.021875 0.0171875
7 0.8171875 0.1578125 0.01875 0.0171875
7 0.84375 0.15625 0.021875 0.0140625
7 0.86875 0.15625 0.01875 0.0171875
7 0.896875 0.1578125 0.0234375 0.0140625
7 0.53125 0.134375 0.0234375 0.015625
7 0.55625 0.1359375 0.01875 0.0171875
7 0.5828125 0.134375 0.01875 0.0140625
7 0.6078125 0.1359375 0.0171875 0.0171875
7 0.6359375 0.1328125 0.01875 0.0125
9 0.5 0.796875 0.996875 0.0421875
3 0.9203125 0.8 0.0234375 0.0203125
14 0.9640625 0.8 0.046875 0.0171875
14 0.53125 0.7953125 0.075 0.01875
14 0.415625 0.796875 0.06875 0.0171875
14 0.1765625 0.79375 0.328125 0.0265625
14 0.4625 0.8453125 0.2 0.0203125
3 0.965625 0.846875 0.0265625 0.025
5 0.090625 0.8484375 0.165625 0.0453125
6 0.66875 0.8484375 0.6421875 0.0390625
16 0.5015625 0.846875 0.9953125 0.05
14 0.053125 0.725 0.05 0.0140625
14 0.0875 0.6859375 0.121875 0.0125
14 0.0890625 0.6609375 0.125 0.0140625
14 0.090625 0.628125 0.13125 0.0125
14 0.0578125 0.6015625 0.0671875 0.0203125
14 0.0953125 0.5703125 0.1375 0.0171875
14 0.1109375 0.5453125 0.171875 0.01875
14 0.09375 0.5109375 0.1359375 0.0171875
14 0.109375 0.4859375 0.1671875 0.01875
14 0.0953125 0.45625 0.1359375 0.01875
14 0.1203125 0.4125 0.190625 0.053125
14 0.0953125 0.3625 0.1375 0.0171875
14 0.109375 0.3296875 0.16875 0.0375
14 0.09375 0.2875 0.1390625 0.01875
14 0.1234375 0.259375 0.2 0.021875
14 0.096875 0.2296875 0.1453125 0.0203125
14 0.103125 0.19375 0.153125 0.0390625
14 0.0953125 0.1546875 0.1359375 0.0171875
14 0.1234375 0.1328125 0.196875 0.0109375
3 0.253125 0.6890625 0.0125 0.009375
3 0.253125 0.6296875 0.0109375 0.0109375
3 0.2546875 0.571875 0.0140625 0.009375
3 0.253125 0.5140625 0.0109375 0.015625
3 0.2546875 0.45625 0.0140625 0.0109375
3 0.2546875 0.365625 0.0140625 0.015625
3 0.2546875 0.2890625 0.0140625 0.0109375
3 0.2546875 0.2328125 0.0140625 0.0140625
3 0.2546875 0.15625 0.01875 0.0109375
12 0.1453125 0.6875 0.2484375 0.0265625
12 0.1484375 0.628125 0.2515625 0.03125
12 0.1453125 0.571875 0.2453125 0.0296875
12 0.14375 0.5171875 0.25 0.0265625
12 0.146875 0.4578125 0.246875 0.028125
12 0.1453125 0.365625 0.2484375 0.03125
12 0.1421875 0.2875 0.25 0.0296875
12 0.14375 0.2296875 0.2546875 0.028125
12 0.1453125 0.153125 0.2515625 0.03125