16 0.5 0.140625 0.996875 0.028125
15 0.1375 0.140625 0.0578125 0.01875
15 0.0609375 0.140625 0.0609375 0.0203125
14 0.1359375 0.140625 0.0375 0.009375
14 0.0609375 0.1421875 0.04375 0.0109375
14 0.6296875 0.225 0.415625 0.0296875
14 0.709375 0.2671875 0.2546875 0.021875
14 0.309375 0.20625 0.109375 0.0171875
14 0.071875 0.20625 0.140625 0.021875
14 0.28125 0.2453125 0.175 0.0328125
14 0.0734375 0.2453125 0.1453125 0.0328125
15 0.2703125 0.2890625 0.1296875 0.0359375
15 0.059375 0.2875 0.115625 0.034375
14 0.2734375 0.290625 0.090625 0.0140625
14 0.053125 0.2890625 0.0671875 0.015625
14 0.146875 0.41875 0.175 0.0265625
14 0.2484375 0.4796875 0.1390625 0.0546875
14 0.059375 0.48125 0.1140625 0.046875
7 0.6328125 0.4734375 0.290625 0.059375
5 0.93125 0.2421875 0.134375 0.18125
0 0.4046875 0.725 0.41875 0.1015625
14 0.50625 0.725 0.1609375 0.0625
14 0.3 0.709375 0.128125 0.053125
14 0.3015625 0.753125 0.1890625 0.0234375
7 0.5859375 0.8421875 0.0328125 0.0109375
7 0.553125 0.8421875 0.021875 0.0140625
7 0.5203125 0.8421875 0.0296875 0.0140625
7 0.471875 0.84375 0.059375 0.0140625
7 0.4203125 0.84375 0.0296875 0.015625
7 0.3828125 0.8421875 0.03125 0.0125
7 0.35 0.8421875 0.025 0.01875
7 0.3125 0.84375 0.0421875 0.0140625
3 0.271875 0.840625 0.021875 0.021875
3 0.24375 0.8390625 0.015625 0.0140625