5 0.128125 0.846875 0.1984375 0.040625
9 0.4265625 0.8453125 0.3578125 0.015625
12 0.2734375 0.846875 0.0484375 0.0140625
14 0.26875 0.846875 0.034375 0.0125
3 0.29375 0.8453125 0.0078125 0.00625
14 0.3328125 0.846875 0.03125 0.0125
12 0.396875 0.8453125 0.059375 0.0125
14 0.390625 0.8453125 0.046875 0.0109375
3 0.4234375 0.8453125 0.0078125 0.00625
12 0.4890625 0.8453125 0.084375 0.0109375
14 0.4828125 0.8453125 0.071875 0.009375
3 0.5265625 0.8453125 0.0078125 0.00625
12 0.578125 0.846875 0.0546875 0.0109375
14 0.571875 0.8453125 0.0421875 0.0109375
3 0.6015625 0.8453125 0.0078125 0.0046875
5 0.64375 0.8453125 0.0125 0.0203125
5 0.6796875 0.846875 0.0234375 0.01875
5 0.715625 0.846875 0.025 0.025
5 0.7515625 0.846875 0.0140625 0.0265625
5 0.790625 0.846875 0.025 0.025
6 0.9078125 0.846875 0.1203125 0.0296875
14 0.878125 0.8453125 0.0390625 0.009375
3 0.953125 0.8453125 0.0140625 0.0140625
4 0.4984375 0.753125 0.709375 0.0875
14 0.3765625 0.671875 0.6921875 0.0125
5 0.3390625 0.415625 0.6171875 0.4609375
15 0.821875 0.6296875 0.29375 0.0328125
14 0.8234375 0.63125 0.1734375 0.0125
14 0.8234375 0.553125 0.26875 0.05
14 0.8171875 0.503125 0.1875 0.0203125
5 0.821875 0.3265625 0.290625 0.3046875
14 0.821875 0.140625 0.1328125 0.028125
14 0.33125 0.140625 0.5984375 0.0296875