0 0.5 0.3640625 0.996875 0.475
5 0.040625 0.16875 0.0390625 0.0390625
14 0.1640625 0.16875 0.196875 0.025
12 0.6984375 0.1703125 0.06875 0.0140625
3 0.7265625 0.1671875 0.0125 0.00625
14 0.6875 0.1703125 0.0484375 0.0140625
14 0.784375 0.1703125 0.0390625 0.0140625
15 0.903125 0.16875 0.146875 0.040625
14 0.903125 0.1703125 0.0515625 0.0140625
14 0.4984375 0.315625 0.6 0.03125
14 0.5 0.4375 0.1765625 0.0140625
14 0.5 0.459375 0.0828125 0.015625
8 0.8578125 0.6421875 0.1578125 0.234375
14 0.325 0.64375 0.584375 0.0234375
14 0.3796875 0.690625 0.6984375 0.0296875
5 0.21875 0.7953125 0.0453125 0.04375
14 0.3640625 0.7796875 0.196875 0.0140625
14 0.53125 0.803125 0.5328125 0.0140625
15 0.31875 0.8515625 0.1046875 0.021875
14 0.31875 0.85 0.040625 0.0140625
12 0.76875 0.85625 0.0609375 0.0125
14 0.7609375 0.85625 0.0421875 0.0125
3 0.7953125 0.8546875 0.009375 0.0078125