14 0.0328125 0.1578125 0.0171875 0.025
14 0.0859375 0.15625 0.0453125 0.015625
14 0.178125 0.1578125 0.103125 0.015625
14 0.278125 0.1578125 0.06875 0.0171875
14 0.3484375 0.15625 0.0390625 0.015625
14 0.4109375 0.15625 0.05625 0.0125
14 0.4734375 0.1546875 0.0359375 0.01875
14 0.521875 0.15625 0.0375 0.01875
14 0.6921875 0.15625 0.0296875 0.015625
3 0.71875 0.1546875 0.0109375 0.0078125
3 0.7609375 0.15625 0.0203125 0.0171875
3 0.790625 0.1546875 0.01875 0.015625
3 0.821875 0.15625 0.015625 0.0140625
3 0.8546875 0.15625 0.015625 0.0203125
15 0.934375 0.159375 0.0984375 0.0390625
14 0.934375 0.15625 0.0765625 0.0203125
14 0.3171875 0.328125 0.5390625 0.115625
14 0.325 0.4828125 0.55625 0.1609375
14 0.1296875 0.6171875 0.10625 0.0203125
14 0.309375 0.61875 0.0953125 0.01875
15 0.13125 0.6171875 0.165625 0.053125
15 0.3078125 0.615625 0.15625 0.0546875
14 0.1015625 0.6734375 0.1078125 0.01875
14 0.2703125 0.765625 0.1390625 0.0671875
14 0.24375 0.8234375 0.0890625 0.0125
5 0.125 0.778125 0.128125 0.1
5 0.809375 0.38125 0.2453125 0.2234375
16 0.5 0.15625 0.996875 0.059375