5 0.5 0.6625 0.2546875 0.3375
14 0.5015625 0.44375 0.425 0.0234375
14 0.5 0.390625 0.096875 0.0140625
15 0.6203125 0.3296875 0.2171875 0.0453125
15 0.3796875 0.3296875 0.21875 0.0421875
15 0.6203125 0.2671875 0.21875 0.0421875
15 0.378125 0.265625 0.21875 0.0453125
15 0.61875 0.203125 0.215625 0.0421875
15 0.3796875 0.2015625 0.2171875 0.0453125
14 0.6203125 0.328125 0.1296875 0.0171875
14 0.3796875 0.3296875 0.0859375 0.015625
14 0.6203125 0.265625 0.1296875 0.015625
14 0.3796875 0.2625 0.1546875 0.0171875
14 0.6203125 0.2015625 0.05625 0.0171875
14 0.3796875 0.2015625 0.059375 0.015625
14 0.5 0.1328125 0.425 0.0109375