14 0.4015625 0.1515625 0.7296875 0.01875
3 0.953125 0.1484375 0.0203125 0.0203125
14 0.4375 0.2015625 0.065625 0.0171875
14 0.5484375 0.2 0.1203125 0.015625
14 0.703125 0.2 0.1484375 0.01875
14 0.834375 0.2015625 0.078125 0.0140625
14 0.9265625 0.2 0.0765625 0.0171875
14 0.40625 0.246875 0.040625 0.01875
14 0.4890625 0.24375 0.0828125 0.0171875
14 0.596875 0.246875 0.0953125 0.0171875
14 0.709375 0.246875 0.084375 0.0203125
14 0.8109375 0.2453125 0.0796875 0.0171875
14 0.8984375 0.246875 0.05625 0.0171875
3 0.9546875 0.24375 0.01875 0.01875
0 0.4984375 0.521875 0.9953125 0.6984375
14 0.8328125 0.6046875 0.2515625 0.1078125
14 0.78125 0.7078125 0.1546875 0.015625
3 0.725 0.8328125 0.0328125 0.0328125