3 0.946875 0.1609375 0.03125 0.021875
14 0.89375 0.1609375 0.05625 0.0109375
14 0.81875 0.1609375 0.0546875 0.0109375
3 0.309375 0.1609375 0.0140625 0.0140625
14 0.265625 0.1609375 0.0546875 0.0125
3 0.209375 0.1609375 0.0203125 0.0171875
14 0.1734375 0.1609375 0.0375 0.0125
15 0.0875 0.1625 0.0984375 0.0421875
14 0.0875 0.1609375 0.0484375 0.0125
14 0.5 0.2890625 0.5515625 0.04375
6 0.665625 0.375 0.5453125 0.065625
3 0.896875 0.3765625 0.0203125 0.01875
14 0.703125 0.378125 0.3390625 0.015625
12 0.2921875 0.3765625 0.1359375 0.015625
14 0.3078125 0.378125 0.1078125 0.015625
3 0.23125 0.3765625 0.0125 0.0078125
3 0.128125 0.3671875 0.025 0.021875
14 0.128125 0.3890625 0.0828125 0.0109375
9 0.4984375 0.5 0.66875 0.0125
14 0.796875 0.5015625 0.0703125 0.0125
14 0.6265625 0.5015625 0.08125 0.0125
14 0.4703125 0.5015625 0.0484375 0.0125
14 0.3265625 0.5 0.0484375 0.0125
14 0.1875 0.5015625 0.040625 0.0125
5 0.5 0.7015625 0.9953125 0.34375
5 0.546875 0.1609375 0.1484375 0.025
5 0.409375 0.1609375 0.0625 0.0234375