3 0.046875 0.1546875 0.0265625 0.0171875
5 0.1109375 0.153125 0.075 0.021875
6 0.3 0.153125 0.2671875 0.034375
3 0.1859375 0.15625 0.0171875 0.015625
14 0.2671875 0.15625 0.13125 0.0109375
12 0.4890625 0.153125 0.0734375 0.0109375
3 0.5203125 0.153125 0.0109375 0.00625
14 0.4765625 0.153125 0.046875 0.009375
15 0.621875 0.1546875 0.1265625 0.0328125
15 0.7546875 0.1546875 0.1203125 0.034375
3 0.5875 0.1546875 0.0203125 0.015625
14 0.6359375 0.1546875 0.053125 0.0109375
3 0.725 0.1546875 0.0203125 0.0171875
14 0.76875 0.1546875 0.05 0.0109375
14 0.859375 0.153125 0.0453125 0.009375
14 0.93125 0.1546875 0.0578125 0.0109375
9 0.375 0.1984375 0.671875 0.0109375
14 0.1546875 0.1984375 0.06875 0.0109375
14 0.059375 0.1984375 0.040625 0.0109375
14 0.259375 0.1984375 0.0609375 0.0109375
14 0.3578125 0.1984375 0.0546875 0.0109375
14 0.4640625 0.1984375 0.075 0.0109375
14 0.571875 0.1984375 0.0625 0.0109375
14 0.6765625 0.1984375 0.0671875 0.0109375
14 0.4203125 0.259375 0.2578125 0.015625
15 0.634375 0.2578125 0.1125 0.034375
14 0.6328125 0.2578125 0.0703125 0.009375
3 0.94375 0.2046875 0.0140625 0.0125
5 0.8421875 0.228125 0.0671875 0.0328125
14 0.8421875 0.3234375 0.1140625 0.01875
14 0.840625 0.3734375 0.1921875 0.053125
15 0.8421875 0.446875 0.096875 0.0375
14 0.840625 0.4484375 0.0546875 0.0125
14 0.1609375 0.3375 0.2609375 0.025
5 0.1765625 0.48125 0.29375 0.19375
5 0.484375 0.4828125 0.3171875 0.1921875
5 0.5015625 0.73125 0.9453125 0.2859375