5 0.928125 0.146875 0.025 0.0203125
14 0.890625 0.1453125 0.040625 0.0140625
14 0.7875 0.1453125 0.096875 0.0125
14 0.6828125 0.1453125 0.0453125 0.0125
14 0.5984375 0.1453125 0.0578125 0.0125
14 0.5140625 0.1453125 0.0421875 0.0125
14 0.4046875 0.1453125 0.10625 0.0109375
14 0.2734375 0.1453125 0.090625 0.0125
14 0.159375 0.1453125 0.065625 0.0125
5 0.1109375 0.1453125 0.01875 0.01875
5 0.0890625 0.1453125 0.01875 0.01875
5 0.0671875 0.1453125 0.0140625 0.01875
9 0.5328125 0.1453125 0.6125 0.0203125
0 0.5 0.375 0.996875 0.4234375
15 0.5859375 0.553125 0.196875 0.0421875
3 0.659375 0.55 0.0296875 0.0265625
14 0.571875 0.55 0.14375 0.025
15 0.390625 0.553125 0.15625 0.0421875
14 0.3921875 0.5515625 0.1265625 0.021875
14 0.7375 0.6484375 0.3875 0.028125
14 0.89375 0.6890625 0.075 0.025
14 0.396875 0.646875 0.16875 0.025
14 0.3828125 0.7015625 0.2015625 0.01875
14 0.4421875 0.7265625 0.0796875 0.0140625
14 0.3765625 0.7703125 0.20625 0.0171875
14 0.4421875 0.7953125 0.08125 0.0140625
14 0.3828125 0.8375 0.1984375 0.0171875
14 0.4421875 0.8625 0.078125 0.0125
14 0.7265625 0.803125 0.4140625 0.1359375