5 0.0390625 0.209375 0.040625 0.0328125
14 0.0984375 0.2078125 0.0609375 0.01875
14 0.1859375 0.209375 0.05625 0.0140625
14 0.2546875 0.209375 0.046875 0.0171875
14 0.3296875 0.209375 0.0703125 0.015625
14 0.3984375 0.2109375 0.03125 0.01875
14 0.4609375 0.209375 0.05625 0.0140625
14 0.5484375 0.209375 0.0890625 0.0140625
14 0.7109375 0.2109375 0.0828125 0.015625
14 0.80625 0.209375 0.05 0.0140625
14 0.8734375 0.2109375 0.0453125 0.015625
14 0.9421875 0.2109375 0.0546875 0.0125
14 0.5046875 0.153125 0.25625 0.0203125
14 0.3203125 0.3953125 0.59375 0.115625
14 0.8296875 0.5921875 0.228125 0.0515625
14 0.2796875 0.53125 0.5234375 0.0953125
14 0.3609375 0.7109375 0.1984375 0.0171875
14 0.534375 0.7640625 0.5375 0.0734375
14 0.3828125 0.8140625 0.203125 0.0109375
14 0.7484375 0.84375 0.06875 0.0125
14 0.31875 0.8390625 0.021875 0.0125
14 0.1078125 0.640625 0.140625 0.015625
14 0.3171875 0.6421875 0.1046875 0.015625
3 0.61875 0.2078125 0.01875 0.015625
3 0.24375 0.6421875 0.015625 0.0140625
3 0.7953125 0.846875 0.0078125 0.0078125
5 0.8296875 0.434375 0.29375 0.2
5 0.21875 0.7265625 0.046875 0.040625
2 0.271875 0.815625 0.0078125 0.0109375
15 0.31875 0.840625 0.103125 0.0203125
15 0.109375 0.64375 0.1796875 0.0578125
15 0.3046875 0.6421875 0.171875 0.053125
15 0.709375 0.2078125 0.1046875 0.028125
12 0.7578125 0.8453125 0.0859375 0.0171875