3 0.05625 0.1734375 0.015625 0.015625
14 0.090625 0.1734375 0.040625 0.0109375
12 0.196875 0.1734375 0.109375 0.0125
14 0.1875 0.1734375 0.090625 0.0109375
14 0.328125 0.175 0.0875 0.0140625
3 0.384375 0.175 0.0140625 0.0078125
5 0.5 0.16875 0.1359375 0.0421875
14 0.6828125 0.1734375 0.08125 0.0125
14 0.775 0.1734375 0.0390625 0.0125
15 0.88125 0.171875 0.14375 0.0296875
14 0.88125 0.171875 0.1109375 0.0109375
0 0.5 0.421875 0.996875 0.590625
14 0.3578125 0.33125 0.6203125 0.084375
14 0.2125 0.40625 0.33125 0.0234375
15 0.1421875 0.4765625 0.19375 0.0515625
14 0.1421875 0.4765625 0.1453125 0.015625
14 0.25625 0.6 0.4203125 0.0140625
5 0.190625 0.7421875 0.2875 0.2484375
14 0.4296875 0.6625 0.1015625 0.0125
14 0.546875 0.7171875 0.3328125 0.05
14 0.5375 0.8015625 0.3140625 0.0625
15 0.8359375 0.7375 0.140625 0.040625
14 0.834375 0.7375 0.05 0.0125