5 0.075 0.8359375 0.0796875 0.03125
9 0.5046875 0.834375 0.5546875 0.015625
14 0.26875 0.834375 0.078125 0.0140625
14 0.3890625 0.834375 0.06875 0.015625
14 0.509375 0.8359375 0.078125 0.0140625
14 0.609375 0.834375 0.03125 0.015625
14 0.6875 0.834375 0.03125 0.0140625
14 0.765625 0.834375 0.03125 0.015625
6 0.896875 0.834375 0.1359375 0.0375
14 0.859375 0.8359375 0.046875 0.0140625
3 0.94375 0.834375 0.01875 0.01875
14 0.2375 0.734375 0.4046875 0.0796875
14 0.5734375 0.765625 0.0609375 0.0203125
14 0.86875 0.765625 0.1359375 0.015625
3 0.9515625 0.7640625 0.015625 0.0171875
14 0.690625 0.6625 0.2734375 0.1421875
5 0.25 0.5828125 0.2296875 0.15
15 0.246875 0.4765625 0.4234375 0.0640625
3 0.1609375 0.4765625 0.03125 0.01875
14 0.278125 0.478125 0.1390625 0.0171875
14 0.2453125 0.41875 0.2125 0.0296875
14 0.11875 0.3515625 0.1640625 0.0140625
14 0.2015625 0.315625 0.3296875 0.015625
14 0.1078125 0.2859375 0.1453125 0.0125
14 0.2375 0.2546875 0.4046875 0.0140625
14 0.1125 0.225 0.1546875 0.0140625
15 0.4078125 0.1875 0.096875 0.0375
14 0.4015625 0.1875 0.0671875 0.0109375
3 0.4421875 0.1875 0.00625 0.00625
12 0.6359375 0.45 0.18125 0.034375
14 0.5921875 0.45 0.0859375 0.015625
3 0.7171875 0.45 0.0078125 0.0078125
15 0.7640625 0.45 0.0640625 0.0375
14 0.7640625 0.45 0.025 0.0125
15 0.859375 0.4484375 0.0640625 0.0359375
15 0.9328125 0.45 0.065625 0.0375
14 0.8578125 0.45 0.0375 0.0125
14 0.9328125 0.45 0.028125 0.009375
14 0.6171875 0.3515625 0.1421875 0.0140625
5 0.753125 0.228125 0.4203125 0.2015625