14 0.7890625 0.1578125 0.35625 0.0203125
14 0.6734375 0.228125 0.5890625 0.0671875
7 0.7890625 0.2046875 0.2359375 0.0140625
15 0.83125 0.3046875 0.2734375 0.0375
14 0.83125 0.3046875 0.1453125 0.01875
15 0.5234375 0.3046875 0.2765625 0.0359375
14 0.5234375 0.30625 0.184375 0.0171875
5 0.89375 0.3734375 0.1484375 0.03125
5 0.95 0.4515625 0.0359375 0.034375
14 0.725 0.45 0.3890625 0.0171875
14 0.8109375 0.5375 0.3140625 0.0453125
14 0.9109375 0.5953125 0.115625 0.01875
14 0.296875 0.5375 0.0609375 0.0484375
14 0.1828125 0.5375 0.1 0.0484375
14 0.075 0.5375 0.0515625 0.0453125
14 0.23125 0.6640625 0.15625 0.0171875
14 0.1765625 0.7078125 0.26875 0.0359375
14 0.178125 0.7421875 0.2625 0.015625
14 0.2484375 0.7640625 0.125 0.0171875
14 0.2765625 0.790625 0.0671875 0.01875
14 0.234375 0.8140625 0.1453125 0.015625
14 0.7515625 0.675 0.4375 0.040625
14 0.73125 0.740625 0.46875 0.040625
6 0.68125 0.80625 0.5765625 0.0390625
1 0.375 0.80625 0.0375 0.0359375
3 0.375 0.8046875 0.0203125 0.0171875
14 0.890625 0.8046875 0.128125 0.021875