4 0.5015625 0.740625 0.946875 0.2671875
14 0.834375 0.571875 0.2453125 0.0234375
14 0.815625 0.5453125 0.284375 0.01875
14 0.509375 0.571875 0.078125 0.015625
3 0.4390625 0.571875 0.015625 0.0171875
14 0.403125 0.571875 0.046875 0.015625
3 0.3578125 0.571875 0.01875 0.015625
3 0.290625 0.571875 0.0078125 0.0046875
3 0.05 0.571875 0.0078125 0.00625
14 0.321875 0.5703125 0.0421875 0.01875
12 0.3140625 0.5734375 0.0625 0.0234375
12 0.0890625 0.571875 0.0953125 0.0265625
14 0.096875 0.5703125 0.0671875 0.0203125
5 0.1859375 0.5375 0.284375 0.0953125
9 0.5 0.4546875 0.9546875 0.040625
14 0.93125 0.4546875 0.053125 0.0203125
14 0.7875 0.4546875 0.08125 0.01875
14 0.66875 0.4515625 0.0578125 0.0234375
14 0.528125 0.4546875 0.078125 0.0203125
14 0.390625 0.453125 0.0890625 0.0203125
14 0.2796875 0.4546875 0.0453125 0.0203125
3 0.2453125 0.4546875 0.0109375 0.009375
12 0.16875 0.4515625 0.29375 0.040625
14 0.8765625 0.403125 0.1640625 0.028125
14 0.6375 0.346875 0.6390625 0.0671875
14 0.646875 0.2765625 0.6234375 0.046875
14 0.821875 0.234375 0.2359375 0.01875
14 0.9046875 0.2078125 0.0734375 0.015625
3 0.953125 0.2359375 0.0109375 0.00625
3 0.953125 0.2125 0.0109375 0.009375
3 0.9328125 0.1578125 0.015625 0.015625
15 0.8609375 0.15625 0.1953125 0.0453125
15 0.7015625 0.15625 0.1046875 0.04375
14 0.7 0.153125 0.0609375 0.0203125
14 0.8484375 0.15625 0.1234375 0.0140625
14 0.909375 0.5125 0.075 0.015625
14 0.78125 0.5125 0.0671875 0.015625
3 0.853125 0.5140625 0.0171875 0.0171875
3 0.73125 0.5125 0.01875 0.015625
15 0.8984375 0.5125 0.1203125 0.0296875
15 0.771875 0.5125 0.1140625 0.03125