5 0.071875 0.1734375 0.1265625 0.078125
14 0.4296875 0.1609375 0.3875 0.028125
7 0.290625 0.2234375 0.078125 0.0171875
7 0.3921875 0.221875 0.1015625 0.0140625
7 0.503125 0.2234375 0.09375 0.015625
7 0.596875 0.221875 0.0703125 0.0125
7 0.6875 0.2234375 0.0859375 0.015625
7 0.7796875 0.2234375 0.0828125 0.015625
14 0.3625 0.2921875 0.2546875 0.021875
14 0.278125 0.4859375 0.0890625 0.0203125
14 0.5171875 0.5765625 0.5640625 0.109375
14 0.5140625 0.6921875 0.5609375 0.0859375
14 0.6078125 0.79375 0.746875 0.0859375
14 0.6 0.859375 0.7328125 0.015625
7 0.6265625 0.703125 0.078125 0.0140625
7 0.903125 0.6828125 0.1015625 0.015625
7 0.8859375 0.7015625 0.0671875 0.015625
7 0.571875 0.759375 0.159375 0.015625
7 0.765625 0.7578125 0.1515625 0.0140625
7 0.7078125 0.78125 0.08125 0.015625
7 0.4328125 0.828125 0.1609375 0.0109375
14 0.05625 0.240625 0.0953125 0.0109375
14 0.084375 0.3 0.1015625 0.015625
14 0.0734375 0.3234375 0.078125 0.0171875
14 0.0640625 0.346875 0.0703125 0.015625
14 0.065625 0.3703125 0.0671875 0.0203125
14 0.071875 0.3921875 0.0828125 0.015625
14 0.103125 0.440625 0.1890625 0.0328125
14 0.0734375 0.503125 0.0828125 0.015625
14 0.0625 0.565625 0.0609375 0.0140625
14 0.0578125 0.5890625 0.0546875 0.015625
14 0.05625 0.6140625 0.053125 0.0140625
14 0.04375 0.4734375 0.040625 0.0109375
14 0.059375 0.5390625 0.1078125 0.0203125
15 0.04375 0.4734375 0.071875 0.0203125
5 0.0625 0.6578125 0.1046875 0.03125
5 0.915625 0.603125 0.0984375 0.0953125
5 0.2796875 0.3875 0.0640625 0.0953125
5 0.35625 0.3875 0.065625 0.096875
5 0.4359375 0.3875 0.0609375 0.096875
5 0.5140625 0.3859375 0.0625 0.078125
5 0.59375 0.3859375 0.059375 0.096875
5 0.6703125 0.3875 0.0625 0.0921875
5 0.746875 0.3875 0.0640625 0.0890625
5 0.825 0.3859375 0.0578125 0.096875
5 0.9078125 0.3875 0.0625 0.0953125
6 0.1 0.265625 0.18125 0.0203125
3 0.021875 0.2984375 0.009375 0.0078125
3 0.0203125 0.3234375 0.0046875 0.0046875
3 0.021875 0.346875 0.0078125 0.0046875
3 0.021875 0.36875 0.003125 0.003125
3 0.021875 0.3953125 0.00625 0.0078125
3 0.021875 0.503125 0.00625 0.0046875
3 0.021875 0.5671875 0.0078125 0.0078125
3 0.0203125 0.5890625 0.0078125 0.003125
3 0.021875 0.6140625 0.00625 0.0078125