5 0.071875 0.1734375 0.065625 0.0578125
14 0.1625 0.1765625 0.0875 0.0359375
14 0.6890625 0.1734375 0.0609375 0.0203125
14 0.775 0.1734375 0.0453125 0.015625
14 0.8953125 0.1734375 0.0625 0.0171875
14 0.23125 0.4015625 0.3734375 0.190625
14 0.2703125 0.5796875 0.4609375 0.078125
14 0.1140625 0.6796875 0.0875 0.0171875
14 0.353125 0.8453125 0.625 0.0203125
14 0.909375 0.8421875 0.0359375 0.0125
15 0.909375 0.8421875 0.096875 0.03125
15 0.1140625 0.68125 0.14375 0.053125
15 0.8953125 0.1734375 0.1265625 0.040625
16 0.5 0.1734375 0.996875 0.09375
5 0.7421875 0.50625 0.4359375 0.4484375