14 0.66875 0.84375 0.60625 0.0203125
14 0.321875 0.840625 0.078125 0.0171875
14 0.059375 0.840625 0.046875 0.0109375
14 0.7515625 0.7578125 0.1953125 0.028125
14 0.721875 0.725 0.2515625 0.015625
9 0.4921875 0.659375 0.5640625 0.0328125
14 0.75 0.6625 0.0375 0.0140625
14 0.671875 0.6625 0.059375 0.0171875
14 0.575 0.6625 0.071875 0.015625
14 0.434375 0.6609375 0.1484375 0.0171875
14 0.3125 0.659375 0.0328125 0.015625
14 0.2421875 0.6625 0.0484375 0.0140625
14 0.7796875 0.5875 0.38125 0.0375
14 0.8625 0.5453125 0.2140625 0.0171875
14 0.834375 0.5140625 0.25 0.0125
14 0.884375 0.49375 0.1515625 0.0125
14 0.8234375 0.46875 0.26875 0.021875
14 0.765625 0.403125 0.228125 0.03125
14 0.903125 0.2140625 0.1421875 0.015625
14 0.7703125 0.215625 0.0859375 0.015625
14 0.659375 0.2109375 0.103125 0.015625
14 0.5 0.1734375 0.1234375 0.015625
14 0.08125 0.2140625 0.1484375 0.015625
5 0.9265625 0.746875 0.128125 0.121875
5 0.2796875 0.4296875 0.49375 0.35625
4 0.49375 0.140625 0.709375 0.0265625
3 0.984375 0.215625 0.0109375 0.009375
3 0.9671875 0.4703125 0.0046875 0.00625
3 0.9671875 0.4921875 0.0078125 0.0078125
3 0.9671875 0.5140625 0.0046875 0.00625
7 0.76875 0.3484375 0.103125 0.015625
5 0.76875 0.303125 0.1140625 0.028125
15 0.0578125 0.840625 0.096875 0.0484375