14 0.090625 0.1515625 0.11875 0.015625
14 0.2796875 0.153125 0.0609375 0.0125
14 0.3703125 0.153125 0.0859375 0.0125
14 0.45 0.153125 0.040625 0.0125
14 0.5046875 0.1515625 0.0328125 0.0140625
14 0.584375 0.153125 0.090625 0.0125
14 0.696875 0.153125 0.1 0.0125
14 0.8953125 0.153125 0.034375 0.0109375
14 0.9484375 0.153125 0.021875 0.0109375
15 0.95 0.153125 0.0375 0.0203125
9 0.4984375 0.153125 0.9796875 0.0328125
9 0.5015625 0.2828125 0.9390625 0.0359375
5 0.0453125 0.284375 0.0171875 0.0171875
14 0.1 0.284375 0.078125 0.0140625
14 0.190625 0.284375 0.0359375 0.0125
14 0.246875 0.284375 0.046875 0.0140625
14 0.33125 0.2859375 0.09375 0.0125
14 0.4359375 0.284375 0.0859375 0.0140625
14 0.521875 0.2859375 0.0609375 0.0125
14 0.5015625 0.21875 0.259375 0.0453125
14 0.58125 0.2859375 0.0296875 0.0109375
14 0.64375 0.2859375 0.0640625 0.0125
14 0.7328125 0.2859375 0.0859375 0.015625
14 0.81875 0.284375 0.059375 0.0109375
14 0.8796875 0.284375 0.0390625 0.0140625
14 0.9390625 0.284375 0.0546875 0.0140625
14 0.11875 0.3203125 0.171875 0.0125
14 0.4140625 0.3203125 0.0703125 0.0125
14 0.490625 0.31875 0.0625 0.0125
14 0.5453125 0.3203125 0.0234375 0.0125
14 0.5953125 0.31875 0.05625 0.0125
14 0.8640625 0.321875 0.1359375 0.0125
3 0.959375 0.31875 0.015625 0.021875
6 0.8703125 0.321875 0.1484375 0.021875
14 0.065625 0.3921875 0.0703125 0.0109375
14 0.178125 0.4625 0.290625 0.1203125
14 0.178125 0.5828125 0.29375 0.078125
14 0.1421875 0.6375 0.221875 0.0109375
14 0.059375 0.71875 0.03125 0.0140625
14 0.1203125 0.71875 0.04375 0.0109375
3 0.034375 0.7203125 0.0078125 0.0125
3 0.090625 0.7203125 0.009375 0.009375
4 0.5 0.815625 0.9765625 0.1140625
3 0.95625 0.78125 0.015625 0.0140625
5 0.6578125 0.55625 0.6171875 0.346875