14 0.5 0.35625 0.5984375 0.046875
14 0.5 0.40625 0.2640625 0.028125
14 0.3265625 0.465625 0.2203125 0.021875
14 0.6828125 0.4671875 0.1328125 0.025
14 0.5 0.5265625 0.240625 0.0265625
14 0.328125 0.634375 0.253125 0.0578125
14 0.6 0.6078125 0.0703125 0.0140625
14 0.6265625 0.6375 0.1234375 0.0234375
14 0.578125 0.6640625 0.0734375 0.015625
14 0.659375 0.665625 0.065625 0.015625
14 0.7484375 0.6640625 0.090625 0.0125
3 0.5125 0.6296875 0.053125 0.0703125
6 0.375 0.4640625 0.35 0.046875
15 0.6828125 0.4640625 0.2328125 0.046875
3 0.8234375 0.3109375 0.0203125 0.0203125
3 0.959375 0.2734375 0.0203125 0.021875
3 0.021875 0.20625 0.015625 0.0203125
3 0.353125 0.209375 0.0171875 0.025
3 0.4703125 0.2078125 0.0109375 0.0078125
3 0.3 0.209375 0.0078125 0.0109375
3 0.8 0.159375 0.0109375 0.015625
3 0.53125 0.8140625 0.01875 0.0109375
14 0.3875 0.1578125 0.390625 0.0203125
14 0.6953125 0.1578125 0.178125 0.021875
14 0.1671875 0.2078125 0.2484375 0.0171875
14 0.4171875 0.2078125 0.0828125 0.0171875
14 0.928125 0.209375 0.0578125 0.0203125
5 0.86875 0.2078125 0.0453125 0.0234375
5 0.2 0.271875 0.3625 0.040625
14 0.08125 0.3296875 0.1296875 0.0203125
3 0.1578125 0.33125 0.0109375 0.0078125
12 0.0890625 0.33125 0.146875 0.0234375
6 0.671875 0.2734375 0.5203125 0.040625
14 0.5375 0.2734375 0.221875 0.0203125
1 0.959375 0.2734375 0.05 0.0421875
14 0.9 0.3296875 0.0859375 0.0234375
14 0.11875 0.4125 0.084375 0.03125
14 0.8828125 0.415625 0.0859375 0.03125
14 0.096875 0.653125 0.128125 0.0203125
14 0.4984375 0.7203125 0.934375 0.0875
14 0.484375 0.80625 0.90625 0.040625