5 0.103125 0.15625 0.1609375 0.0265625
14 0.2421875 0.153125 0.025 0.015625
3 0.271875 0.153125 0.0109375 0.0109375
3 0.2921875 0.153125 0.0140625 0.0109375
3 0.315625 0.153125 0.0109375 0.009375
3 0.3390625 0.153125 0.0140625 0.0125
3 0.359375 0.1546875 0.0078125 0.0109375
3 0.3796875 0.1546875 0.015625 0.0125
3 0.4046875 0.1546875 0.015625 0.00625
3 0.4609375 0.1546875 0.0125 0.0109375
14 0.709375 0.15625 0.0484375 0.0171875
14 0.784375 0.15625 0.046875 0.0171875
14 0.8859375 0.1546875 0.0734375 0.0125
3 0.9734375 0.1546875 0.0125 0.0171875
1 0.9734375 0.15625 0.0328125 0.0359375
15 0.7078125 0.1546875 0.065625 0.028125
15 0.784375 0.1546875 0.0703125 0.028125
15 0.878125 0.15625 0.115625 0.0328125
5 0.5 0.35 0.996875 0.340625
5 0.75625 0.7 0.4171875 0.25625
14 0.3015625 0.60625 0.5140625 0.040625
14 0.2921875 0.6546875 0.4859375 0.0203125
14 0.128125 0.6984375 0.1578125 0.021875
14 0.21875 0.7671875 0.325 0.0140625
14 0.2546875 0.790625 0.39375 0.0140625
14 0.2984375 0.815625 0.48125 0.015625
3 0.05 0.7671875 0.0046875 0.0078125
3 0.05 0.7890625 0.0078125 0.00625
3 0.05 0.8140625 0.0046875 0.00625
3 0.28125 0.853125 0.0109375 0.0140625
3 0.7484375 0.8546875 0.0203125 0.0125
13 0.7859375 0.8546875 0.040625 0.0171875
1 0.28125 0.853125 0.0390625 0.0328125
16 0.5 0.1546875 0.996875 0.04375