5 0.9609375 0.8359375 0.03125 0.03125
14 0.8921875 0.834375 0.0890625 0.01875
14 0.934375 0.75625 0.0828125 0.01875
14 0.915625 0.7140625 0.125 0.015625
14 0.925 0.671875 0.103125 0.015625
14 0.915625 0.63125 0.121875 0.0171875
14 0.921875 0.590625 0.109375 0.01875
14 0.921875 0.55 0.1109375 0.0203125
14 0.959375 0.509375 0.0390625 0.0171875
14 0.946875 0.46875 0.059375 0.0234375
3 0.9234375 0.5109375 0.015625 0.015625
3 0.903125 0.46875 0.015625 0.0171875
3 0.690625 0.6890625 0.015625 0.015625
6 0.5765625 0.690625 0.259375 0.0359375
14 0.5859375 0.6890625 0.175 0.0203125
14 0.621875 0.7484375 0.1671875 0.028125
14 0.0984375 0.840625 0.0515625 0.015625
14 0.3734375 0.5046875 0.1484375 0.0140625
14 0.6453125 0.153125 0.125 0.0125
14 0.2921875 0.1515625 0.1328125 0.0109375
14 0.121875 0.328125 0.059375 0.0171875
14 0.3078125 0.3265625 0.0390625 0.01875
14 0.4703125 0.3171875 0.0578125 0.04375
14 0.646875 0.315625 0.0546875 0.040625
14 0.6328125 0.4390625 0.0859375 0.0171875
14 0.465625 0.428125 0.0703125 0.0359375
14 0.3 0.428125 0.053125 0.040625
14 0.115625 0.425 0.0703125 0.040625
3 0.0609375 0.8390625 0.015625 0.0109375
12 0.0890625 0.840625 0.0703125 0.015625
15 0.634375 0.4265625 0.14375 0.0859375
15 0.459375 0.4265625 0.1453125 0.0875
15 0.284375 0.4265625 0.1421875 0.0875
15 0.1109375 0.4265625 0.140625 0.0859375
15 0.634375 0.315625 0.140625 0.0859375
15 0.459375 0.315625 0.1421875 0.084375
15 0.2859375 0.315625 0.140625 0.0859375
15 0.109375 0.3171875 0.1421875 0.084375
3 0.1390625 0.3078125 0.0171875 0.015625
3 0.271875 0.3265625 0.015625 0.015625
5 0.225 0.73125 0.36875 0.115625