3 0.0296875 0.1421875 0.021875 0.0203125
14 0.0515625 0.1828125 0.0734375 0.01875
14 0.1703125 0.1828125 0.1296875 0.015625
14 0.3203125 0.184375 0.1390625 0.015625
14 0.4546875 0.1828125 0.0953125 0.015625
14 0.5546875 0.184375 0.0734375 0.015625
14 0.6375 0.1828125 0.0578125 0.015625
3 0.9734375 0.1421875 0.021875 0.0203125
5 0.1484375 0.14375 0.178125 0.0328125
9 0.5 0.18125 0.996875 0.0421875
4 0.5 0.340625 0.7109375 0.0859375
5 0.33125 0.6203125 0.41875 0.2328125
5 0.7328125 0.6234375 0.2921875 0.1703125
14 0.646875 0.5109375 0.1234375 0.028125
14 0.703125 0.73125 0.0734375 0.015625
14 0.7546875 0.8046875 0.18125 0.121875
14 0.14375 0.7515625 0.04375 0.0171875
14 0.3109375 0.8 0.378125 0.0734375
14 0.325 0.859375 0.40625 0.028125
5 0.60625 0.803125 0.040625 0.0296875