3 0.9703125 0.7328125 0.0234375 0.01875
3 0.93125 0.734375 0.0234375 0.021875
9 0.5 0.6890625 0.996875 0.0390625
5 0.6625 0.2953125 0.6109375 0.3375
14 0.6609375 0.5484375 0.525 0.1125
14 0.8625 0.6875 0.040625 0.015625
14 0.753125 0.6890625 0.096875 0.0125
14 0.6375 0.6875 0.0578125 0.0125
14 0.5359375 0.6875 0.0640625 0.0125
14 0.45 0.6890625 0.028125 0.0109375
14 0.3671875 0.6875 0.0578125 0.0109375
14 0.2484375 0.6875 0.0984375 0.0109375
14 0.1390625 0.6875 0.0421875 0.0140625
14 0.0609375 0.690625 0.0828125 0.0109375
14 0.178125 0.6265625 0.1453125 0.0109375
14 0.19375 0.5671875 0.2625 0.04375
14 0.1890625 0.4734375 0.271875 0.0421875
14 0.20625 0.3671875 0.2359375 0.065625
14 0.178125 0.25 0.290625 0.0609375
14 0.1765625 0.14375 0.29375 0.0359375
5 0.4984375 0.734375 0.165625 0.0234375