14 0.93125 0.1625 0.059375 0.021875
14 0.0671875 0.1640625 0.0515625 0.0125
14 0.5 0.2953125 0.584375 0.0453125
14 0.5 0.3546875 0.640625 0.021875
14 0.5 0.3828125 0.14375 0.021875
14 0.5 0.434375 0.4796875 0.0140625
14 0.5 0.496875 0.190625 0.0109375
15 0.5 0.496875 0.2546875 0.0546875
14 0.5 0.55 0.315625 0.0109375
14 0.6078125 0.64375 0.184375 0.0109375
14 0.515625 0.6828125 0.36875 0.0234375
14 0.6203125 0.7140625 0.159375 0.025
14 0.6609375 0.7453125 0.08125 0.0109375
5 0.9375 0.7046875 0.0453125 0.0171875
5 0.853125 0.6953125 0.0953125 0.053125
5 0.7609375 0.70625 0.0609375 0.0140625
15 0.1046875 0.69375 0.1125 0.053125
14 0.1046875 0.69375 0.0703125 0.0109375
14 0.1046875 0.7375 0.059375 0.0109375
0 0.5 0.36875 0.9984375 0.4859375
5 0.834375 0.8265625 0.33125 0.09375
5 0.5 0.8265625 0.334375 0.09375
5 0.1671875 0.8265625 0.33125 0.09375