16 0.5 0.15 0.996875 0.0484375
14 0.03125 0.15 0.0453125 0.015625
14 0.096875 0.15 0.0203125 0.015625
14 0.7375 0.1515625 0.053125 0.01875
14 0.809375 0.1515625 0.0484375 0.0171875
14 0.921875 0.1515625 0.1109375 0.0140625
14 0.5 0.375 0.696875 0.0453125
14 0.5 0.44375 0.7390625 0.0453125
14 0.4984375 0.528125 0.16875 0.015625
3 0.0625 0.1515625 0.0078125 0.0078125
3 0.115625 0.1515625 0.00625 0.0046875
5 0.5 0.1515625 0.0609375 0.0234375
4 0.5 0.2671875 0.734375 0.0859375
4 0.5 0.7484375 0.69375 0.2515625
15 0.921875 0.1484375 0.1359375 0.0328125
15 0.5 0.528125 0.2296875 0.0484375
3 0.6953125 0.15 0.0171875 0.015625
12 0.0390625 0.1515625 0.0640625 0.021875
12 0.1046875 0.1515625 0.0359375 0.0203125