14 0.946875 0.85 0.059375 0.0125
14 0.8515625 0.8484375 0.065625 0.0140625
14 0.7546875 0.8484375 0.0640625 0.0140625
14 0.66875 0.85 0.0390625 0.0125
3 0.7078125 0.85 0.009375 0.0046875
3 0.8046875 0.85 0.0078125 0.0046875
3 0.9046875 0.85 0.0078125 0.0046875
12 0.9390625 0.85 0.0765625 0.0125
12 0.8421875 0.8484375 0.084375 0.0140625
12 0.7453125 0.8484375 0.0828125 0.0140625
3 0.1484375 0.8515625 0.0140625 0.0140625
14 0.10625 0.85 0.0359375 0.0140625
14 0.0484375 0.8484375 0.05 0.0140625
14 0.459375 0.746875 0.3328125 0.0390625
3 0.671875 0.7484375 0.06875 0.06875
6 0.5 0.66875 0.59375 0.04375
3 0.771875 0.6703125 0.0171875 0.015625
14 0.5359375 0.66875 0.4234375 0.0171875
14 0.5 0.590625 0.2484375 0.0140625
14 0.5296875 0.55625 0.2765625 0.0109375
15 0.359375 0.55625 0.053125 0.015625
14 0.359375 0.5546875 0.0453125 0.0109375
14 0.4984375 0.4125 0.584375 0.0140625
14 0.8125 0.325 0.059375 0.0171875
14 0.5 0.3234375 0.0765625 0.0171875
14 0.5 0.2890625 0.1375 0.0125
14 0.5 0.2671875 0.1890625 0.0125
14 0.5109375 0.24375 0.1140625 0.0140625
14 0.1875 0.325 0.10625 0.01875
14 0.1875 0.2875 0.1375 0.0109375
14 0.1875 0.2671875 0.1390625 0.009375
14 0.1984375 0.24375 0.1203125 0.0125
3 0.1234375 0.2453125 0.0125 0.0125
14 0.1890625 0.18125 0.1546875 0.040625
14 0.5015625 0.18125 0.1265625 0.040625
14 0.8125 0.2890625 0.1375 0.0109375
14 0.8125 0.265625 0.1875 0.009375
14 0.821875 0.24375 0.1078125 0.0140625
3 0.75625 0.24375 0.0125 0.0125
14 0.8140625 0.18125 0.125 0.040625
14 0.8125 0.1421875 0.096875 0.0125
14 0.5 0.1421875 0.0984375 0.0125
14 0.1875 0.1421875 0.0984375 0.0109375