14 0.3828125 0.34375 0.7171875 0.059375
14 0.3859375 0.4234375 0.73125 0.059375
14 0.13125 0.4953125 0.221875 0.0484375
6 0.284375 0.6328125 0.5296875 0.0765625
14 0.10625 0.6328125 0.1109375 0.015625
12 0.6390625 0.6328125 0.175 0.078125
14 0.603125 0.6328125 0.04375 0.0140625
3 0.64375 0.634375 0.0078125 0.0046875
15 0.853125 0.6328125 0.253125 0.078125
14 0.8546875 0.6328125 0.0609375 0.015625
14 0.4515625 0.83125 0.2046875 0.0125
14 0.5953125 0.83125 0.0625 0.0109375
3 0.6484375 0.828125 0.0140625 0.0140625
3 0.946875 0.8265625 0.0578125 0.0578125
3 0.034375 0.1546875 0.0296875 0.0296875
5 0.0828125 0.1546875 0.0203125 0.0140625
14 0.134375 0.1546875 0.03125 0.0140625
3 0.9609375 0.1578125 0.0390625 0.0109375