14 0.5859375 0.8390625 0.746875 0.05625
14 0.1046875 0.85 0.0578125 0.015625
15 0.1046875 0.8515625 0.1265625 0.0359375
15 0.109375 0.79375 0.0890625 0.021875
14 0.109375 0.8 0.05625 0.0125
14 0.78125 0.8015625 0.090625 0.0109375
14 0.659375 0.8015625 0.090625 0.0140625
14 0.521875 0.8015625 0.1203125 0.0140625
14 0.390625 0.8015625 0.0859375 0.0109375
14 0.2734375 0.8015625 0.0890625 0.0140625
3 0.046875 0.8 0.015625 0.0140625
14 0.91875 0.7875 0.0734375 0.0296875
14 0.4984375 0.5046875 0.5453125 0.0671875
0 0.5 0.5453125 0.996875 0.334375
14 0.8703125 0.2953125 0.1734375 0.01875
14 0.5671875 0.2953125 0.1515625 0.021875
14 0.2625 0.29375 0.125 0.0234375
14 0.1859375 0.225 0.28125 0.053125
14 0.5078125 0.225 0.271875 0.053125
14 0.8203125 0.225 0.2765625 0.0546875