14 0.2515625 0.146875 0.1 0.015625
14 0.3515625 0.146875 0.0609375 0.015625
14 0.4484375 0.146875 0.0484375 0.0125
14 0.51875 0.146875 0.0390625 0.015625
14 0.228125 0.1953125 0.053125 0.0140625
14 0.353125 0.1953125 0.15625 0.0140625
14 0.5109375 0.1953125 0.1234375 0.015625
14 0.678125 0.1953125 0.1765625 0.0140625
5 0.1078125 0.159375 0.1359375 0.06875
3 0.4078125 0.1453125 0.0109375 0.0125
14 0.3875 0.3953125 0.690625 0.0890625
14 0.3921875 0.496875 0.703125 0.078125
14 0.309375 0.5796875 0.5078125 0.01875
15 0.3078125 0.5796875 0.5359375 0.0421875
14 0.140625 0.784375 0.203125 0.028125
14 0.584375 0.78125 0.1515625 0.025
14 0.290625 0.8609375 0.14375 0.0203125
14 0.634375 0.8484375 0.21875 0.015625
3 0.76875 0.85 0.0109375 0.0109375
3 0.3875 0.8625 0.0125 0.0109375
5 0.11875 0.846875 0.1578125 0.0515625