14 0.0578125 0.8296875 0.0734375 0.0265625
14 0.5703125 0.83125 0.1015625 0.015625
14 0.6828125 0.83125 0.0640625 0.0203125
14 0.7984375 0.83125 0.05625 0.0203125
14 0.915625 0.8296875 0.0671875 0.0203125
15 0.9171875 0.8296875 0.125 0.0421875
14 0.6828125 0.678125 0.4375 0.1078125
14 0.5875 0.5296875 0.1765625 0.0234375
14 0.884375 0.5296875 0.0828125 0.015625
15 0.884375 0.53125 0.1390625 0.05
6 0.646875 0.5296875 0.33125 0.0515625
15 0.5546875 0.4390625 0.153125 0.0453125
15 0.7203125 0.4375 0.1578125 0.040625
15 0.884375 0.4390625 0.153125 0.040625
3 0.4953125 0.4390625 0.021875 0.0265625
3 0.6609375 0.4375 0.025 0.0234375
3 0.828125 0.4375 0.0203125 0.021875
14 0.896875 0.4359375 0.0640625 0.015625
14 0.73125 0.4359375 0.0484375 0.0171875
14 0.565625 0.434375 0.0390625 0.0171875
5 0.2375 0.5734375 0.265625 0.3546875
14 0.7171875 0.4796875 0.0171875 0.0140625