14 0.5015625 0.225 0.209375 0.0234375
14 0.5015625 0.115625 0.265625 0.0125
14 0.5 0.16875 0.3640625 0.046875
5 0.5 0.5546875 0.5609375 0.59375
14 0.5 0.8296875 0.365625 0.0171875
14 0.3140625 0.884375 0.075 0.0125
14 0.4171875 0.884375 0.0734375 0.0125
14 0.5 0.8859375 0.034375 0.0109375
14 0.5796875 0.884375 0.0625 0.0125
14 0.653125 0.8859375 0.028125 0.0109375
14 0.7140625 0.884375 0.034375 0.0125
3 0.2734375 0.9421875 0.025 0.025
3 0.3234375 0.9421875 0.025 0.025
14 0.5 0.9421875 0.1671875 0.0234375
3 0.7375 0.9421875 0.0296875 0.03125
17 0.5 0.9890625 0.5609375 0.0203125
3 0.275 0.040625 0.0328125 0.0328125
3 0.3890625 0.0421875 0.021875 0.0328125
3 0.5 0.0421875 0.0328125 0.0296875
3 0.6125 0.040625 0.03125 0.03125
3 0.725 0.0421875 0.0328125 0.0296875
14 0.275 0.009375 0.053125 0.0125
14 0.3890625 0.009375 0.0484375 0.0125
14 0.5 0.0109375 0.075 0.009375
14 0.6125 0.009375 0.0328125 0.0125
14 0.725 0.0109375 0.0375 0.009375