14 0.73125 0.934375 0.053125 0.015625
14 0.734375 0.9578125 0.0078125 0.009375
3 0.7515625 0.959375 0.015625 0.0171875
14 0.5015625 0.940625 0.246875 0.0203125
14 0.334375 0.846875 0.1875 0.0265625
14 0.2796875 0.74375 0.0765625 0.0265625
14 0.340625 0.6421875 0.2015625 0.0265625
14 0.3046875 0.540625 0.1265625 0.0265625
14 0.28125 0.4421875 0.0796875 0.0203125
14 0.3234375 0.3375 0.165625 0.0265625
14 0.375 0.2359375 0.2703125 0.0265625
14 0.371875 0.1359375 0.2625 0.0203125
14 0.275 0.009375 0.0375 0.009375
14 0.3875 0.009375 0.059375 0.0109375
14 0.5 0.0078125 0.0859375 0.0125
14 0.6109375 0.009375 0.04375 0.0109375
14 0.725 0.009375 0.0546875 0.009375
3 0.7546875 0.8484375 0.0125 0.0203125
3 0.7546875 0.746875 0.0125 0.0203125
3 0.7546875 0.6453125 0.0125 0.0203125
3 0.7546875 0.5421875 0.0125 0.0203125
3 0.7546875 0.440625 0.0125 0.0203125
3 0.7546875 0.3390625 0.0125 0.0203125
3 0.7546875 0.2375 0.0125 0.0203125
3 0.7546875 0.134375 0.0125 0.0203125
3 0.275 0.040625 0.025 0.0234375
3 0.3875 0.040625 0.0265625 0.0234375
3 0.5 0.040625 0.025 0.025
3 0.6109375 0.040625 0.0265625 0.0265625
3 0.725 0.040625 0.0265625 0.0265625
5 0.6828125 0.8484375 0.065625 0.0390625
5 0.690625 0.7484375 0.0484375 0.0609375
5 0.684375 0.6453125 0.0609375 0.05
5 0.690625 0.54375 0.0390625 0.0625
5 0.6890625 0.440625 0.0421875 0.0546875
5 0.6734375 0.340625 0.0609375 0.0625
5 0.66875 0.2375 0.0671875 0.0671875
5 0.6859375 0.1359375 0.0625 0.0515625
17 0.5 0.9890625 0.5609375 0.0203125