3 0.7078125 0.5953125 0.003125 0.00625
3 0.6234375 0.2953125 0.003125 0.00625
14 0.5703125 0.8796875 0.096875 0.0109375
14 0.634375 0.825 0.228125 0.0671875
14 0.634375 0.7234375 0.225 0.103125
14 0.603125 0.640625 0.1625 0.0328125
14 0.6109375 0.596875 0.1796875 0.0125
14 0.5703125 0.5359375 0.096875 0.0109375
14 0.628125 0.4828125 0.2125 0.0640625
14 0.628125 0.4015625 0.2125 0.059375
14 0.603125 0.340625 0.1625 0.0328125
14 0.56875 0.296875 0.09375 0.0125
14 0.5703125 0.2359375 0.0984375 0.0109375
14 0.628125 0.1828125 0.2125 0.0640625
14 0.625 0.103125 0.209375 0.0578125
14 0.290625 0.009375 0.0375 0.009375
14 0.4296875 0.009375 0.0578125 0.009375
14 0.5703125 0.009375 0.040625 0.009375
14 0.7109375 0.009375 0.0546875 0.009375
3 0.7109375 0.040625 0.028125 0.028125
5 0.5703125 0.0421875 0.0296875 0.0234375
5 0.4296875 0.040625 0.028125 0.0234375
3 0.2890625 0.0421875 0.028125 0.01875
5 0.3640625 0.1734375 0.15625 0.1421875
5 0.3625 0.4734375 0.196875 0.1421875
5 0.3640625 0.8171875 0.2015625 0.1421875
3 0.740625 0.9421875 0.0296875 0.028125
3 0.25625 0.9453125 0.0296875 0.025
17 0.5 0.9890625 0.5609375 0.0203125