15 0.646875 0.05625 0.203125 0.06875
14 0.5484375 0.121875 0.084375 0.009375
3 0.2578125 0.040625 0.0109375 0.0109375
14 0.321875 0.040625 0.034375 0.0140625
14 0.284375 0.040625 0.03125 0.0109375
14 0.309375 0.0703125 0.1109375 0.0203125
14 0.2953125 0.121875 0.084375 0.009375
3 0.4734375 0.2796875 0.021875 0.01875
3 0.7265625 0.2796875 0.021875 0.01875
5 0.6265625 0.21875 0.2421875 0.1609375
5 0.3734375 0.21875 0.2421875 0.1609375
14 0.4046875 0.35 0.3015625 0.03125
3 0.6421875 0.4484375 0.0140625 0.0125
14 0.7171875 0.446875 0.0390625 0.0171875
14 0.671875 0.446875 0.0359375 0.0125
14 0.6890625 0.478125 0.10625 0.021875
14 0.7078125 0.5125 0.1453125 0.015625
14 0.6859375 0.5421875 0.1 0.0140625
3 0.259375 0.4484375 0.0140625 0.0125
14 0.3375 0.446875 0.0421875 0.0171875
14 0.2890625 0.4484375 0.0359375 0.0125
14 0.30625 0.478125 0.1046875 0.021875
14 0.45 0.5109375 0.3140625 0.0203125
3 0.2796875 0.5125 0.0203125 0.0203125
5 0.2609375 0.5125 0.015625 0.015625
14 0.3265625 0.540625 0.146875 0.0171875
5 0.7078125 0.6921875 0.1453125 0.2390625
5 0.4328125 0.6921875 0.3609375 0.240625
14 0.44375 0.8625 0.3796875 0.03125
3 0.259375 0.9421875 0.0125 0.021875
3 0.6640625 0.9421875 0.0203125 0.021875
3 0.7375 0.9421875 0.0203125 0.01875
17 0.5 0.9890625 0.5609375 0.0203125