14 0.4046875 0.9421875 0.15 0.0203125
14 0.275 0.0109375 0.0359375 0.009375
14 0.3875 0.009375 0.03125 0.0125
14 0.5 0.0109375 0.0328125 0.009375
14 0.6125 0.0109375 0.028125 0.009375
14 0.725 0.0109375 0.0515625 0.009375
3 0.725 0.040625 0.03125 0.03125
3 0.6125 0.040625 0.028125 0.025
3 0.5 0.040625 0.0296875 0.0296875
5 0.3890625 0.040625 0.040625 0.03125
5 0.2765625 0.040625 0.0296875 0.0296875
3 0.7328125 0.3 0.0203125 0.01875
5 0.6328125 0.2 0.19375 0.2390625
3 0.4671875 0.3015625 0.0421875 0.0421875
5 0.36875 0.2015625 0.253125 0.253125
14 0.584375 0.359375 0.1546875 0.0171875
14 0.596875 0.3890625 0.1796875 0.0171875
3 0.553125 0.41875 0.0953125 0.0140625
14 0.628125 0.41875 0.0390625 0.0125
14 0.5875 0.45 0.1609375 0.0203125
14 0.56875 0.4828125 0.121875 0.0171875
14 0.5953125 0.5109375 0.1765625 0.0171875
14 0.303125 0.3890625 0.1203125 0.0171875
3 0.2890625 0.41875 0.096875 0.0140625
14 0.3578125 0.41875 0.028125 0.0125
14 0.3203125 0.45 0.1578125 0.0203125
14 0.29375 0.4828125 0.103125 0.01875
14 0.309375 0.5140625 0.1375 0.0140625
5 0.665625 0.5578125 0.0421875 0.0421875
5 0.61875 0.5578125 0.04375 0.0421875
5 0.5734375 0.5578125 0.0421875 0.0421875
5 0.528125 0.5578125 0.0421875 0.0421875
5 0.4015625 0.5578125 0.0421875 0.0421875
5 0.3546875 0.5578125 0.0421875 0.0421875
5 0.309375 0.5578125 0.0421875 0.0421875
5 0.2625 0.5578125 0.0421875 0.04375
5 0.36875 0.7171875 0.2453125 0.253125
3 0.4671875 0.8140625 0.0203125 0.01875
3 0.7328125 0.815625 0.0421875 0.0421875
5 0.6328125 0.7171875 0.253125 0.253125
14 0.7359375 0.8921875 0.046875 0.015625
3 0.6890625 0.8921875 0.0171875 0.0125
14 0.625 0.8921875 0.0390625 0.0140625
3 0.58125 0.8921875 0.0234375 0.0234375
14 0.2921875 0.890625 0.1015625 0.015625
3 0.2421875 0.940625 0.0125 0.025
3 0.3125 0.9421875 0.0171875 0.0171875
6 0.4546875 0.9421875 0.3328125 0.0484375
3 0.659375 0.9421875 0.0296875 0.025
3 0.7265625 0.9421875 0.0265625 0.0234375
17 0.5 0.9890625 0.5609375 0.0203125