14 0.525 0.175 0.44375 0.06875
14 0.540625 0.2515625 0.4140625 0.0515625
14 0.6765625 0.6703125 0.14375 0.015625
14 0.634375 0.703125 0.225 0.0203125
14 0.53125 0.7453125 0.4328125 0.0390625
14 0.546875 0.8703125 0.4 0.06875
14 0.725 0.98125 0.0578125 0.0109375
14 0.6125 0.98125 0.04375 0.009375
14 0.5 0.98125 0.0359375 0.009375
14 0.3875 0.98125 0.040625 0.0109375
14 0.275 0.98125 0.0515625 0.0109375
3 0.7234375 0.95 0.028125 0.03125
3 0.6125 0.95 0.0328125 0.028125
5 0.5 0.95 0.028125 0.03125
3 0.3875 0.95 0.0296875 0.0296875
3 0.275 0.95 0.0328125 0.0328125
3 0.7125 0.0734375 0.0125 0.021875
5 0.5 0.4765625 0.496875 0.33125
14 0.571875 0.075 0.2109375 0.01875
6 0.5 0.0734375 0.4984375 0.065625
17 0.5 0.0109375 0.5609375 0.0203125