14 0.5515625 0.059375 0.1390625 0.0203125
14 0.58125 0.1203125 0.196875 0.01875
14 0.3078125 0.1203125 0.11875 0.0171875
14 0.4359375 0.2765625 0.0734375 0.0140625
14 0.353125 0.31875 0.240625 0.0609375
14 0.35625 0.3734375 0.0609375 0.015625
14 0.4375 0.4015625 0.071875 0.0140625
14 0.3796875 0.434375 0.1859375 0.0140625
14 0.34375 0.4984375 0.1921875 0.0546875
14 0.403125 0.5453125 0.0859375 0.0125
14 0.35625 0.6765625 0.234375 0.0609375
14 0.353125 0.725 0.065625 0.015625
14 0.43125 0.753125 0.0859375 0.0140625
14 0.3796875 0.7859375 0.1859375 0.0140625
14 0.34375 0.8515625 0.1921875 0.0546875
14 0.403125 0.896875 0.0859375 0.0125
15 0.5 0.9546875 0.1296875 0.0453125
3 0.4625 0.8953125 0.021875 0.0171875
5 0.4640625 0.85 0.0171875 0.015625
5 0.4640625 0.8296875 0.021875 0.0125
3 0.43125 0.7234375 0.0796875 0.015625
3 0.4625 0.54375 0.021875 0.0171875
5 0.4640625 0.4984375 0.0171875 0.015625
5 0.4640625 0.478125 0.021875 0.0140625
3 0.43125 0.371875 0.0796875 0.015625
3 0.3203125 0.1875 0.0140625 0.0078125
3 0.4546875 0.1875 0.0140625 0.0078125
3 0.565625 0.1875 0.0140625 0.0078125
13 0.725 0.1203125 0.0546875 0.034375
3 0.74375 0.0546875 0.03125 0.025
3 0.365625 0.0578125 0.025 0.0234375
3 0.3125 0.0578125 0.0265625 0.0265625
3 0.259375 0.0578125 0.0296875 0.028125
15 0.715625 0.1859375 0.1046875 0.04375
15 0.5984375 0.1859375 0.115625 0.04375
15 0.48125 0.1859375 0.103125 0.04375
15 0.359375 0.1859375 0.1265625 0.04375
15 0.2546875 0.1859375 0.0703125 0.04375
5 0.628125 0.4046875 0.284375 0.2203125
5 0.628125 0.771875 0.284375 0.2265625
17 0.5 0.0109375 0.5609375 0.0203125