14 0.7 0.5859375 0.0796875 0.0125
14 0.7109375 0.725 0.053125 0.0125
14 0.4265625 0.396875 0.1515625 0.0171875
14 0.615625 0.396875 0.065625 0.0171875
15 0.5 0.50625 0.50625 0.059375
6 0.5 0.584375 0.50625 0.059375
6 0.5 0.725 0.50625 0.059375
14 0.7125 0.6515625 0.0796875 0.0125
14 0.725 0.7921875 0.053125 0.0125
14 0.5171875 0.8734375 0.471875 0.0375
14 0.5 0.940625 0.21875 0.0203125
14 0.7125 0.9421875 0.0515625 0.0171875
3 0.7546875 0.9421875 0.015625 0.028125
17 0.5 0.9890625 0.5609375 0.0203125