14 0.6703125 0.059375 0.084375 0.0203125
14 0.6890625 0.1140625 0.0234375 0.0171875
14 0.490625 0.1171875 0.065625 0.0203125
14 0.3 0.1171875 0.08125 0.0203125
3 0.275 0.9703125 0.03125 0.028125
3 0.3875 0.9703125 0.0296875 0.0296875
3 0.6125 0.9703125 0.03125 0.0296875
3 0.725 0.9703125 0.03125 0.028125
3 0.5 0.9703125 0.1125 0.059375
3 0.540625 0.1140625 0.0171875 0.021875
5 0.3609375 0.1140625 0.025 0.01875
3 0.234375 0.178125 0.0109375 0.0078125
14 0.2890625 0.178125 0.0859375 0.0171875
5 0.684375 0.8546875 0.1734375 0.1703125
5 0.684375 0.6046875 0.1734375 0.30625
5 0.315625 0.275 0.1734375 0.1296875
5 0.315625 0.8578125 0.1734375 0.165625
5 0.3171875 0.678125 0.171875 0.1734375
5 0.315625 0.465625 0.1734375 0.2296875
5 0.5 0.815625 0.1734375 0.246875
5 0.5 0.5671875 0.1734375 0.2296875
5 0.5 0.325 0.1734375 0.2296875
5 0.684375 0.325 0.1734375 0.2296875
3 0.6546875 0.1765625 0.0109375 0.0078125
14 0.7171875 0.1765625 0.1015625 0.015625
3 0.7359375 0.0578125 0.01875 0.01875
3 0.2546875 0.0578125 0.01875 0.025
3 0.31875 0.05625 0.0234375 0.0234375
6 0.559375 0.0578125 0.3984375 0.040625
17 0.5 0.0109375 0.5609375 0.0203125