15 0.5 0.6359375 0.1421875 0.04375
15 0.3328125 0.578125 0.0953125 0.04375
15 0.440625 0.578125 0.1 0.04375
15 0.55 0.578125 0.09375 0.04375
15 0.6609375 0.578125 0.10625 0.04375
15 0.6453125 0.521875 0.115625 0.04375
15 0.490625 0.521875 0.16875 0.04375
15 0.346875 0.521875 0.0984375 0.04375
15 0.309375 0.4640625 0.096875 0.04375
15 0.4109375 0.4640625 0.0859375 0.04375
15 0.54375 0.4640625 0.1578125 0.04375
15 0.6859375 0.4640625 0.10625 0.04375
15 0.7015625 0.4078125 0.08125 0.04375
15 0.6 0.4078125 0.1 0.04375
15 0.4671875 0.4078125 0.14375 0.04375
15 0.321875 0.4078125 0.1265625 0.04375
15 0.3484375 0.35 0.1234375 0.04375
15 0.4578125 0.35 0.075 0.04375
15 0.546875 0.35 0.078125 0.04375
15 0.6546875 0.35 0.1171875 0.04375
15 0.665625 0.29375 0.1109375 0.04375
15 0.5484375 0.29375 0.1015625 0.04375
15 0.44375 0.29375 0.0875 0.04375
15 0.3328125 0.29375 0.1109375 0.04375
3 0.265625 0.065625 0.0203125 0.015625
14 0.5 0.1546875 0.4203125 0.0859375
14 0.5 0.2359375 0.465625 0.021875
15 0.5 0.934375 0.453125 0.065625
17 0.5 0.0109375 0.5609375 0.0203125