14 0.4015625 0.875 0.0625 0.0140625
2 0.33125 0.875 0.0265625 0.028125
14 0.3984375 0.6375 0.05625 0.0171875
2 0.3328125 0.634375 0.0265625 0.0265625
14 0.4015625 0.7578125 0.0609375 0.0171875
2 0.33125 0.75625 0.028125 0.0265625
14 0.4015625 0.515625 0.065625 0.0171875
2 0.33125 0.5140625 0.028125 0.028125
14 0.396875 0.3953125 0.053125 0.0171875
2 0.33125 0.39375 0.028125 0.0265625
14 0.4015625 0.275 0.0625 0.0171875
2 0.33125 0.2734375 0.028125 0.0265625
5 0.5 0.2734375 0.4078125 0.1015625
5 0.5 0.39375 0.4078125 0.1015625
5 0.5 0.5140625 0.4078125 0.1015625
5 0.5 0.634375 0.40625 0.1015625
5 0.5 0.7546875 0.4078125 0.1015625
5 0.5 0.8625 0.4078125 0.075
15 0.5 0.95 0.15 0.06875
14 0.5 0.128125 0.3609375 0.0421875
14 0.5 0.0765625 0.34375 0.0265625