14 0.2859375 0.3625 0.06875 0.0125
14 0.2703125 0.25625 0.0390625 0.0125
15 0.5 0.625 0.509375 0.0546875
14 0.5 0.5671875 0.015625 0.009375
15 0.5 0.4578125 0.5203125 0.0546875
3 0.7265625 0.3625 0.028125 0.0234375
6 0.5 0.3625 0.5203125 0.0546875
6 0.5 0.25625 0.5203125 0.0546875
14 0.5 0.5203125 0.2109375 0.01875
14 0.284375 0.309375 0.0859375 0.015625
14 0.2640625 0.203125 0.046875 0.015625
14 0.5 0.1484375 0.2109375 0.0265625
14 0.2828125 0.0578125 0.06875 0.0171875
14 0.5 0.059375 0.071875 0.021875
17 0.5 0.0109375 0.5609375 0.0203125