14 0.5 0.140625 0.4109375 0.0296875
14 0.3921875 0.0703125 0.196875 0.0125
14 0.5 0.2046875 0.2546875 0.0484375
14 0.3734375 0.2765625 0.0859375 0.0125
14 0.628125 0.275 0.0828125 0.0125
14 0.2859375 0.490625 0.065625 0.009375
14 0.40625 0.490625 0.0828125 0.009375
14 0.5265625 0.4921875 0.0890625 0.009375
14 0.6453125 0.490625 0.0609375 0.009375
14 0.75625 0.490625 0.05 0.009375
3 0.2578125 0.0671875 0.03125 0.0328125
3 0.5140625 0.071875 0.009375 0.015625
5 0.275 0.9671875 0.0328125 0.0328125
3 0.3875 0.9671875 0.05 0.0328125
3 0.5 0.9671875 0.0375 0.0328125
3 0.6125 0.9671875 0.0328125 0.0328125
3 0.725 0.9671875 0.0328125 0.0328125
5 0.5 0.7640625 0.5203125 0.3390625
5 0.2859375 0.41875 0.10625 0.10625
5 0.40625 0.41875 0.10625 0.10625
5 0.5265625 0.41875 0.10625 0.10625
5 0.6453125 0.41875 0.10625 0.10625
5 0.746875 0.41875 0.06875 0.10625
17 0.5 0.0109375 0.5609375 0.0203125