14 0.6265625 0.8859375 0.1703125 0.021875
5 0.3640625 0.1140625 0.2484375 0.0953125
17 0.5 0.9890625 0.5609375 0.0203125
14 0.5 0.940625 0.2234375 0.021875
14 0.6625 0.5734375 0.1890625 0.015625
14 0.734375 0.5484375 0.0453125 0.0140625
14 0.4421875 0.575 0.0890625 0.0125
14 0.465625 0.5484375 0.0421875 0.0140625
14 0.665625 0.2328125 0.18125 0.015625
14 0.734375 0.20625 0.0453125 0.0140625
14 0.4171875 0.2328125 0.1390625 0.015625
14 0.4640625 0.20625 0.0453125 0.0140625
14 0.725 0.009375 0.0484375 0.0125
14 0.6125 0.0109375 0.04375 0.009375
14 0.5 0.0109375 0.0578125 0.0109375
14 0.3875 0.0109375 0.0265625 0.009375
14 0.275 0.0109375 0.0171875 0.009375
3 0.5390625 0.5609375 0.034375 0.028125
3 0.26875 0.5609375 0.034375 0.028125
3 0.5390625 0.2203125 0.0359375 0.0296875
3 0.26875 0.2203125 0.0359375 0.028125
3 0.2765625 0.040625 0.0234375 0.028125
3 0.390625 0.040625 0.034375 0.0328125
3 0.5 0.040625 0.034375 0.028125
3 0.6140625 0.040625 0.03125 0.0328125
3 0.725 0.040625 0.0265625 0.0296875
3 0.75625 0.9421875 0.015625 0.028125
3 0.7328125 0.8875 0.0203125 0.0203125
6 0.5 0.8875 0.5078125 0.0484375
5 0.3640625 0.71875 0.2484375 0.2453125
5 0.6359375 0.71875 0.2484375 0.2453125
5 0.6359375 0.3796875 0.2484375 0.2484375
5 0.3640625 0.3796875 0.2484375 0.2484375
5 0.6359375 0.1140625 0.2484375 0.0953125