14 0.7046875 0.496875 0.1046875 0.01875
14 0.7296875 0.5984375 0.05625 0.0171875
14 0.7046875 0.7 0.1078125 0.01875
3 0.7375 0.9421875 0.0359375 0.0203125
14 0.6296875 0.88125 0.2578125 0.0234375
14 0.6390625 0.8375 0.2390625 0.0203125
14 0.5234375 0.8 0.471875 0.0390625
14 0.265625 0.490625 0.046875 0.009375
14 0.5 0.4375 0.3421875 0.0125
6 0.5 0.690625 0.51875 0.034375
6 0.5 0.590625 0.51875 0.034375
6 0.5 0.4890625 0.51875 0.034375
15 0.5 0.0546875 0.51875 0.065625
17 0.5 0.9890625 0.5609375 0.0203125