14 0.5 0.071875 0.26875 0.01875
14 0.5 0.4859375 0.3515625 0.021875
14 0.5 0.5359375 0.4296875 0.0453125
14 0.5 0.6046875 0.11875 0.0125
14 0.725 0.990625 0.0671875 0.009375
14 0.6125 0.990625 0.0484375 0.009375
14 0.5 0.990625 0.05 0.009375
14 0.3875 0.990625 0.0515625 0.009375
14 0.275 0.990625 0.078125 0.009375
3 0.2765625 0.959375 0.0359375 0.0328125
3 0.3890625 0.959375 0.025 0.034375
3 0.5 0.959375 0.034375 0.028125
5 0.6125 0.959375 0.0375 0.0390625
3 0.725 0.959375 0.0390625 0.0390625
5 0.5 0.371875 0.109375 0.125
17 0.5 0.0109375 0.5609375 0.0203125