3 0.275 0.959375 0.03125 0.0296875
3 0.3875 0.9609375 0.0359375 0.0234375
5 0.5 0.959375 0.028125 0.0359375
3 0.6125 0.95625 0.0328125 0.0328125
5 0.725 0.9578125 0.040625 0.0296875
14 0.725 0.9875 0.040625 0.0109375
14 0.6125 0.9875 0.0234375 0.0109375
14 0.5 0.9875 0.040625 0.0109375
14 0.3875 0.9875 0.0390625 0.0125
14 0.275 0.9875 0.040625 0.0109375
14 0.48125 0.515625 0.45625 0.01875
14 0.35 0.471875 0.196875 0.025
3 0.734375 0.0578125 0.0234375 0.0234375
14 0.4515625 0.05625 0.0515625 0.015625
14 0.315625 0.059375 0.0609375 0.0203125
3 0.2578125 0.0578125 0.0328125 0.021875
3 0.396875 0.0578125 0.0328125 0.021875
15 0.325 0.571875 0.146875 0.04375
15 0.6703125 0.8734375 0.1796875 0.0765625
5 0.5 0.790625 0.540625 0.2859375
5 0.5 0.2703125 0.540625 0.325
17 0.5 0.0109375 0.5609375 0.0203125