14 0.50625 0.0703125 0.1578125 0.01875
5 0.50625 0.2203125 0.5203125 0.371875
14 0.628125 0.434375 0.2453125 0.0234375
3 0.4359375 0.53125 0.1109375 0.015625
14 0.2890625 0.503125 0.0546875 0.015625
14 0.2984375 0.5296875 0.071875 0.0109375
14 0.390625 0.5625 0.203125 0.0171875
14 0.3953125 0.5890625 0.19375 0.0171875
5 0.375 0.7109375 0.25 0.203125
14 0.55625 0.503125 0.0546875 0.015625
14 0.565625 0.5296875 0.071875 0.0109375
3 0.703125 0.53125 0.1109375 0.015625
14 0.6609375 0.5625 0.19375 0.015625
14 0.6484375 0.5890625 0.2203125 0.015625
5 0.64375 0.7125 0.25 0.203125
15 0.2734375 0.846875 0.0828125 0.040625
14 0.553125 0.846875 0.396875 0.0234375
3 0.746875 0.9421875 0.0125 0.0265625
14 0.4984375 0.940625 0.16875 0.0234375
3 0.271875 0.9421875 0.025 0.0234375
3 0.33125 0.9421875 0.0265625 0.0234375
17 0.5 0.9890625 0.5609375 0.0203125