14 0.275 0.990625 0.1 0.009375
14 0.3875 0.990625 0.09375 0.0125
14 0.5 0.990625 0.028125 0.009375
14 0.6109375 0.9890625 0.04375 0.009375
14 0.725 0.9890625 0.040625 0.0109375
3 0.725 0.959375 0.025 0.025
3 0.6109375 0.959375 0.0296875 0.0265625
3 0.5 0.959375 0.03125 0.03125
3 0.3875 0.959375 0.0265625 0.0265625
3 0.275 0.959375 0.0265625 0.01875
15 0.5 0.6 0.5078125 0.0671875
14 0.5 0.459375 0.4703125 0.140625
14 0.5 0.34375 0.40625 0.0578125
5 0.5 0.0578125 0.0421875 0.0375
5 0.7390625 0.0578125 0.028125 0.028125
17 0.5 0.0109375 0.5609375 0.0203125