3 0.6515625 0.9265625 0.01875 0.01875
14 0.2859375 0.928125 0.0484375 0.0171875
17 0.5 0.9890625 0.5609375 0.0203125
14 0.725 0.928125 0.065625 0.015625
14 0.3140625 0.484375 0.0453125 0.01875
14 0.44375 0.484375 0.0671875 0.015625
14 0.5890625 0.484375 0.0546875 0.015625
14 0.715625 0.484375 0.065625 0.015625
14 0.359375 0.4 0.2375 0.0828125
14 0.628125 0.4296875 0.2359375 0.0234375
14 0.5859375 0.396875 0.04375 0.0140625
14 0.6296875 0.3703125 0.125 0.0140625
14 0.3625 0.33125 0.134375 0.0140625
14 0.3578125 0.30625 0.125 0.0140625
14 0.275 0.009375 0.0375 0.0125
14 0.3875 0.0109375 0.0421875 0.0109375
14 0.5 0.0109375 0.0421875 0.0109375
14 0.6109375 0.009375 0.059375 0.0125
14 0.725 0.0109375 0.0390625 0.0109375
15 0.3640625 0.840625 0.25 0.04375
15 0.6359375 0.840625 0.25 0.04375
3 0.2703125 0.4828125 0.028125 0.025
3 0.540625 0.484375 0.028125 0.025
3 0.275 0.04375 0.034375 0.034375
3 0.3875 0.04375 0.0328125 0.0296875
3 0.5 0.0421875 0.034375 0.034375
3 0.6125 0.0421875 0.0265625 0.034375
3 0.725 0.0421875 0.0265625 0.0328125
6 0.45625 0.928125 0.43125 0.0671875
5 0.3640625 0.625 0.25 0.3328125
5 0.6359375 0.625 0.25 0.3328125
5 0.2609375 0.3171875 0.04375 0.04375
5 0.53125 0.3828125 0.04375 0.04375
5 0.3640625 0.1671875 0.25 0.2015625
5 0.6359375 0.16875 0.25 0.2015625