3 0.4625 0.1109375 0.021875 0.0171875
14 0.5515625 0.940625 0.1515625 0.0203125
14 0.58125 0.878125 0.196875 0.0171875
14 0.3078125 0.8796875 0.1203125 0.0171875
14 0.359375 0.68125 0.228125 0.0640625
14 0.359375 0.63125 0.053125 0.015625
14 0.4296875 0.60625 0.0859375 0.0125
14 0.4359375 0.584375 0.0734375 0.0140625
14 0.3578125 0.5203125 0.165625 0.05625
14 0.403125 0.4734375 0.0859375 0.0125
14 0.3546875 0.315625 0.2390625 0.0609375
14 0.3625 0.2671875 0.046875 0.015625
14 0.4296875 0.2421875 0.0875 0.0109375
14 0.4375 0.221875 0.071875 0.0140625
14 0.3578125 0.15625 0.165625 0.0546875
14 0.403125 0.1109375 0.0859375 0.0125
15 0.5 0.0453125 0.13125 0.0453125
5 0.4640625 0.15625 0.0234375 0.0140625
5 0.4640625 0.1765625 0.021875 0.0125
3 0.43125 0.26875 0.0796875 0.015625
3 0.4625 0.475 0.021875 0.0171875
5 0.4640625 0.5203125 0.0234375 0.0140625
5 0.4640625 0.540625 0.021875 0.0140625
3 0.43125 0.6328125 0.0796875 0.015625
3 0.31875 0.8125 0.0140625 0.0078125
3 0.4484375 0.8125 0.0140625 0.0078125
3 0.5578125 0.8125 0.0140625 0.0078125
13 0.725 0.88125 0.0546875 0.034375
3 0.74375 0.9453125 0.0296875 0.025
3 0.365625 0.9421875 0.025 0.0234375
3 0.3125 0.9421875 0.0265625 0.0265625
3 0.259375 0.9421875 0.0296875 0.028125
15 0.7078125 0.8140625 0.1046875 0.04375
15 0.5921875 0.8140625 0.115625 0.04375
15 0.475 0.8140625 0.103125 0.04375
15 0.3546875 0.8140625 0.1203125 0.04375
15 0.253125 0.8140625 0.06875 0.04375
5 0.628125 0.5953125 0.284375 0.1796875
5 0.628125 0.228125 0.284375 0.1796875
17 0.5 0.9890625 0.5609375 0.0203125