5 0.7703125 0.765625 0.021875 0.1578125
5 0.7703125 0.4984375 0.021875 0.1578125
5 0.7703125 0.2328125 0.021875 0.1578125
3 0.275 0.959375 0.03125 0.0296875
3 0.3875 0.9609375 0.034375 0.0234375
5 0.5 0.959375 0.028125 0.0359375
3 0.6125 0.95625 0.0328125 0.0328125
5 0.725 0.9578125 0.040625 0.0296875
14 0.725 0.9875 0.040625 0.0109375
14 0.6125 0.9875 0.0234375 0.0125
14 0.5 0.9875 0.040625 0.0109375
14 0.3875 0.9875 0.0390625 0.0109375
14 0.275 0.9875 0.0390625 0.0109375
14 0.29375 0.9203125 0.10625 0.0109375
14 0.7203125 0.91875 0.078125 0.015625
14 0.7203125 0.6515625 0.078125 0.015625
14 0.2625 0.6546875 0.0421875 0.0109375
14 0.31875 0.3875 0.1546875 0.0109375
14 0.7203125 0.3859375 0.078125 0.015625
14 0.5 0.0578125 0.0890625 0.0171875
14 0.7203125 0.1203125 0.078125 0.0140625
14 0.303125 0.121875 0.1265625 0.0109375
5 0.61875 0.765625 0.2375 0.1578125
5 0.359375 0.765625 0.2375 0.1578125
5 0.359375 0.5 0.2375 0.1578125
5 0.61875 0.5 0.2375 0.1578125
5 0.61875 0.2328125 0.2375 0.1578125
5 0.359375 0.2328125 0.2375 0.1578125
17 0.5 0.0109375 0.5609375 0.0203125