15 0.353125 0.94375 0.203125 0.06875
14 0.4515625 0.878125 0.084375 0.009375
3 0.7421875 0.959375 0.0109375 0.0109375
14 0.678125 0.959375 0.034375 0.0140625
14 0.715625 0.959375 0.03125 0.0109375
14 0.690625 0.9296875 0.1109375 0.0203125
14 0.7046875 0.878125 0.084375 0.009375
3 0.5265625 0.7203125 0.021875 0.01875
3 0.2734375 0.7203125 0.021875 0.01875
5 0.3734375 0.78125 0.2421875 0.1609375
5 0.6265625 0.78125 0.2421875 0.1609375
14 0.5953125 0.65 0.3015625 0.03125
3 0.3578125 0.5515625 0.0140625 0.0125
14 0.2828125 0.553125 0.0390625 0.0171875
14 0.328125 0.553125 0.0359375 0.0125
14 0.3109375 0.521875 0.10625 0.021875
14 0.2921875 0.4875 0.1453125 0.015625
14 0.3140625 0.4578125 0.1 0.0140625
3 0.740625 0.5515625 0.0140625 0.0125
14 0.6625 0.553125 0.0421875 0.0171875
14 0.7109375 0.5515625 0.0359375 0.0125
14 0.69375 0.521875 0.1046875 0.021875
14 0.55 0.4890625 0.3140625 0.0203125
3 0.7203125 0.4875 0.0203125 0.0203125
5 0.7390625 0.4875 0.015625 0.015625
14 0.6734375 0.459375 0.146875 0.0171875
5 0.2921875 0.3078125 0.1453125 0.2390625
5 0.5671875 0.3078125 0.3609375 0.240625
14 0.55625 0.1375 0.3796875 0.03125
3 0.740625 0.0578125 0.0125 0.021875
3 0.3359375 0.0578125 0.0203125 0.021875
3 0.2625 0.0578125 0.0203125 0.01875
17 0.5 0.0109375 0.5609375 0.0203125