14 0.4203125 0.0765625 0.1953125 0.0203125
14 0.275 0.98125 0.0578125 0.009375
14 0.3875 0.98125 0.04375 0.009375
14 0.5 0.98125 0.0359375 0.009375
14 0.6125 0.98125 0.040625 0.009375
14 0.725 0.98125 0.0515625 0.009375
3 0.725 0.95 0.03125 0.0328125
3 0.6125 0.95 0.0296875 0.028125
5 0.5 0.95 0.028125 0.03125
3 0.3875 0.95 0.0328125 0.028125
3 0.275 0.95 0.028125 0.03125
15 0.5 0.8828125 0.4953125 0.0640625
3 0.5453125 0.7953125 0.071875 0.0125
14 0.6 0.796875 0.025 0.0109375
14 0.575 0.771875 0.128125 0.01875
14 0.5609375 0.7453125 0.1015625 0.015625
14 0.625 0.71875 0.23125 0.0140625
14 0.5375 0.696875 0.0578125 0.009375
3 0.2890625 0.7703125 0.0734375 0.0125
14 0.3390625 0.771875 0.015625 0.0109375
14 0.3171875 0.7484375 0.128125 0.0203125
14 0.3546875 0.7203125 0.203125 0.0140625
14 0.3078125 0.696875 0.1109375 0.0109375
3 0.7265625 0.540625 0.021875 0.01875
5 0.628125 0.6 0.2390625 0.159375
3 0.4703125 0.540625 0.021875 0.01875
5 0.371875 0.6 0.2390625 0.159375
3 0.5453125 0.4765625 0.0734375 0.0140625
14 0.596875 0.4765625 0.0171875 0.0109375
14 0.575 0.453125 0.128125 0.01875
14 0.5765625 0.425 0.1328125 0.0140625
14 0.6171875 0.403125 0.2171875 0.0171875
14 0.54375 0.378125 0.06875 0.009375
3 0.2890625 0.4765625 0.0734375 0.0125
14 0.3453125 0.478125 0.0265625 0.0125
14 0.3171875 0.453125 0.1296875 0.0203125
14 0.321875 0.425 0.1375 0.0140625
14 0.325 0.4015625 0.1453125 0.01875
14 0.2859375 0.378125 0.06875 0.009375
3 0.4703125 0.221875 0.021875 0.01875
3 0.7265625 0.221875 0.021875 0.01875
5 0.628125 0.28125 0.2390625 0.159375
5 0.371875 0.28125 0.2390625 0.159375
14 0.4203125 0.15 0.33125 0.03125
3 0.2875 0.0734375 0.0203125 0.0203125
6 0.5 0.0734375 0.496875 0.0640625
17 0.5 0.0109375 0.5609375 0.0203125