14 0.4984375 0.2 0.1875 0.0203125
3 0.740625 0.859375 0.0125 0.025
3 0.740625 0.778125 0.0125 0.025
3 0.740625 0.6953125 0.0125 0.025
3 0.740625 0.6140625 0.0125 0.025
3 0.740625 0.5328125 0.0125 0.025
3 0.740625 0.4515625 0.0125 0.025
3 0.740625 0.3703125 0.0125 0.025
3 0.740625 0.2875 0.0125 0.0234375
14 0.3640625 0.8609375 0.0765625 0.0234375
14 0.375 0.775 0.1 0.0171875
14 0.3875 0.69375 0.125 0.0171875
14 0.378125 0.615625 0.1046875 0.0234375
14 0.3828125 0.534375 0.1140625 0.0234375
14 0.3984375 0.45 0.14375 0.0171875
14 0.40625 0.36875 0.1609375 0.0171875
14 0.359375 0.2875 0.065625 0.0171875
3 0.7109375 0.965625 0.034375 0.0078125
3 0.5703125 0.965625 0.0375 0.0375
3 0.4296875 0.965625 0.03125 0.0375
3 0.2890625 0.965625 0.0390625 0.0375
3 0.271875 0.8578125 0.0375 0.0359375
3 0.271875 0.7765625 0.0375 0.0375
3 0.271875 0.6953125 0.0375 0.025
3 0.271875 0.6125 0.0375 0.0390625
3 0.271875 0.53125 0.0375 0.0359375
3 0.271875 0.45 0.0375 0.0359375
3 0.271875 0.36875 0.03125 0.0375
3 0.271875 0.2875 0.0375 0.0375
17 0.5 0.0109375 0.5609375 0.0203125
5 0.5 0.1234375 0.5609375 0.24375