3 0.2453125 0.0578125 0.0171875 0.028125
14 0.2828125 0.0578125 0.0421875 0.0171875
14 0.5 0.059375 0.13125 0.0203125
14 0.728125 0.059375 0.0515625 0.0171875
14 0.3625 0.1171875 0.2296875 0.01875
2 0.7421875 0.1625 0.0265625 0.0265625
14 0.3078125 0.165625 0.1171875 0.0203125
2 0.7421875 0.21875 0.028125 0.0265625
14 0.28125 0.2203125 0.065625 0.0171875
2 0.7421875 0.2765625 0.0265625 0.025
14 0.321875 0.2796875 0.1484375 0.021875
2 0.740625 0.3328125 0.025 0.0265625
14 0.3203125 0.3375 0.146875 0.021875
2 0.7421875 0.390625 0.0265625 0.0265625
14 0.2671875 0.390625 0.0375 0.0171875
14 0.2984375 0.440625 0.103125 0.0171875
14 0.3234375 0.5328125 0.15 0.0203125
2 0.7421875 0.5734375 0.0265625 0.028125
14 0.328125 0.5765625 0.1625 0.021875
2 0.7421875 0.63125 0.0265625 0.028125
14 0.2765625 0.6328125 0.05625 0.015625
2 0.7421875 0.6875 0.028125 0.0265625
14 0.2765625 0.6890625 0.0578125 0.0171875
2 0.7421875 0.7453125 0.0265625 0.0265625
14 0.3 0.7453125 0.1046875 0.0171875
2 0.7421875 0.803125 0.0265625 0.028125
14 0.2828125 0.80625 0.071875 0.0203125
15 0.5 0.88125 0.509375 0.075
3 0.2765625 0.959375 0.0296875 0.028125
3 0.725 0.959375 0.0265625 0.0265625
3 0.3875 0.959375 0.0265625 0.0234375
3 0.5 0.959375 0.0265625 0.0234375
3 0.6125 0.959375 0.0265625 0.0203125
14 0.6125 0.984375 0.0359375 0.0125
14 0.3875 0.9859375 0.046875 0.0125
14 0.5 0.9875 0.0328125 0.015625
14 0.725 0.9859375 0.0578125 0.0109375
14 0.275 0.9859375 0.040625 0.0109375
17 0.5 0.0109375 0.5609375 0.0203125