14 0.3015625 0.940625 0.0828125 0.021875
14 0.5 0.9421875 0.096875 0.0171875
14 0.3765625 0.8578125 0.259375 0.0125
14 0.3734375 0.8125 0.13125 0.0171875
14 0.428125 0.784375 0.2421875 0.015625
14 0.35 0.6828125 0.2046875 0.0171875
14 0.3484375 0.6234375 0.203125 0.0171875
14 0.7140625 0.6828125 0.03125 0.0171875
14 0.7140625 0.621875 0.03125 0.0171875
14 0.3265625 0.5625 0.15625 0.0171875
14 0.359375 0.503125 0.225 0.0171875
14 0.271875 0.440625 0.05 0.021875
14 0.621875 0.44375 0.2140625 0.0171875
14 0.346875 0.384375 0.196875 0.0171875
14 0.321875 0.3234375 0.1484375 0.0171875
14 0.334375 0.2640625 0.171875 0.0171875
14 0.359375 0.203125 0.2203125 0.021875
14 0.7 0.2640625 0.059375 0.0171875
3 0.2453125 0.9421875 0.0171875 0.028125
5 0.265625 0.8 0.0390625 0.0390625
3 0.7484375 0.7984375 0.0109375 0.0171875
3 0.7484375 0.6828125 0.0109375 0.0171875
3 0.7484375 0.6234375 0.0109375 0.0171875
13 0.7203125 0.5640625 0.06875 0.0421875
13 0.71875 0.503125 0.06875 0.0421875
3 0.7484375 0.44375 0.0109375 0.0171875
3 0.7484375 0.384375 0.0109375 0.0171875
3 0.7484375 0.325 0.0109375 0.0171875
3 0.7484375 0.265625 0.0109375 0.0171875
13 0.7203125 0.2046875 0.06875 0.0421875
17 0.5 0.9890625 0.5609375 0.0203125