14 0.296875 0.5703125 0.1015625 0.0109375
14 0.321875 0.49375 0.1484375 0.0109375
14 0.5 0.9421875 0.4546875 0.0671875
15 0.5 0.8515625 0.5296875 0.06875
14 0.7 0.6140625 0.1046875 0.0140625
14 0.3078125 0.6140625 0.11875 0.0140625
6 0.5 0.5765625 0.5078125 0.0234375
6 0.5 0.5 0.5078125 0.0234375
14 0.5 0.3296875 0.2828125 0.0359375
10 0.5 0.365625 0.034375 0.00625
3 0.2546875 0.053125 0.015625 0.0265625
5 0.5 0.1953125 0.2 0.209375
14 0.4984375 0.3984375 0.2890625 0.0125
17 0.5 0.0109375 0.5609375 0.0203125