14 0.346875 0.5484375 0.196875 0.0203125
14 0.3484375 0.6421875 0.2 0.0203125
6 0.5 0.540625 0.5078125 0.034375
6 0.5 0.6359375 0.5078125 0.034375
3 0.25625 0.9453125 0.0203125 0.0203125
15 0.5 0.0640625 0.5078125 0.08125
14 0.5 0.3546875 0.315625 0.04375
14 0.5 0.4453125 0.2734375 0.0171875
14 0.2890625 0.50625 0.0828125 0.009375
14 0.2890625 0.6015625 0.0828125 0.009375
14 0.4078125 0.703125 0.321875 0.0125
14 0.35 0.8625 0.2078125 0.0125
15 0.365625 0.7984375 0.240625 0.0625
15 0.634375 0.7984375 0.240625 0.0625
17 0.5 0.9890625 0.5609375 0.0203125