14 0.553125 0.3671875 0.4109375 0.0625
14 0.6296875 0.2875 0.25625 0.0171875
14 0.63125 0.221875 0.2546875 0.0140625
14 0.7015625 0.015625 0.04375 0.0109375
14 0.5671875 0.015625 0.0515625 0.0109375
14 0.4328125 0.015625 0.034375 0.009375
14 0.2984375 0.015625 0.065625 0.009375
3 0.2984375 0.0421875 0.028125 0.025
3 0.4328125 0.040625 0.021875 0.0265625
3 0.5671875 0.0421875 0.021875 0.0265625
5 0.7 0.0421875 0.03125 0.0203125
3 0.709375 0.11875 0.040625 0.040625
3 0.584375 0.1171875 0.040625 0.034375
3 0.4609375 0.1171875 0.040625 0.040625
5 0.5 0.7078125 0.5609375 0.540625
17 0.5 0.9890625 0.5609375 0.0203125