14 0.7359375 0.6203125 0.0515625 0.0203125
14 0.4640625 0.6203125 0.0515625 0.0203125
3 0.7453125 0.05625 0.015625 0.028125
3 0.271875 0.059375 0.03125 0.03125
14 0.5 0.05625 0.2046875 0.0203125
15 0.359375 0.1140625 0.2796875 0.0546875
3 0.6 0.1140625 0.0140625 0.00625
15 0.640625 0.1140625 0.28125 0.0546875
3 0.5234375 0.6171875 0.0265625 0.0265625
3 0.25 0.6171875 0.0265625 0.0265625
14 0.3875 0.659375 0.2046875 0.0390625
15 0.3625 0.5703125 0.2546875 0.040625
15 0.6359375 0.5703125 0.2546875 0.040625
14 0.6578125 0.6484375 0.2078125 0.0171875
5 0.6359375 0.8453125 0.2546875 0.3078125
5 0.3625 0.8453125 0.2546875 0.3078125
5 0.3625 0.3578125 0.2546875 0.38125
5 0.6359375 0.3578125 0.2546875 0.38125
17 0.5 0.0109375 0.5609375 0.0203125