14 0.384375 0.4328125 0.2 0.0171875
14 0.3359375 0.4984375 0.1109375 0.0171875
14 0.3203125 0.565625 0.0859375 0.0171875
14 0.340625 0.6328125 0.121875 0.0171875
14 0.3359375 0.7 0.1 0.01875
14 0.3140625 0.765625 0.065625 0.0171875
14 0.3296875 0.83125 0.0984375 0.0171875
14 0.3140625 0.8953125 0.0625 0.0203125
14 0.7390625 0.940625 0.05 0.0171875
14 0.6984375 0.0296875 0.1140625 0.0125
14 0.30625 0.0265625 0.046875 0.01875
3 0.253125 0.0296875 0.01875 0.015625
5 0.2546875 0.5 0.021875 0.01875
3 0.253125 0.565625 0.01875 0.01875
5 0.2546875 0.6328125 0.021875 0.0234375
3 0.2578125 0.7 0.0265625 0.01875
5 0.2546875 0.765625 0.021875 0.028125
3 0.2546875 0.8328125 0.021875 0.028125
3 0.253125 0.8984375 0.01875 0.015625
17 0.5 0.9875 0.5609375 0.0234375