3 0.2609375 0.8703125 0.01875 0.01875
14 0.5 0.8703125 0.0609375 0.0171875
14 0.3 0.796875 0.0953125 0.0171875
2 0.7328125 0.771875 0.028125 0.0296875
14 0.4140625 0.7546875 0.3234375 0.04375
14 0.3015625 0.6859375 0.0984375 0.0171875
2 0.7328125 0.6609375 0.0296875 0.028125
14 0.4296875 0.64375 0.353125 0.0421875
14 0.29375 0.575 0.0828125 0.015625
2 0.734375 0.5484375 0.0296875 0.028125
14 0.4359375 0.53125 0.3671875 0.0421875
14 0.4015625 0.378125 0.29375 0.034375
2 0.7328125 0.309375 0.0296875 0.028125
14 0.2875 0.309375 0.0671875 0.021875
2 0.734375 0.2484375 0.0296875 0.0296875
14 0.2859375 0.2484375 0.065625 0.0171875
2 0.7328125 0.1859375 0.0296875 0.0296875
14 0.2921875 0.1859375 0.0796875 0.0171875
14 0.2859375 0.125 0.06875 0.0171875
15 0.653125 0.046875 0.2109375 0.0609375
14 0.2875 0.046875 0.06875 0.0140625
17 0.5 0.9890625 0.5609375 0.0203125