14 0.5796875 0.0765625 0.1953125 0.0203125
14 0.725 0.98125 0.0578125 0.009375
14 0.6125 0.98125 0.04375 0.009375
14 0.5 0.98125 0.0359375 0.009375
14 0.3875 0.98125 0.040625 0.009375
14 0.275 0.98125 0.0515625 0.0109375
3 0.275 0.95 0.03125 0.0328125
3 0.3875 0.95 0.0296875 0.0296875
5 0.5 0.95 0.028125 0.03125
3 0.6125 0.95 0.0328125 0.028125
3 0.7234375 0.95 0.0265625 0.0296875
15 0.5 0.88125 0.496875 0.065625
3 0.4546875 0.79375 0.0734375 0.0125
14 0.4046875 0.7953125 0.0171875 0.0109375
14 0.4265625 0.7703125 0.1265625 0.0203125
14 0.3921875 0.74375 0.196875 0.01875
14 0.4109375 0.71875 0.1609375 0.0140625
14 0.45625 0.6953125 0.06875 0.009375
3 0.7109375 0.7703125 0.0734375 0.0125
14 0.659375 0.7703125 0.0171875 0.0109375
14 0.6828125 0.746875 0.1296875 0.0203125
14 0.6375 0.71875 0.2203125 0.0140625
14 0.6984375 0.6953125 0.1 0.009375
3 0.5296875 0.5390625 0.021875 0.01875
3 0.2734375 0.5390625 0.021875 0.01875
5 0.371875 0.5984375 0.2390625 0.159375
5 0.628125 0.5984375 0.2390625 0.159375
3 0.4546875 0.475 0.0734375 0.0125
14 0.403125 0.4765625 0.0171875 0.0109375
14 0.4265625 0.4515625 0.1265625 0.01875
14 0.45 0.4234375 0.08125 0.0140625
14 0.4125 0.3984375 0.15625 0.0140625
14 0.440625 0.3765625 0.1 0.009375
3 0.7125 0.475 0.0734375 0.0140625
14 0.65625 0.4765625 0.025 0.0125
14 0.684375 0.4515625 0.1265625 0.0203125
14 0.703125 0.4234375 0.0875 0.0140625
14 0.6328125 0.4 0.23125 0.0171875
14 0.709375 0.3765625 0.078125 0.009375
3 0.5296875 0.2203125 0.021875 0.01875
3 0.2734375 0.2203125 0.021875 0.01875
5 0.371875 0.2796875 0.2390625 0.159375
5 0.628125 0.2796875 0.2390625 0.159375
14 0.5859375 0.1484375 0.3203125 0.03125
3 0.7125 0.0734375 0.0203125 0.0203125
6 0.5 0.0734375 0.4984375 0.065625
14 0.5 0.0109375 0.5609375 0.0203125