15 0.646875 0.94375 0.203125 0.0671875
3 0.2578125 0.959375 0.0109375 0.0109375
14 0.321875 0.959375 0.034375 0.015625
14 0.284375 0.959375 0.03125 0.0109375
14 0.309375 0.9296875 0.1109375 0.0203125
14 0.35 0.80625 0.190625 0.0234375
14 0.3625 0.70625 0.2203125 0.0234375
14 0.3453125 0.6078125 0.1875 0.0234375
3 0.7421875 0.803125 0.0125 0.021875
3 0.7421875 0.7046875 0.0125 0.021875
3 0.74375 0.6046875 0.0125 0.021875
3 0.7421875 0.46875 0.0125 0.021875
14 0.38125 0.509375 0.2546875 0.0140625
14 0.3578125 0.471875 0.209375 0.0234375
3 0.7421875 0.3703125 0.0125 0.021875
14 0.3171875 0.3703125 0.1265625 0.01875
14 0.71875 0.271875 0.0546875 0.0171875
14 0.69375 0.2375 0.10625 0.01875
14 0.3078125 0.2703125 0.109375 0.0171875
14 0.3015625 0.2375 0.096875 0.0171875
14 0.3453125 0.1671875 0.184375 0.025
3 0.259375 0.0578125 0.0125 0.0203125
3 0.6640625 0.0578125 0.0203125 0.021875
3 0.7375 0.0578125 0.021875 0.01875
17 0.5 0.0109375 0.5609375 0.0203125