17 0.5 0.9890625 0.5609375 0.0203125
3 0.2453125 0.9421875 0.0171875 0.028125
14 0.5015625 0.9421875 0.334375 0.0171875
14 0.734375 0.88125 0.040625 0.0125
14 0.3234375 0.8828125 0.153125 0.0125
14 0.4546875 0.796875 0.0390625 0.0125
14 0.4859375 0.7625 0.1 0.0171875
14 0.5046875 0.715625 0.134375 0.028125
14 0.5109375 0.6765625 0.1515625 0.0171875
14 0.5921875 0.6453125 0.0265625 0.0125
14 0.45625 0.5578125 0.0375 0.0125
14 0.4859375 0.525 0.1 0.0171875
14 0.5046875 0.478125 0.134375 0.028125
14 0.4921875 0.4390625 0.1109375 0.0171875
14 0.5921875 0.40625 0.028125 0.0125
14 0.53125 0.31875 0.1875 0.0125
14 0.4859375 0.2875 0.1 0.015625
14 0.5046875 0.2390625 0.134375 0.028125
14 0.4921875 0.2015625 0.1109375 0.0171875
14 0.590625 0.16875 0.0265625 0.0125
14 0.45625 0.08125 0.0375 0.0125
5 0.3296875 0.25 0.1515625 0.140625
5 0.3296875 0.4890625 0.146875 0.090625
5 0.3296875 0.728125 0.1484375 0.10625
3 0.503125 0.6453125 0.13125 0.021875
3 0.503125 0.40625 0.13125 0.021875
3 0.503125 0.16875 0.13125 0.021875
3 0.7109375 0.0265625 0.021875 0.028125
3 0.571875 0.0359375 0.0296875 0.0296875
5 0.4296875 0.034375 0.040625 0.025
5 0.2890625 0.0328125 0.040625 0.025