14 0.3765625 0.0734375 0.1078125 0.015625
14 0.275 0.98125 0.0578125 0.009375
14 0.3875 0.98125 0.04375 0.009375
14 0.5 0.98125 0.0359375 0.009375
14 0.6125 0.98125 0.040625 0.009375
14 0.725 0.98125 0.0515625 0.009375
3 0.725 0.95 0.0328125 0.0328125
3 0.6125 0.95 0.0296875 0.0296875
5 0.5 0.95 0.028125 0.03125
3 0.3875 0.95 0.0328125 0.028125
3 0.2765625 0.95 0.0265625 0.0296875
15 0.5 0.8796875 0.4953125 0.0640625
14 0.5390625 0.69375 0.0609375 0.009375
14 0.5828125 0.71875 0.1453125 0.0171875
14 0.5625 0.7421875 0.1046875 0.0171875
14 0.571875 0.76875 0.1265625 0.01875
3 0.2875 0.7921875 0.0734375 0.0125
14 0.3375 0.79375 0.0125 0.0109375
14 0.315625 0.76875 0.125 0.01875
14 0.309375 0.7421875 0.1140625 0.01875
14 0.3671875 0.71875 0.228125 0.0171875
14 0.296875 0.69375 0.0890625 0.0109375
14 0.5578125 0.375 0.096875 0.009375
14 0.58125 0.396875 0.1421875 0.0140625
14 0.6125 0.4234375 0.20625 0.0171875
14 0.578125 0.45 0.1375 0.0203125
14 0.5921875 0.4734375 0.0078125 0.0125
3 0.5453125 0.4734375 0.0734375 0.0140625
3 0.2875 0.4734375 0.0734375 0.0125
14 0.3375 0.4734375 0.0140625 0.0109375
14 0.3171875 0.45 0.128125 0.01875
14 0.3328125 0.4234375 0.1625 0.0171875
14 0.3265625 0.396875 0.146875 0.0140625
14 0.2828125 0.375 0.0609375 0.009375
3 0.4703125 0.5375 0.021875 0.0203125
3 0.7265625 0.5375 0.021875 0.01875
5 0.628125 0.5984375 0.2390625 0.159375
5 0.371875 0.5984375 0.2390625 0.159375
3 0.7265625 0.21875 0.021875 0.0203125
5 0.628125 0.278125 0.2390625 0.159375
3 0.4703125 0.21875 0.021875 0.0203125
5 0.371875 0.278125 0.2390625 0.159375
14 0.425 0.146875 0.34375 0.03125
6 0.5 0.0734375 0.496875 0.0640625
3 0.2875 0.0734375 0.0125 0.021875
17 0.5 0.0109375 0.5609375 0.0203125