14 0.3671875 0.7328125 0.096875 0.0171875
14 0.3703125 0.6375 0.103125 0.0171875
14 0.3453125 0.5421875 0.0515625 0.0171875
14 0.371875 0.446875 0.1046875 0.0171875
14 0.371875 0.3515625 0.10625 0.0171875
6 0.5 0.740625 0.3671875 0.0359375
6 0.5 0.646875 0.365625 0.034375
6 0.5 0.5515625 0.3671875 0.0359375
6 0.5 0.45625 0.3671875 0.034375
6 0.5 0.3609375 0.3671875 0.0359375
14 0.2828125 0.059375 0.04375 0.0140625
5 0.5 0.1609375 0.2875 0.10625
14 0.5 0.253125 0.3890625 0.0265625
14 0.365625 0.3125 0.09375 0.015625
14 0.365625 0.4078125 0.09375 0.0140625
14 0.3421875 0.5015625 0.046875 0.015625
14 0.365625 0.5984375 0.0921875 0.0140625
14 0.3609375 0.6921875 0.0859375 0.015625
14 0.4234375 0.8125 0.2109375 0.0171875
15 0.5 0.9359375 0.3671875 0.0875
13 0.646875 0.8109375 0.06875 0.0421875
3 0.2453125 0.0578125 0.0171875 0.028125
17 0.5 0.0109375 0.5609375 0.0203125