14 0.5 0.05625 0.1015625 0.01875
14 0.284375 0.11875 0.103125 0.0140625
14 0.284375 0.184375 0.10625 0.0125
14 0.353125 0.2515625 0.2390625 0.0125
14 0.303125 0.3171875 0.1484375 0.0140625
14 0.3921875 0.3984375 0.3234375 0.0171875
14 0.2734375 0.4640625 0.078125 0.0125
14 0.3046875 0.5296875 0.1453125 0.0125
14 0.2921875 0.6078125 0.1203125 0.0125
14 0.3234375 0.6890625 0.1828125 0.0171875
15 0.5 0.7828125 0.4640625 0.0484375
5 0.5 0.8875 0.034375 0.025
3 0.7484375 0.3953125 0.0109375 0.0171875
13 0.7359375 0.3171875 0.06875 0.0421875
3 0.7484375 0.184375 0.0109375 0.0171875
3 0.2484375 0.05625 0.0203125 0.0171875