14 0.290625 0.115625 0.096875 0.015625
14 0.2890625 0.1765625 0.096875 0.015625
14 0.265625 0.2359375 0.0484375 0.015625
14 0.284375 0.2953125 0.0859375 0.015625
6 0.50625 0.30625 0.5328125 0.040625
6 0.50625 0.246875 0.5328125 0.0390625
6 0.50625 0.1875 0.5328125 0.0375
6 0.50625 0.128125 0.5328125 0.0390625
14 0.5 0.05625 0.1578125 0.0203125
14 0.2828125 0.0578125 0.06875 0.0171875
15 0.5 0.565625 0.509375 0.059375
14 0.3625 0.4828125 0.2421875 0.0140625
3 0.5046875 0.4828125 0.025 0.025
14 0.4296875 0.3796875 0.38125 0.05625
13 0.7265625 0.4828125 0.06875 0.0421875
13 0.7265625 0.378125 0.06875 0.0421875
3 0.75 0.2953125 0.0296875 0.01875
17 0.5 0.0109375 0.5609375 0.0203125