14 0.3671875 0.471875 0.096875 0.0171875
14 0.3453125 0.4046875 0.053125 0.0171875
14 0.4984375 0.759375 0.1390625 0.0171875
14 0.5 0.7234375 0.171875 0.021875
14 0.5 0.6484375 0.11875 0.0171875
14 0.5 0.6109375 0.2390625 0.021875
15 0.5 0.55625 0.3875 0.0546875
6 0.5 0.4734375 0.3859375 0.053125
6 0.5 0.4046875 0.3859375 0.053125
14 0.5 0.353125 0.01875 0.0125
15 0.5 0.296875 0.3859375 0.0546875
15 0.5 0.228125 0.3859375 0.053125
14 0.73125 0.0328125 0.04375 0.021875
14 0.5 0.0328125 0.0625 0.021875
3 0.253125 0.0296875 0.0125 0.021875