14 0.3546875 0.921875 0.05625 0.0140625
3 0.309375 0.921875 0.0171875 0.0171875
3 0.5 0.0734375 0.021875 0.0140625
14 0.315625 0.046875 0.0375 0.009375
14 0.4078125 0.046875 0.0546875 0.009375
14 0.5 0.046875 0.05 0.0078125
14 0.5921875 0.046875 0.034375 0.009375
14 0.684375 0.046875 0.05 0.009375
3 0.684375 0.0734375 0.015625 0.0171875
3 0.5921875 0.0734375 0.0265625 0.01875
3 0.315625 0.0734375 0.021875 0.0171875
3 0.4078125 0.0734375 0.0171875 0.0171875
14 0.4875 0.125 0.3890625 0.0421875
14 0.31875 0.165625 0.0515625 0.0109375
3 0.6765625 0.4765625 0.04375 0.04375
14 0.3640625 0.565625 0.140625 0.0125
14 0.478125 0.6109375 0.3703125 0.0421875
14 0.31875 0.6515625 0.0515625 0.0109375
14 0.678125 0.921875 0.05625 0.0140625
17 0.50625 0.975 0.4015625 0.0140625
6 0.4640625 0.921875 0.3453125 0.0390625
5 0.5 0.7875 0.4140625 0.2109375
5 0.5 0.3515625 0.4140625 0.3109375