14 0.49375 0.9328125 0.3515625 0.0234375
5 0.49375 0.7796875 0.5203125 0.371875
14 0.2921875 0.56875 0.084375 0.0296875
3 0.5640625 0.4703125 0.1109375 0.0140625
14 0.7109375 0.4984375 0.0546875 0.015625
14 0.7015625 0.471875 0.071875 0.0109375
14 0.60625 0.4375 0.19375 0.015625
14 0.61875 0.4125 0.2203125 0.015625
5 0.625 0.2890625 0.25 0.203125
14 0.44375 0.4984375 0.0546875 0.015625
14 0.434375 0.471875 0.071875 0.0109375
3 0.296875 0.4703125 0.1109375 0.015625
14 0.353125 0.4359375 0.221875 0.0125
14 0.3484375 0.4109375 0.2140625 0.0171875
5 0.35625 0.2890625 0.25 0.203125
15 0.7265625 0.153125 0.0828125 0.040625
14 0.4265625 0.15625 0.353125 0.0296875
3 0.253125 0.0578125 0.0140625 0.0265625
14 0.5015625 0.059375 0.16875 0.0234375
3 0.728125 0.0578125 0.025 0.025
3 0.66875 0.0578125 0.0265625 0.0234375
17 0.5 0.0109375 0.5609375 0.0203125