14 0.50625 0.9109375 0.1140625 0.01875
5 0.50625 0.7625 0.5203125 0.371875
14 0.7078125 0.55 0.084375 0.0296875
3 0.4359375 0.4515625 0.1109375 0.0140625
14 0.2890625 0.4796875 0.0546875 0.015625
14 0.2984375 0.453125 0.071875 0.0109375
14 0.384375 0.41875 0.2125 0.0171875
14 0.38125 0.390625 0.221875 0.0125
5 0.375 0.2703125 0.25 0.203125
14 0.55625 0.4796875 0.0546875 0.015625
14 0.565625 0.453125 0.071875 0.0109375
3 0.703125 0.4515625 0.1109375 0.015625
14 0.6609375 0.41875 0.19375 0.0171875
14 0.6484375 0.39375 0.2203125 0.0171875
5 0.6421875 0.2703125 0.25 0.203125
15 0.2734375 0.134375 0.0828125 0.040625
14 0.615625 0.1375 0.2734375 0.03125
3 0.746875 0.0578125 0.0125 0.025
14 0.5 0.059375 0.16875 0.025
3 0.271875 0.0578125 0.025 0.025
3 0.33125 0.0578125 0.0265625 0.0234375
17 0.5 0.0109375 0.5609375 0.0203125