3 0.2609375 0.1296875 0.01875 0.01875
14 0.5 0.1296875 0.0609375 0.0171875
14 0.3 0.203125 0.0953125 0.0171875
2 0.7328125 0.228125 0.028125 0.0296875
14 0.4140625 0.2453125 0.3234375 0.04375
14 0.3015625 0.3140625 0.0984375 0.0171875
2 0.7328125 0.3390625 0.0296875 0.028125
14 0.4296875 0.35625 0.353125 0.0421875
14 0.29375 0.425 0.0828125 0.015625
2 0.734375 0.4515625 0.0296875 0.028125
14 0.4359375 0.46875 0.3671875 0.0421875
14 0.4015625 0.621875 0.29375 0.034375
2 0.7328125 0.690625 0.0296875 0.028125
14 0.2875 0.690625 0.0671875 0.021875
2 0.734375 0.7515625 0.0296875 0.0296875
14 0.2859375 0.7515625 0.065625 0.0171875
2 0.7328125 0.8140625 0.0296875 0.0296875
14 0.2921875 0.8140625 0.0796875 0.0171875
14 0.2859375 0.875 0.06875 0.0171875
15 0.653125 0.953125 0.2109375 0.0609375
14 0.2875 0.953125 0.06875 0.0140625
17 0.5 0.0109375 0.5609375 0.0203125