17 0.5 0.0109375 0.5609375 0.021875
3 0.7484375 0.0546875 0.0171875 0.0328125
14 0.5 0.059375 0.1015625 0.025
5 0.496875 0.2140625 0.1890625 0.0546875
14 0.5890625 0.3 0.271875 0.0328125
6 0.503125 0.3484375 0.446875 0.040625
14 0.6671875 0.3484375 0.0921875 0.0140625
6 0.503125 0.403125 0.446875 0.040625
14 0.6671875 0.403125 0.090625 0.0140625
6 0.503125 0.4578125 0.446875 0.040625
14 0.6796875 0.4578125 0.0671875 0.0140625
6 0.503125 0.5125 0.446875 0.040625
14 0.690625 0.5125 0.04375 0.0140625
6 0.503125 0.565625 0.4453125 0.040625
14 0.671875 0.5671875 0.08125 0.0140625
6 0.5046875 0.6203125 0.446875 0.040625
14 0.6390625 0.621875 0.1484375 0.0171875
15 0.6453125 0.684375 0.1625 0.046875
2 0.715625 0.7375 0.034375 0.0328125
14 0.5546875 0.7390625 0.25625 0.01875