3 0.2890625 0.040625 0.028125 0.028125
14 0.6875 0.7203125 0.134375 0.034375
14 0.5 0.7203125 0.11875 0.034375
14 0.6140625 0.5765625 0.234375 0.025
14 0.6296875 0.375 0.2125 0.021875
14 0.415625 0.3609375 0.1265625 0.05
14 0.646875 0.303125 0.1796875 0.0171875
14 0.6515625 0.2546875 0.1671875 0.0171875
14 0.6734375 0.20625 0.125 0.0171875
14 0.671875 0.1578125 0.128125 0.0171875
14 0.6640625 0.1078125 0.1453125 0.0171875
14 0.2890625 0.009375 0.0546875 0.009375
14 0.4296875 0.009375 0.040625 0.009375
14 0.5703125 0.009375 0.0578125 0.009375
14 0.709375 0.009375 0.0375 0.009375
14 0.421875 0.0796875 0.1125 0.0171875
14 0.421875 0.1296875 0.1140625 0.0125
14 0.428125 0.1796875 0.1015625 0.0125
14 0.43125 0.228125 0.0953125 0.0125
14 0.428125 0.2765625 0.1 0.0125
14 0.3125 0.7296875 0.1375 0.0171875
3 0.259375 0.9421875 0.0296875 0.028125
3 0.74375 0.9453125 0.0296875 0.025
5 0.6875 0.815625 0.14375 0.090625
5 0.5 0.815625 0.14375 0.0890625
5 0.3125 0.815625 0.14375 0.090625
5 0.3703125 0.4671875 0.159375 0.1078125
5 0.6296875 0.4671875 0.159375 0.1078125
3 0.7109375 0.0421875 0.028125 0.01875
5 0.5703125 0.040625 0.028125 0.0234375
5 0.4296875 0.0421875 0.0296875 0.0234375
17 0.5 0.9890625 0.5609375 0.0203125