3 0.709375 0.95625 0.0265625 0.0359375
5 0.56875 0.9578125 0.0375 0.0265625
3 0.4296875 0.95625 0.0328125 0.0296875
3 0.2890625 0.95625 0.03125 0.03125
14 0.2890625 0.9875 0.0734375 0.0109375
14 0.4296875 0.9875 0.0796875 0.0109375
14 0.5703125 0.9875 0.0875 0.0109375
14 0.7109375 0.9875 0.05 0.0109375
14 0.5 0.8640625 0.2734375 0.01875
14 0.4984375 0.81875 0.2234375 0.034375
5 0.5 0.8140625 0.5515625 0.2390625
14 0.5 0.5875 0.3109375 0.015625
14 0.496875 0.5453125 0.1921875 0.0359375
5 0.5 0.5546875 0.5515625 0.2671875
14 0.2765625 0.1171875 0.0625 0.015625
14 0.384375 0.11875 0.0703125 0.01875
14 0.49375 0.1171875 0.0671875 0.0140625
14 0.58125 0.1171875 0.0296875 0.0140625
14 0.6671875 0.11875 0.0609375 0.01875
14 0.6640625 0.0578125 0.1890625 0.025
15 0.75 0.1171875 0.05 0.0296875
14 0.5 0.3171875 0.265625 0.01875
14 0.5 0.2703125 0.39375 0.0359375
5 0.5 0.28125 0.5515625 0.2671875
17 0.5 0.0109375 0.5609375 0.0203125