3 0.275 0.040625 0.03125 0.028125
3 0.3875 0.040625 0.0265625 0.0234375
3 0.5 0.040625 0.0265625 0.0234375
3 0.6125 0.040625 0.0265625 0.0203125
3 0.725 0.040625 0.0265625 0.0265625
5 0.5015625 0.65625 0.1828125 0.1234375
14 0.5 0.940625 0.0546875 0.0234375
14 0.5 0.53125 0.3140625 0.025
14 0.5 0.4609375 0.378125 0.0546875
15 0.5 0.340625 0.1703125 0.075
14 0.275 0.0140625 0.040625 0.0109375
14 0.3875 0.015625 0.046875 0.0125
14 0.5 0.0125 0.0328125 0.015625
14 0.6125 0.015625 0.0359375 0.0125
14 0.725 0.0140625 0.0578125 0.0109375
17 0.5 0.9890625 0.5609375 0.0203125