14 0.49375 0.0421875 0.128125 0.0140625
14 0.7359375 0.040625 0.0375 0.0140625
14 0.4984375 0.1328125 0.2109375 0.0296875
14 0.4984375 0.21875 0.3953125 0.103125
14 0.4984375 0.325 0.3234375 0.021875
14 0.625 0.5 0.075 0.0265625
14 0.3734375 0.53125 0.071875 0.021875
5 0.3734375 0.4859375 0.0515625 0.05625
5 0.6265625 0.7515625 0.0546875 0.0515625
5 0.3734375 0.753125 0.1484375 0.021875
5 0.3734375 0.5 0.225 0.2234375
5 0.6265625 0.5 0.225 0.225
5 0.375 0.7515625 0.225 0.2234375
5 0.6265625 0.753125 0.225 0.2234375
5 0.3734375 0.946875 0.2234375 0.10625
5 0.6265625 0.946875 0.225 0.10625
3 0.2609375 0.0421875 0.0265625 0.015625