14 0.6671875 0.2671875 0.159375 0.0171875
14 0.6921875 0.659375 0.08125 0.0140625
14 0.671875 0.5625 0.1203125 0.0140625
14 0.6875 0.459375 0.090625 0.0140625
14 0.6875 0.3609375 0.0921875 0.0140625
14 0.71875 0.0578125 0.06875 0.01875
14 0.640625 0.2375 0.2125 0.0234375
14 0.7015625 0.31875 0.0921875 0.0140625
14 0.7015625 0.4171875 0.0921875 0.0140625
14 0.6859375 0.5203125 0.1203125 0.0140625
14 0.70625 0.61875 0.08125 0.0140625
14 0.5 0.0578125 0.165625 0.0171875
3 0.2765625 0.6609375 0.0265625 0.0234375
6 0.5 0.3609375 0.496875 0.05
6 0.5 0.459375 0.496875 0.05
6 0.5 0.5625 0.496875 0.05
6 0.5 0.6609375 0.496875 0.05
15 0.5 0.7390625 0.475 0.053125
17 0.5 0.0109375 0.5609375 0.0203125