3 0.275 0.0296875 0.0359375 0.0296875
3 0.3890625 0.0296875 0.03125 0.0296875
3 0.5 0.0296875 0.03125 0.0296875
3 0.6125 0.0296875 0.0296875 0.0296875
5 0.725 0.0296875 0.034375 0.0296875
5 0.5 0.15 0.5609375 0.1671875
3 0.2609375 0.2703125 0.0296875 0.015625
14 0.66875 0.271875 0.165625 0.028125
5 0.5 0.38125 0.5609375 0.28125
3 0.2609375 0.5578125 0.0296875 0.015625
14 0.6984375 0.5578125 0.10625 0.0296875
5 0.5 0.6703125 0.5609375 0.28125
14 0.6203125 0.8609375 0.265625 0.03125
3 0.265625 0.9421875 0.0375 0.0296875
5 0.4421875 0.9421875 0.04375 0.03125
14 0.5265625 0.940625 0.10625 0.025
17 0.5 0.9890625 0.5609375 0.0203125