14 0.5015625 0.0578125 0.159375 0.0171875
14 0.3625 0.265625 0.075 0.0171875
14 0.6890625 0.2625 0.115625 0.0140625
14 0.3734375 0.3703125 0.09375 0.0171875
14 0.715625 0.3703125 0.0609375 0.0171875
14 0.4140625 0.4734375 0.1765625 0.0140625
14 0.7125 0.4734375 0.06875 0.0125
14 0.425 0.5984375 0.1984375 0.0171875
14 0.4265625 0.7046875 0.2015625 0.0171875
14 0.409375 0.809375 0.165625 0.01875
14 0.3890625 0.915625 0.1265625 0.01875
5 0.275 0.9671875 0.0234375 0.0234375
3 0.3875 0.9671875 0.0375 0.025
5 0.5 0.9671875 0.025 0.0265625
3 0.6125 0.9671875 0.0265625 0.025
3 0.725 0.9671875 0.0203125 0.025
3 0.7546875 0.9125 0.0109375 0.0171875
3 0.7546875 0.8078125 0.0109375 0.0171875
3 0.7546875 0.7015625 0.0109375 0.0171875
3 0.7546875 0.596875 0.0109375 0.0171875
3 0.7546875 0.4734375 0.0109375 0.0171875
3 0.7546875 0.2640625 0.0109375 0.0171875
3 0.7546875 0.36875 0.0109375 0.0171875
3 0.740625 0.0578125 0.0265625 0.0265625
15 0.5 0.1484375 0.421875 0.06875
5 0.271875 0.2625 0.0328125 0.0328125
5 0.271875 0.36875 0.034375 0.034375
5 0.271875 0.4734375 0.034375 0.0328125
3 0.271875 0.596875 0.034375 0.0265625
5 0.271875 0.7015625 0.034375 0.0171875
3 0.271875 0.8078125 0.034375 0.0234375
3 0.271875 0.9140625 0.034375 0.0265625
17 0.5 0.0109375 0.5609375 0.0203125