14 0.5 0.940625 0.096875 0.021875
14 0.6234375 0.875 0.265625 0.0171875
14 0.68125 0.7796875 0.1296875 0.0796875
14 0.4171875 0.8015625 0.1234375 0.034375
14 0.6828125 0.5203125 0.1265625 0.0359375
14 0.3875 0.521875 0.1828125 0.034375
14 0.65 0.2390625 0.190625 0.034375
14 0.3859375 0.2375 0.1765625 0.034375
5 0.6328125 0.7046875 0.253125 0.253125
5 0.3671875 0.7046875 0.253125 0.2515625
5 0.6328125 0.4234375 0.253125 0.253125
5 0.3671875 0.4234375 0.2515625 0.2515625
5 0.6328125 0.1421875 0.253125 0.253125
5 0.365625 0.1421875 0.2515625 0.253125
3 0.7421875 0.9421875 0.021875 0.0140625
3 0.678125 0.9421875 0.0265625 0.0375
3 0.3203125 0.94375 0.0234375 0.0234375
3 0.25625 0.9421875 0.01875 0.01875
17 0.5 0.9890625 0.5609375 0.0203125