14 0.61875 0.928125 0.115625 0.0171875
3 0.7125 0.9265625 0.0125 0.021875
17 0.5 0.9875 0.5609375 0.0234375
14 0.6 0.74375 0.29375 0.03125
14 0.7015625 0.496875 0.046875 0.01875
14 0.415625 0.496875 0.10625 0.01875
14 0.5953125 0.3796875 0.303125 0.03125
14 0.503125 0.3390625 0.4875 0.021875
14 0.725 0.1171875 0.04375 0.0109375
14 0.4484375 0.1171875 0.084375 0.009375
14 0.6390625 0.09375 0.2140625 0.015625
14 0.384375 0.0953125 0.2140625 0.0140625
14 0.725 0.01875 0.0578125 0.0109375
14 0.6125 0.01875 0.04375 0.009375
14 0.5 0.01875 0.0359375 0.009375
14 0.3875 0.01875 0.040625 0.0109375
14 0.275 0.01875 0.0515625 0.0109375
3 0.5296875 0.2734375 0.0234375 0.0203125
3 0.2734375 0.2734375 0.021875 0.0203125
3 0.7234375 0.05 0.028125 0.03125
3 0.6125 0.05 0.0328125 0.028125
5 0.5 0.05 0.028125 0.03125
3 0.3875 0.05 0.0296875 0.0296875
3 0.275 0.05 0.0328125 0.0328125
6 0.5 0.9265625 0.4984375 0.065625
15 0.6953125 0.8453125 0.109375 0.0578125
15 0.5671875 0.8453125 0.11875 0.0578125
5 0.628125 0.6078125 0.240625 0.159375
5 0.371875 0.6078125 0.240625 0.159375
5 0.628125 0.2125 0.240625 0.159375
5 0.371875 0.2140625 0.240625 0.1609375