14 0.4875 0.0578125 0.05625 0.015625
14 0.3703125 0.125 0.040625 0.0125
14 0.63125 0.125 0.0796875 0.0125
14 0.66875 0.25 0.1375 0.015625
14 0.6703125 0.4515625 0.1328125 0.015625
14 0.6921875 0.653125 0.0859375 0.015625
14 0.6984375 0.85625 0.0765625 0.015625
14 0.725 0.9671875 0.0265625 0.0265625
3 0.6125 0.965625 0.0375 0.0265625
3 0.5015625 0.965625 0.0265625 0.0265625
3 0.3875 0.965625 0.0265625 0.025
3 0.275 0.965625 0.0265625 0.0265625
5 0.3140625 0.8484375 0.1203125 0.1671875
5 0.3140625 0.653125 0.140625 0.1796875
5 0.3171875 0.45 0.0515625 0.1671875
5 0.33125 0.25 0.10625 0.1796875
3 0.5328125 0.0578125 0.01875 0.0203125
5 0.259375 0.0578125 0.0296875 0.021875
6 0.5 0.0578125 0.540625 0.04375
17 0.5 0.0109375 0.5609375 0.0203125