3 0.753125 0.7078125 0.009375 0.0125
3 0.753125 0.6125 0.009375 0.0125
3 0.753125 0.5171875 0.009375 0.0125
3 0.753125 0.421875 0.009375 0.0125
3 0.753125 0.328125 0.009375 0.0125
3 0.753125 0.2328125 0.009375 0.0125
3 0.753125 0.1375 0.009375 0.0125
3 0.2703125 0.1375 0.0328125 0.0328125
3 0.2703125 0.2328125 0.0328125 0.0328125
3 0.2703125 0.328125 0.0328125 0.03125
3 0.2703125 0.4234375 0.0328125 0.0296875
3 0.2703125 0.5171875 0.0328125 0.0265625
3 0.2703125 0.6125 0.0328125 0.0265625
3 0.2703125 0.7078125 0.0328125 0.028125
14 0.28125 0.0609375 0.065625 0.0109375
17 0.5 0.0109375 0.5609375 0.0203125