2 0.3484375 0.5203125 0.028125 0.028125
2 0.49375 0.5203125 0.028125 0.028125
14 0.5578125 0.5203125 0.0390625 0.0140625
14 0.4265625 0.5203125 0.059375 0.0140625
14 0.3828125 0.578125 0.0890625 0.021875
14 0.3859375 0.6390625 0.090625 0.015625
14 0.384375 0.7484375 0.0890625 0.0171875
14 0.3640625 0.8078125 0.05 0.0171875
6 0.5 0.5796875 0.346875 0.0578125
6 0.5 0.6390625 0.346875 0.0578125
15 0.5 0.459375 0.346875 0.059375
14 0.5 0.396875 0.30625 0.0375
14 0.5 0.3390625 0.0671875 0.0203125
14 0.6421875 0.6375 0.034375 0.015625
14 0.6421875 0.578125 0.034375 0.015625
14 0.6421875 0.51875 0.0359375 0.0171875
14 0.5 0.7 0.28125 0.0125
6 0.5 0.746875 0.346875 0.0578125
6 0.5 0.8078125 0.346875 0.0578125
14 0.5 0.925 0.2 0.0265625
3 0.253125 0.9265625 0.0140625 0.025
0 0.5 0.5 0.5609375 0.9984375