5 0.28125 0.1953125 0.04375 0.0390625
5 0.2796875 0.2640625 0.04375 0.04375
5 0.2796875 0.33125 0.04375 0.04375
5 0.2796875 0.4 0.04375 0.034375
5 0.2734375 0.5421875 0.0546875 0.0546875
5 0.2734375 0.6109375 0.0546875 0.0546875
5 0.2734375 0.678125 0.0546875 0.0546875
5 0.2734375 0.746875 0.0546875 0.0546875
5 0.2796875 0.815625 0.04375 0.0359375
5 0.2796875 0.8828125 0.04375 0.040625
3 0.7484375 0.8828125 0.0109375 0.0171875
14 0.453125 0.8828125 0.2296875 0.0171875
14 0.384375 0.8140625 0.096875 0.0171875
14 0.459375 0.7484375 0.2734375 0.021875
14 0.484375 0.68125 0.325 0.021875
14 0.428125 0.6125 0.209375 0.021875
14 0.4625 0.54375 0.2765625 0.0171875
14 0.4015625 0.490625 0.3078125 0.015625
14 0.4296875 0.3984375 0.1890625 0.0171875
14 0.421875 0.3328125 0.16875 0.021875
14 0.459375 0.265625 0.2453125 0.021875
14 0.4125 0.1984375 0.1515625 0.021875
14 0.290625 0.1421875 0.0890625 0.0125
14 0.5 0.05625 0.1265625 0.0203125
14 0.2765625 0.0578125 0.0546875 0.021875
17 0.5 0.0109375 0.5609375 0.021875