5 0.6421875 0.790625 0.1203125 0.2859375
5 0.3578125 0.790625 0.1203125 0.2859375
3 0.4515625 0.659375 0.0265625 0.025
3 0.7375 0.659375 0.0265625 0.025
14 0.6421875 0.575 0.0421875 0.0140625
14 0.6421875 0.553125 0.04375 0.0125
14 0.64375 0.534375 0.1734375 0.0171875
14 0.6421875 0.5109375 0.103125 0.0140625
3 0.7375 0.1703125 0.0265625 0.025
5 0.64375 0.3234375 0.1109375 0.3296875
14 0.3578125 0.575 0.0421875 0.0140625
14 0.3578125 0.553125 0.0546875 0.0125
14 0.3578125 0.534375 0.1296875 0.015625
14 0.3578125 0.5109375 0.04375 0.0140625
3 0.4515625 0.1703125 0.0265625 0.025
5 0.3578125 0.3234375 0.1140625 0.3296875
14 0.69375 0.1140625 0.0484375 0.0140625
14 0.3125 0.1140625 0.04375 0.0140625
14 0.5078125 0.1140625 0.0625 0.0125
3 0.6765625 0.0578125 0.025 0.025
14 0.5 0.0578125 0.0703125 0.0140625
3 0.259375 0.0578125 0.025 0.015625
14 0.7265625 0.0578125 0.025 0.025
3 0.725 0.959375 0.0328125 0.0328125
3 0.6109375 0.9578125 0.021875 0.0328125
3 0.5 0.959375 0.0328125 0.0296875
3 0.3875 0.959375 0.03125 0.03125
3 0.275 0.959375 0.0328125 0.0296875
14 0.725 0.990625 0.053125 0.0125
14 0.6109375 0.990625 0.0484375 0.0125
14 0.5 0.9890625 0.075 0.009375
14 0.3875 0.990625 0.0328125 0.0125
14 0.275 0.9890625 0.0375 0.009375
17 0.5 0.0109375 0.5609375 0.0203125