14 0.5 0.9703125 0.1578125 0.0203125
3 0.265625 0.9703125 0.01875 0.01875
15 0.6046875 0.8828125 0.1375 0.0515625
14 0.7171875 0.8828125 0.05 0.0140625
14 0.7203125 0.8140625 0.046875 0.0140625
14 0.6453125 0.8125 0.059375 0.015625
14 0.7203125 0.765625 0.034375 0.0109375
14 0.7015625 0.709375 0.084375 0.0140625
14 0.6078125 0.7078125 0.059375 0.015625
14 0.4203125 0.6625 0.0390625 0.0125
14 0.70625 0.6625 0.0640625 0.0109375
14 0.6453125 0.615625 0.196875 0.01875
15 0.6890625 0.55625 0.1125 0.0484375
14 0.5171875 0.559375 0.1 0.0125
2 0.5921875 0.5578125 0.021875 0.021875
14 0.51875 0.471875 0.45 0.065625
6 0.5 0.7671875 0.490625 0.040625
6 0.565625 0.6625 0.3578125 0.040625