14 0.4203125 0.075 0.1953125 0.0203125
14 0.275 0.98125 0.0578125 0.009375
14 0.3875 0.98125 0.04375 0.009375
14 0.5 0.98125 0.0359375 0.009375
14 0.6125 0.98125 0.040625 0.0109375
14 0.725 0.98125 0.0515625 0.009375
3 0.725 0.95 0.03125 0.03125
3 0.6125 0.95 0.0296875 0.0296875
5 0.5 0.95 0.028125 0.03125
3 0.3875 0.95 0.0328125 0.028125
3 0.275 0.95 0.028125 0.03125
15 0.5 0.88125 0.496875 0.065625
3 0.5453125 0.7921875 0.071875 0.0125
14 0.5953125 0.79375 0.0171875 0.0125
14 0.5734375 0.76875 0.128125 0.01875
14 0.58125 0.74375 0.1421875 0.0171875
14 0.603125 0.7171875 0.1859375 0.0140625
14 0.5578125 0.69375 0.096875 0.009375
5 0.628125 0.5984375 0.2390625 0.159375
3 0.2890625 0.7921875 0.0734375 0.0125
14 0.3390625 0.79375 0.0171875 0.0109375
14 0.3171875 0.76875 0.128125 0.01875
14 0.3515625 0.73125 0.1984375 0.0421875
14 0.3 0.69375 0.0953125 0.009375
3 0.4703125 0.5375 0.021875 0.01875
5 0.371875 0.5984375 0.2390625 0.159375
3 0.5453125 0.4734375 0.071875 0.0125
14 0.5953125 0.475 0.015625 0.0125
14 0.5734375 0.45 0.128125 0.0203125
14 0.553125 0.421875 0.0859375 0.0140625
14 0.6234375 0.3984375 0.2296875 0.0140625
14 0.55625 0.375 0.0953125 0.009375
3 0.2890625 0.4734375 0.0734375 0.0140625
14 0.3390625 0.475 0.015625 0.0109375
14 0.3171875 0.45 0.128125 0.0203125
14 0.275 0.4265625 0.04375 0.0140625
14 0.36875 0.396875 0.2296875 0.0140625
14 0.296875 0.375 0.0890625 0.0109375
3 0.4703125 0.21875 0.021875 0.01875
3 0.7265625 0.21875 0.021875 0.01875
5 0.628125 0.278125 0.2390625 0.159375
5 0.371875 0.2796875 0.2390625 0.159375
14 0.4 0.146875 0.29375 0.03125
6 0.5 0.0734375 0.496875 0.0640625
3 0.2875 0.0734375 0.0203125 0.0203125
17 0.5 0.0109375 0.5609375 0.0203125