14 0.6484375 0.3546875 0.0875 0.0171875
14 0.6671875 0.4359375 0.0484375 0.0171875
14 0.640625 0.5171875 0.103125 0.015625
15 0.5 0.2125 0.5078125 0.065625
14 0.5 0.0375 0.253125 0.015625
14 0.5 0.1140625 0.20625 0.01875
14 0.5 0.2828125 0.01875 0.0109375
14 0.5 0.609375 0.2515625 0.0671875
5 0.5 0.884375 0.128125 0.05
3 0.7234375 0.515625 0.03125 0.03125
3 0.7234375 0.434375 0.0296875 0.021875
3 0.7234375 0.353125 0.021875 0.0265625
3 0.7296875 0.9421875 0.0234375 0.0234375
6 0.5 0.515625 0.5078125 0.065625
6 0.5 0.434375 0.5078125 0.065625
6 0.5 0.353125 0.5078125 0.065625