14 0.5 0.059375 0.3296875 0.0203125
14 0.565625 0.14375 0.365625 0.0609375
14 0.496875 0.19375 0.0640625 0.015625
14 0.41875 0.225 0.071875 0.0140625
14 0.4546875 0.259375 0.0859375 0.0125
14 0.5546875 0.3484375 0.34375 0.040625
14 0.5 0.3859375 0.06875 0.0140625
14 0.4265625 0.4171875 0.0859375 0.015625
14 0.4546875 0.4515625 0.0859375 0.0125
14 0.5671875 0.5671875 0.3703125 0.0640625
14 0.4984375 0.615625 0.06875 0.0140625
14 0.41875 0.6453125 0.0734375 0.0140625
14 0.4546875 0.68125 0.0859375 0.0125
14 0.5515625 0.7703125 0.3375 0.040625
14 0.496875 0.8078125 0.0640625 0.015625
14 0.4265625 0.8390625 0.0859375 0.015625
14 0.4546875 0.871875 0.0859375 0.0125
14 0.69375 0.9421875 0.1296875 0.0140625
14 0.728125 0.9703125 0.059375 0.015625
15 0.3703125 0.9546875 0.259375 0.059375
3 0.3921875 0.871875 0.021875 0.0171875
5 0.3 0.8265625 0.1203125 0.090625
3 0.421875 0.80625 0.075 0.015625
3 0.4234375 0.6140625 0.075 0.015625
3 0.3921875 0.6796875 0.021875 0.0171875
5 0.3015625 0.6109375 0.11875 0.1078125
5 0.3 0.4046875 0.11875 0.09375
3 0.39375 0.45 0.021875 0.0171875
3 0.4234375 0.384375 0.075 0.015625
3 0.4234375 0.19375 0.075 0.015625
3 0.3921875 0.2578125 0.021875 0.0171875
5 0.3 0.190625 0.11875 0.0921875
3 0.25625 0.0546875 0.0296875 0.025
17 0.5 0.0109375 0.5609375 0.0203125