14 0.284375 0.89375 0.0734375 0.00625
14 0.284375 0.921875 0.071875 0.0140625
14 0.5234375 0.9109375 0.2625 0.0125
3 0.3703125 0.9109375 0.015625 0.015625
17 0.5 0.9890625 0.5609375 0.0203125
5 0.415625 0.603125 0.3390625 0.4015625
5 0.696875 0.603125 0.1671875 0.4015625
5 0.415625 0.1734375 0.3390625 0.1875
5 0.696875 0.1734375 0.1671875 0.1875
6 0.51875 0.9109375 0.353125 0.08125
3 0.728125 0.9125 0.021875 0.0203125
3 0.7640625 0.83125 0.0078125 0.0125
3 0.7640625 0.29375 0.0078125 0.0125
3 0.275 0.0546875 0.025 0.025
5 0.3890625 0.0546875 0.0265625 0.021875
3 0.5 0.0546875 0.0265625 0.021875
5 0.6109375 0.0546875 0.0171875 0.025
5 0.725 0.05625 0.034375 0.0234375
14 0.3390625 0.83125 0.18125 0.0125
14 0.709375 0.83125 0.0859375 0.0125
14 0.415625 0.375 0.2734375 0.015625
14 0.7125 0.375 0.1234375 0.0140625
14 0.34375 0.29375 0.1921875 0.0125
14 0.709375 0.2953125 0.0859375 0.0125
14 0.2765625 0.0203125 0.0375 0.009375
14 0.3890625 0.0203125 0.0578125 0.0140625
14 0.5 0.021875 0.0671875 0.0109375
14 0.6109375 0.0203125 0.0375 0.0109375
14 0.725 0.01875 0.0734375 0.0125