14 0.3734375 0.1140625 0.1703125 0.021875
17 0.5 0.0109375 0.5609375 0.0203125
14 0.275 0.990625 0.0484375 0.0125
14 0.3875 0.9890625 0.04375 0.009375
14 0.5 0.9890625 0.0578125 0.0109375
14 0.6125 0.9890625 0.0265625 0.009375
14 0.725 0.9890625 0.0171875 0.009375
3 0.7234375 0.959375 0.0234375 0.028125
3 0.6109375 0.959375 0.034375 0.034375
3 0.5 0.959375 0.034375 0.028125
3 0.3859375 0.959375 0.03125 0.0328125
3 0.275 0.959375 0.0265625 0.0296875
3 0.4609375 0.7765625 0.034375 0.028125
3 0.73125 0.7765625 0.034375 0.028125
3 0.73125 0.4359375 0.034375 0.028125
3 0.4609375 0.4359375 0.034375 0.028125
3 0.2671875 0.1125 0.0203125 0.0203125
3 0.2453125 0.0578125 0.0171875 0.028125
14 0.5 0.05625 0.1203125 0.0171875
14 0.2671875 0.4234375 0.0484375 0.015625
14 0.265625 0.4484375 0.0453125 0.0140625
14 0.54375 0.4234375 0.0578125 0.015625
14 0.5359375 0.4484375 0.0421875 0.0140625
14 0.2875 0.7625 0.0890625 0.0125
14 0.265625 0.790625 0.04375 0.0140625
14 0.6 0.7625 0.1734375 0.0125
14 0.5359375 0.790625 0.04375 0.0140625
5 0.3640625 0.2796875 0.2484375 0.2421875
5 0.6359375 0.2796875 0.2484375 0.2421875
5 0.6359375 0.6171875 0.2484375 0.2484375
5 0.3640625 0.6171875 0.2484375 0.2484375
5 0.3640625 0.8828125 0.2484375 0.0984375
5 0.6359375 0.884375 0.2484375 0.0984375
6 0.5 0.1125 0.5078125 0.0484375