14 0.353125 0.11875 0.165625 0.0171875
5 0.684375 0.4359375 0.0765625 0.0765625
5 0.553125 0.4359375 0.0765625 0.0765625
5 0.421875 0.4359375 0.0765625 0.0765625
5 0.2890625 0.4359375 0.0765625 0.0765625
5 0.5 0.0578125 0.121875 0.015625
14 0.2890625 0.2703125 0.1125 0.015625
14 0.4203125 0.271875 0.0734375 0.0125
14 0.553125 0.271875 0.090625 0.015625
14 0.684375 0.2734375 0.10625 0.015625
14 0.7734375 0.2609375 0.0125 0.0125
14 0.3328125 0.3453125 0.184375 0.0140625
14 0.2890625 0.5 0.0921875 0.0125
14 0.4203125 0.5 0.084375 0.0328125
14 0.553125 0.5 0.0515625 0.0125
14 0.684375 0.5015625 0.0953125 0.015625
14 0.3078125 0.5734375 0.134375 0.0140625
14 0.56875 0.6421875 0.2734375 0.0421875
14 0.4765625 0.6984375 0.0890625 0.0140625
14 0.5578125 0.815625 0.25 0.040625
14 0.4765625 0.8734375 0.0890625 0.0140625
14 0.284375 0.9859375 0.0375 0.009375
14 0.3921875 0.9859375 0.0671875 0.009375
14 0.5 0.9859375 0.04375 0.009375
14 0.6078125 0.9859375 0.0265625 0.009375
14 0.715625 0.9859375 0.053125 0.009375
3 0.284375 0.9625 0.0234375 0.0234375
3 0.3921875 0.9625 0.0234375 0.021875
3 0.5 0.9625 0.0234375 0.0234375
3 0.6171875 0.959375 0.0390625 0.0296875
3 0.7171875 0.9625 0.021875 0.021875
3 0.75 0.7984375 0.021875 0.0203125
3 0.75 0.625 0.0234375 0.0203125
3 0.259375 0.0578125 0.0234375 0.01875
3 0.25 0.1171875 0.0171875 0.0171875
5 0.2890625 0.2078125 0.075 0.075
5 0.4203125 0.2078125 0.075 0.075
5 0.553125 0.20625 0.075 0.0765625
5 0.684375 0.2078125 0.075 0.0765625
5 0.325 0.6859375 0.0109375 0.1546875
5 0.325 0.859375 0.0625 0.1265625
15 0.490625 0.9015625 0.1171875 0.0328125
15 0.490625 0.728125 0.1171875 0.0328125
6 0.5 0.1171875 0.540625 0.0375
17 0.5 0.0109375 0.5609375 0.0203125