3 0.26875 0.0578125 0.0234375 0.0234375
5 0.7390625 0.0578125 0.03125 0.03125
14 0.5 0.0578125 0.125 0.0109375
14 0.4421875 0.128125 0.1484375 0.0203125
14 0.4359375 0.171875 0.1359375 0.0140625
14 0.725 0.11875 0.0421875 0.009375
14 0.4125 0.2203125 0.090625 0.0109375
14 0.3953125 0.246875 0.0546875 0.0140625
14 0.7046875 0.30625 0.0828125 0.0125
14 0.44375 0.3140625 0.146875 0.0203125
14 0.4359375 0.3578125 0.1359375 0.0140625
14 0.4125 0.40625 0.090625 0.0109375
14 0.3984375 0.43125 0.059375 0.0109375
14 0.4421875 0.5 0.146875 0.0203125
14 0.7046875 0.4921875 0.0828125 0.0125
14 0.4359375 0.54375 0.1359375 0.0140625
14 0.4125 0.5921875 0.090625 0.0109375
14 0.3984375 0.6171875 0.059375 0.0109375
14 0.7046875 0.678125 0.0828125 0.0125
14 0.434375 0.6859375 0.1328125 0.0203125
14 0.4359375 0.7296875 0.1359375 0.0140625
14 0.4125 0.778125 0.090625 0.0109375
14 0.3984375 0.803125 0.059375 0.0125
5 0.296875 0.74375 0.1140625 0.1484375
5 0.296875 0.5578125 0.1140625 0.1484375
5 0.296875 0.371875 0.1140625 0.1484375
5 0.296875 0.1859375 0.1140625 0.1484375
17 0.5 0.0109375 0.5609375 0.0203125