14 0.5359375 0.55 0.0515625 0.0203125
14 0.2640625 0.55 0.0515625 0.0203125
3 0.728125 0.059375 0.03125 0.03125
3 0.2546875 0.05625 0.015625 0.028125
14 0.5 0.05625 0.0828125 0.0203125
5 0.6375 0.8109375 0.2546875 0.378125
5 0.3640625 0.8109375 0.2546875 0.378125
3 0.7484375 0.546875 0.0265625 0.0265625
3 0.4765625 0.546875 0.0265625 0.0265625
14 0.596875 0.5890625 0.175 0.0390625
14 0.34375 0.5890625 0.2109375 0.0375
15 0.6375 0.5 0.2546875 0.040625
15 0.3640625 0.5 0.2546875 0.040625
5 0.6375 0.2890625 0.2546875 0.38125
5 0.3640625 0.2890625 0.2546875 0.38125
17 0.5 0.0109375 0.5609375 0.0203125