14 0.5 0.48125 0.228125 0.01875
14 0.5046875 0.940625 0.2921875 0.01875
3 0.7109375 0.0453125 0.03125 0.028125
14 0.709375 0.0203125 0.0359375 0.009375
3 0.5703125 0.0453125 0.021875 0.028125
14 0.5703125 0.0203125 0.053125 0.009375
3 0.4296875 0.0453125 0.0234375 0.028125
14 0.428125 0.0203125 0.0765625 0.0109375
14 0.2890625 0.0203125 0.0390625 0.0109375
3 0.2890625 0.0453125 0.0328125 0.0234375
14 0.4984375 0.1046875 0.0984375 0.015625
14 0.48125 0.3953125 0.2296875 0.01875
3 0.6203125 0.396875 0.0265625 0.0265625
6 0.5 0.4828125 0.475 0.065625
14 0.5 0.5828125 0.390625 0.0640625
3 0.6671875 0.9421875 0.01875 0.01875
3 0.7375 0.94375 0.0328125 0.0328125
3 0.5 0.75 0.1890625 0.1921875
6 0.4671875 0.9421875 0.440625 0.0375
17 0.5 0.9890625 0.5609375 0.0203125