14 0.5609375 0.9453125 0.16875 0.0203125
3 0.665625 0.9453125 0.01875 0.01875
6 0.5 0.9453125 0.371875 0.0484375
14 0.6421875 0.88125 0.159375 0.0171875
14 0.3578125 0.88125 0.1375 0.0171875
14 0.6640625 0.8203125 0.1890625 0.01875
14 0.2953125 0.821875 0.1078125 0.015625
14 0.4421875 0.7140625 0.3015625 0.06875
14 0.5375 0.65 0.1140625 0.0140625
14 0.4390625 0.4875 0.3109375 0.06875
14 0.5375 0.4234375 0.1140625 0.0140625
14 0.4375 0.2625 0.3140625 0.065625
14 0.5390625 0.1953125 0.1109375 0.0140625
14 0.725 0.0125 0.046875 0.0125
14 0.6125 0.0109375 0.09375 0.0171875
14 0.5 0.0109375 0.0734375 0.015625
14 0.3875 0.0109375 0.040625 0.0171875
14 0.275 0.0125 0.034375 0.0125
5 0.68125 0.653125 0.1234375 0.11875
5 0.68125 0.421875 0.06875 0.10625
5 0.68125 0.1984375 0.1265625 0.0921875
15 0.425 0.6078125 0.340625 0.04375
15 0.425 0.38125 0.340625 0.04375
15 0.425 0.1546875 0.340625 0.04375
3 0.725 0.040625 0.0328125 0.03125
3 0.6125 0.040625 0.0328125 0.03125
3 0.5 0.040625 0.0359375 0.0375
5 0.3875 0.040625 0.0359375 0.0359375
3 0.275 0.040625 0.0359375 0.0296875
17 0.5 0.9890625 0.5609375 0.0203125