17 0.5 0.9890625 0.5609375 0.0203125
14 0.4953125 0.8859375 0.1921875 0.0171875
14 0.5078125 0.85 0.2171875 0.0203125
14 0.446875 0.8140625 0.09375 0.0140625
14 0.4875 0.6953125 0.1765625 0.0171875
14 0.559375 0.6421875 0.321875 0.05625
14 0.51875 0.5890625 0.2390625 0.0140625
14 0.4875 0.50625 0.178125 0.0171875
14 0.55625 0.453125 0.3140625 0.05625
14 0.50625 0.396875 0.2125 0.01875
14 0.48125 0.315625 0.165625 0.0171875
14 0.5421875 0.2625 0.2875 0.05625
14 0.5171875 0.2078125 0.2359375 0.0171875
14 0.48125 0.125 0.1609375 0.0171875
14 0.5625 0.0875 0.3234375 0.025
14 0.5 0.9390625 0.0828125 0.0203125
5 0.309375 0.8296875 0.134375 0.1359375
5 0.309375 0.6390625 0.134375 0.134375
5 0.309375 0.45 0.134375 0.134375
5 0.309375 0.259375 0.134375 0.134375
5 0.309375 0.1015625 0.1359375 0.0703125
3 0.6703125 0.775 0.021875 0.021875
3 0.7296875 0.775 0.021875 0.01875
3 0.6703125 0.584375 0.021875 0.021875
3 0.7296875 0.5859375 0.021875 0.01875
3 0.6703125 0.3953125 0.021875 0.021875
3 0.7296875 0.3953125 0.021875 0.01875
3 0.6703125 0.2046875 0.021875 0.021875
3 0.7296875 0.2046875 0.021875 0.01875
3 0.275 0.0328125 0.0265625 0.025
3 0.3875 0.0328125 0.025 0.025
3 0.5 0.0328125 0.01875 0.0265625
3 0.6125 0.0328125 0.0296875 0.025
3 0.725 0.0328125 0.025 0.0265625