3 0.7109375 0.9734375 0.021875 0.028125
3 0.5703125 0.965625 0.0296875 0.0296875
5 0.4296875 0.965625 0.040625 0.025
5 0.290625 0.9671875 0.040625 0.0234375
3 0.503125 0.8234375 0.13125 0.021875
3 0.503125 0.584375 0.13125 0.021875
3 0.503125 0.346875 0.13125 0.021875
14 0.496875 0.9109375 0.1203125 0.015625
14 0.5921875 0.8234375 0.028125 0.0125
14 0.5125 0.790625 0.15 0.0171875
14 0.5046875 0.753125 0.134375 0.028125
14 0.465625 0.7046875 0.0609375 0.015625
14 0.45625 0.671875 0.0375 0.0125
14 0.5921875 0.5859375 0.028125 0.0125
14 0.5109375 0.553125 0.1515625 0.0171875
14 0.49375 0.5140625 0.1125 0.028125
14 0.475 0.4671875 0.0765625 0.0171875
14 0.45625 0.434375 0.0375 0.0125
14 0.5921875 0.346875 0.0265625 0.0125
14 0.5125 0.3140625 0.15 0.0171875
14 0.49375 0.2765625 0.1125 0.028125
14 0.4859375 0.2265625 0.103125 0.0203125
14 0.4875 0.1984375 0.1015625 0.015625
5 0.3296875 0.740625 0.146875 0.1078125
5 0.3296875 0.503125 0.1484375 0.125
5 0.3296875 0.2640625 0.1484375 0.128125
14 0.3234375 0.1171875 0.1515625 0.0125
14 0.734375 0.11875 0.040625 0.0125
14 0.5 0.0578125 0.334375 0.0171875
3 0.2453125 0.0578125 0.0171875 0.028125
17 0.5 0.0109375 0.5609375 0.0203125