14 0.321875 0.0296875 0.1484375 0.0203125
14 0.3421875 0.0953125 0.1875 0.021875
14 0.3171875 0.1609375 0.1421875 0.0203125
14 0.2875 0.2265625 0.0796875 0.0171875
14 0.3328125 0.290625 0.171875 0.0203125
14 0.2890625 0.3578125 0.084375 0.0171875
14 0.29375 0.421875 0.0921875 0.0203125
14 0.2625 0.4875 0.0296875 0.0171875
14 0.309375 0.553125 0.1234375 0.0171875
14 0.2921875 0.61875 0.090625 0.0171875
14 0.2875 0.6828125 0.08125 0.0203125
3 0.2546875 0.94375 0.015625 0.028125
14 0.3703125 0.8140625 0.0578125 0.0125
5 0.63125 0.8171875 0.259375 0.1359375
3 0.7484375 0.6828125 0.0109375 0.01875
3 0.7484375 0.6171875 0.0109375 0.01875
3 0.7484375 0.553125 0.0109375 0.01875
3 0.7484375 0.4875 0.0109375 0.01875
3 0.7484375 0.421875 0.0109375 0.01875
3 0.7484375 0.35625 0.0109375 0.01875
3 0.7484375 0.2921875 0.0109375 0.01875
3 0.7484375 0.2265625 0.0109375 0.01875
3 0.7484375 0.1609375 0.0109375 0.01875
3 0.7484375 0.0953125 0.0109375 0.01875
3 0.7484375 0.03125 0.0109375 0.01875
17 0.5 0.9890625 0.5609375 0.0203125