5 0.26875 0.0578125 0.046875 0.0328125
14 0.3125 0.125 0.128125 0.0203125
14 0.290625 0.1765625 0.0875 0.0171875
14 0.2796875 0.23125 0.0640625 0.0171875
14 0.2984375 0.2875 0.1 0.0203125
14 0.290625 0.340625 0.0859375 0.0171875
14 0.34375 0.396875 0.19375 0.0203125
14 0.3546875 0.4515625 0.2125 0.0203125
14 0.3171875 0.503125 0.1390625 0.0171875
14 0.3265625 0.559375 0.15625 0.0203125
14 0.2875 0.6140625 0.0796875 0.0203125
14 0.29375 0.6671875 0.09375 0.0171875
14 0.2875 0.7203125 0.0828125 0.0171875
14 0.346875 0.8015625 0.1328125 0.0171875
14 0.3734375 0.8578125 0.165625 0.021875
14 0.3171875 0.9125 0.0796875 0.0234375
3 0.2578125 0.803125 0.021875 0.021875
5 0.2625 0.8546875 0.0234375 0.0234375
3 0.2546875 0.9109375 0.01875 0.0203125
14 0.6828125 0.1765625 0.0109375 0.0125
14 0.6828125 0.2859375 0.009375 0.0125
11 0.4703125 0.5 0.5015625 0.9984375
17 0.5 0.0125 0.5609375 0.021875