14 0.3859375 0.1875 0.1828125 0.015625
14 0.384375 0.4734375 0.20625 0.0171875
14 0.3703125 0.5203125 0.18125 0.0171875
3 0.2515625 0.51875 0.021875 0.021875
3 0.2515625 0.471875 0.0203125 0.0203125
5 0.2515625 0.4234375 0.021875 0.0171875
14 0.35 0.4265625 0.1390625 0.0171875
14 0.3890625 0.378125 0.29375 0.0203125
14 0.515625 0.2859375 0.234375 0.0125
3 0.375 0.2859375 0.021875 0.021875
14 0.3453125 0.11875 0.20625 0.025
3 0.2734375 0.1859375 0.01875 0.01875
6 0.5 0.1859375 0.51875 0.0578125
17 0.5 0.0109375 0.5609375 0.0203125