14 0.5 0.059375 0.078125 0.0203125
3 0.7390625 0.0578125 0.0265625 0.0265625
3 0.2640625 0.0578125 0.0265625 0.0265625
3 0.5 0.209375 0.1078125 0.0875
14 0.5 0.275 0.184375 0.0203125
14 0.4296875 0.4078125 0.3296875 0.0203125
14 0.5609375 0.628125 0.3125 0.0609375
14 0.51875 0.678125 0.0640625 0.015625
14 0.440625 0.7078125 0.0734375 0.0140625
14 0.475 0.74375 0.0859375 0.0125
14 0.30625 0.8234375 0.0859375 0.0140625
3 0.7328125 0.8234375 0.009375 0.015625
3 0.4140625 0.7421875 0.021875 0.0171875
3 0.44375 0.678125 0.075 0.0140625
5 0.3140625 0.50625 0.1015625 0.109375
5 0.4375 0.5015625 0.1 0.096875
5 0.5625 0.5015625 0.1 0.096875
5 0.6859375 0.5015625 0.1 0.096875
5 0.321875 0.675 0.1203125 0.0921875
17 0.5 0.0109375 0.5609375 0.0203125