15 0.5 0.9421875 0.51875 0.0484375
3 0.2984375 0.865625 0.1140625 0.0234375
14 0.4234375 0.8671875 0.1109375 0.021875
14 0.496875 0.746875 0.509375 0.1328125
14 0.253125 0.6546875 0.021875 0.0125
14 0.48125 0.621875 0.225 0.021875
3 0.2984375 0.6203125 0.1140625 0.0234375
14 0.296875 0.5546875 0.109375 0.0171875
14 0.4953125 0.48125 0.5078125 0.1046875
14 0.2828125 0.403125 0.08125 0.0125
14 0.45625 0.36875 0.175 0.01875
3 0.2984375 0.3703125 0.1140625 0.0234375
14 0.296875 0.3046875 0.109375 0.0171875
14 0.496875 0.23125 0.509375 0.103125
14 0.3109375 0.1546875 0.1375 0.0171875
14 0.4125 0.121875 0.0890625 0.0203125
3 0.3 0.11875 0.1140625 0.0234375
3 0.2453125 0.0578125 0.0171875 0.028125
17 0.5 0.0109375 0.5609375 0.0203125