3 0.5 0.403125 0.1734375 0.1625
3 0.275 0.959375 0.0265625 0.0265625
3 0.3875 0.959375 0.028125 0.028125
3 0.5 0.959375 0.0265625 0.0234375
3 0.609375 0.959375 0.0296875 0.0265625
3 0.725 0.959375 0.0265625 0.00625
14 0.725 0.990625 0.03125 0.009375
14 0.275 0.990625 0.0296875 0.009375
14 0.3875 0.990625 0.04375 0.009375
14 0.5 0.990625 0.0375 0.009375
14 0.6125 0.990625 0.0390625 0.009375
15 0.5 0.71875 0.453125 0.059375
14 0.5 0.64375 0.4203125 0.046875
14 0.5 0.5625 0.3 0.0515625
14 0.3109375 0.121875 0.125 0.0328125
14 0.2875 0.0578125 0.078125 0.0171875
17 0.5 0.0109375 0.5609375 0.0203125