14 0.325 0.7890625 0.0765625 0.0109375
14 0.325 0.7140625 0.0765625 0.0109375
14 0.30625 0.6375 0.0375 0.0109375
14 0.321875 0.5625 0.0703125 0.0109375
15 0.5 0.375 0.428125 0.0546875
6 0.5 0.784375 0.428125 0.0203125
6 0.5 0.7078125 0.428125 0.0203125
6 0.5 0.6328125 0.428125 0.0203125
6 0.5 0.5578125 0.428125 0.021875
14 0.5 0.446875 0.3453125 0.0421875
14 0.5 0.84375 0.315625 0.025
14 0.5 0.925 0.0671875 0.01875
14 0.325 0.9265625 0.0390625 0.0140625
3 0.290625 0.9265625 0.0125 0.0234375
17 0.509375 0.975 0.3953125 0.0140625