14 0.44375 0.7421875 0.06875 0.015625
14 0.70625 0.5921875 0.0625 0.015625
14 0.7203125 0.665625 0.0359375 0.015625
14 0.7015625 0.7421875 0.071875 0.015625
6 0.36875 0.74375 0.2515625 0.0734375
6 0.6296875 0.7421875 0.2515625 0.0734375
6 0.5 0.665625 0.5140625 0.0703125
6 0.5 0.5890625 0.5140625 0.071875
14 0.425 0.390625 0.0484375 0.021875
14 0.5359375 0.3921875 0.1625 0.0171875
15 0.5 0.46875 0.3390625 0.0609375
17 0.5 0.9890625 0.5609375 0.0203125
5 0.4984375 0.8546875 0.1703125 0.0203125
14 0.5 0.946875 0.1640625 0.025
14 0.7203125 0.928125 0.0359375 0.0140625
3 0.7203125 0.953125 0.0296875 0.021875