5 0.634375 0.9171875 0.2515625 0.0109375
5 0.3671875 0.9171875 0.25 0.0109375
3 0.725 0.9625 0.034375 0.0234375
3 0.6109375 0.9625 0.0375 0.0328125
3 0.5 0.9625 0.03125 0.0296875
3 0.3875 0.9625 0.034375 0.03125
3 0.275 0.9625 0.0328125 0.034375
14 0.35625 0.6515625 0.2296875 0.0234375
5 0.634375 0.7640625 0.25 0.159375
5 0.365625 0.7625 0.25 0.159375
5 0.3671875 0.4671875 0.25 0.159375
5 0.634375 0.4671875 0.25 0.1609375
5 0.634375 0.2375 0.2515625 0.1609375
5 0.365625 0.2375 0.2515625 0.1609375
14 0.609375 0.871875 0.1609375 0.0171875
14 0.3171875 0.86875 0.1140625 0.0140625
14 0.565625 0.571875 0.0734375 0.015625
14 0.3140625 0.571875 0.109375 0.0140625
14 0.296875 0.3421875 0.06875 0.0140625
14 0.565625 0.3453125 0.075 0.0171875
14 0.3578125 0.1265625 0.2328125 0.0234375
14 0.5 0.059375 0.125 0.0234375
17 0.5 0.0109375 0.5609375 0.0203125