14 0.4984375 0.0578125 0.0578125 0.0171875
14 0.6203125 0.2140625 0.2125 0.1078125
14 0.653125 0.3375 0.1625 0.0203125
14 0.503125 0.3953125 0.4671875 0.0671875
15 0.5 0.4859375 0.2171875 0.040625
14 0.5828125 0.6453125 0.30625 0.1625
14 0.3203125 0.7015625 0.009375 0.015625
3 0.2828125 0.7015625 0.0390625 0.0328125
14 0.6390625 0.78125 0.1921875 0.025
14 0.5046875 0.8359375 0.4640625 0.0671875
15 0.5 0.928125 0.2171875 0.040625
3 0.734375 0.0578125 0.0234375 0.01875
14 0.3203125 0.2609375 0.0109375 0.015625
3 0.2828125 0.2609375 0.0390625 0.0328125
5 0.5 0.2046875 0.5171875 0.190625
5 0.5 0.6453125 0.51875 0.1890625
17 0.5 0.0109375 0.5609375 0.0203125