17 0.5 0.9859375 0.5609375 0.0265625
14 0.5 0.921875 0.125 0.04375
14 0.2921875 0.81875 0.10625 0.03125
14 0.3921875 0.7734375 0.3046875 0.01875
14 0.68125 0.734375 0.1609375 0.01875
6 0.5 0.6734375 0.5234375 0.0625
14 0.409375 0.6734375 0.30625 0.01875
6 0.5 0.6109375 0.5234375 0.0625
14 0.3375 0.6078125 0.165625 0.01875
2 0.259375 0.534375 0.0296875 0.0296875
14 0.3640625 0.53125 0.140625 0.01875
15 0.5 0.4375 0.5234375 0.0625
14 0.4921875 0.35625 0.50625 0.04375
14 0.484375 0.278125 0.4921875 0.040625
14 0.5 0.109375 0.309375 0.0125