14 0.4203125 0.9234375 0.1953125 0.0203125
14 0.275 0.01875 0.0578125 0.009375
14 0.3875 0.01875 0.04375 0.009375
14 0.5 0.01875 0.0359375 0.009375
14 0.6125 0.01875 0.040625 0.009375
14 0.725 0.01875 0.0515625 0.009375
3 0.725 0.05 0.0328125 0.0328125
3 0.6125 0.05 0.0296875 0.0296875
3 0.5 0.05 0.028125 0.03125
3 0.3875 0.05 0.0328125 0.028125
3 0.275 0.05 0.028125 0.03125
15 0.5 0.1359375 0.496875 0.065625
14 0.484375 0.215625 0.465625 0.0703125
14 0.3359375 0.275 0.16875 0.0109375
5 0.5 0.4515625 0.4953125 0.303125
14 0.4625 0.6625 0.41875 0.05
14 0.4078125 0.740625 0.3109375 0.0625
15 0.4328125 0.8453125 0.1203125 0.0578125
15 0.3046875 0.8453125 0.109375 0.0578125
6 0.5 0.9265625 0.496875 0.065625
3 0.2875 0.9265625 0.0203125 0.0203125
17 0.5 0.9890625 0.5609375 0.0203125