14 0.3375 0.6625 0.03125 0.0125
15 0.65 0.14375 0.1203125 0.059375
15 0.5328125 0.1453125 0.08125 0.059375
15 0.4234375 0.14375 0.1078125 0.059375
15 0.296875 0.14375 0.1125 0.059375
17 0.5 0.0109375 0.5609375 0.0203125
3 0.2453125 0.0578125 0.0171875 0.028125
3 0.740625 0.0578125 0.0234375 0.0234375
3 0.3125 0.959375 0.0265625 0.0265625
5 0.5 0.959375 0.0296875 0.0296875
3 0.6875 0.959375 0.0296875 0.0296875
14 0.5 0.059375 0.2546875 0.021875
14 0.428125 0.5765625 0.375 0.0125
14 0.478125 0.61875 0.4734375 0.05
14 0.29375 0.690625 0.1046875 0.015625
14 0.3125 0.990625 0.0484375 0.0125
14 0.5 0.990625 0.059375 0.0125
14 0.6875 0.9890625 0.0421875 0.0109375
3 0.278125 0.6625 0.075 0.0140625
5 0.5 0.375 0.51875 0.3625
5 0.5 0.8359375 0.51875 0.1921875