14 0.3734375 0.93125 0.1875 0.0171875
5 0.7375 0.93125 0.0328125 0.0328125
3 0.2625 0.93125 0.01875 0.01875
14 0.409375 0.8546875 0.3359375 0.03125
14 0.634375 0.5484375 0.040625 0.015625
14 0.3640625 0.5484375 0.0765625 0.015625
14 0.365625 0.2375 0.040625 0.0171875
14 0.6359375 0.2359375 0.0796875 0.0203125
14 0.275 0.009375 0.0640625 0.0109375
14 0.275 0.040625 0.053125 0.0203125
14 0.3875 0.009375 0.0453125 0.0109375
14 0.5 0.0078125 0.04375 0.0125
14 0.6125 0.0078125 0.0234375 0.0125
14 0.725 0.009375 0.03125 0.009375
5 0.365625 0.6984375 0.2484375 0.2484375
5 0.6359375 0.6984375 0.2484375 0.2484375
5 0.365625 0.3875 0.2484375 0.2484375
5 0.6359375 0.3875 0.2484375 0.2484375
5 0.365625 0.1328125 0.2484375 0.13125
5 0.6359375 0.1328125 0.2484375 0.13125
3 0.3875 0.040625 0.04375 0.028125
3 0.5 0.040625 0.03125 0.0296875
3 0.6125 0.040625 0.025 0.03125
3 0.725 0.040625 0.034375 0.0078125
6 0.4703125 0.93125 0.4578125 0.0484375
17 0.5 0.9890625 0.5609375 0.0203125