5 0.5 0.521875 0.378125 0.3625
14 0.5 0.2265625 0.3265625 0.028125
14 0.5015625 0.0578125 0.096875 0.01875
14 0.5 0.8359375 0.4265625 0.0453125
14 0.275 0.990625 0.0484375 0.0125
14 0.3875 0.9890625 0.04375 0.009375
14 0.5 0.9890625 0.059375 0.009375
14 0.6125 0.9890625 0.028125 0.009375
14 0.725 0.9890625 0.01875 0.009375
3 0.7234375 0.9578125 0.0234375 0.028125
3 0.6109375 0.959375 0.034375 0.034375
3 0.5 0.959375 0.034375 0.028125
3 0.3875 0.959375 0.03125 0.0328125
3 0.275 0.959375 0.0265625 0.0296875
17 0.5 0.0109375 0.5609375 0.0203125