14 0.5328125 0.671875 0.4390625 0.04375
14 0.546875 0.6265625 0.4109375 0.021875
14 0.5 0.496875 0.4046875 0.0515625
14 0.5 0.4359375 0.2453125 0.03125
14 0.56875 0.34375 0.378125 0.0265625
5 0.5 0.1734375 0.1125 0.1140625
3 0.259375 0.0578125 0.0296875 0.0296875
3 0.74375 0.0546875 0.03125 0.025
14 0.515625 0.7859375 0.4734375 0.05
14 0.5 0.8703125 0.5046875 0.096875
14 0.709375 0.990625 0.0375 0.009375
14 0.5703125 0.990625 0.0578125 0.009375
14 0.4296875 0.990625 0.040625 0.009375
14 0.2890625 0.990625 0.0546875 0.009375
3 0.2890625 0.959375 0.028125 0.028125
5 0.4296875 0.9578125 0.0296875 0.0234375
5 0.5703125 0.959375 0.028125 0.0234375
3 0.7109375 0.9578125 0.028125 0.01875
17 0.5 0.0109375 0.5609375 0.0203125