14 0.6875 0.9890625 0.0453125 0.0109375
14 0.5 0.990625 0.0609375 0.0140625
14 0.3125 0.9890625 0.046875 0.0109375
3 0.3125 0.9578125 0.0296875 0.025
5 0.5 0.95625 0.0234375 0.0296875
3 0.6875 0.9578125 0.0234375 0.025
5 0.5 0.8421875 0.5171875 0.1828125
14 0.621875 0.4828125 0.0453125 0.0140625
14 0.621875 0.628125 0.1046875 0.0140625
14 0.378125 0.59375 0.1953125 0.01875
5 0.378125 0.5921875 0.23125 0.20625
5 0.621875 0.628125 0.23125 0.134375
5 0.621875 0.4828125 0.23125 0.134375
5 0.621875 0.303125 0.23125 0.2015625
14 0.621875 0.303125 0.0625 0.0140625
14 0.378125 0.3390625 0.0625 0.0140625
5 0.378125 0.3390625 0.23125 0.275
14 0.34375 0.1609375 0.1578125 0.01875
14 0.29375 0.1203125 0.0578125 0.0203125
14 0.3640625 0.08125 0.2 0.0125
17 0.5 0.0140625 0.5609375 0.0265625