17 0.5 0.0109375 0.5609375 0.0203125
14 0.490625 0.0578125 0.121875 0.0234375
5 0.5640625 0.0578125 0.015625 0.0203125
14 0.2671875 0.059375 0.040625 0.021875
14 0.5 0.1484375 0.4765625 0.0234375
5 0.5 0.3890625 0.3953125 0.39375
10 0.5 0.646875 0.053125 0.009375
14 0.678125 0.715625 0.11875 0.015625
6 0.5 0.715625 0.50625 0.053125
15 0.5 0.7859375 0.5078125 0.059375
15 0.5 0.859375 0.5078125 0.059375
2 0.740625 0.921875 0.025 0.025
14 0.2859375 0.9234375 0.0609375 0.0203125
14 0.540625 0.9234375 0.3484375 0.015625
14 0.571875 0.965625 0.359375 0.0125