14 0.3828125 0.0578125 0.16875 0.0203125
5 0.6390625 0.0578125 0.0265625 0.0265625
3 0.278125 0.05625 0.0140625 0.0125
3 0.709375 0.0578125 0.0265625 0.0265625
3 0.7515625 0.0578125 0.0296875 0.028125
14 0.3953125 0.1453125 0.2625 0.0203125
5 0.3140625 0.24375 0.1015625 0.1078125
5 0.4375 0.2375 0.1 0.096875
5 0.5625 0.2375 0.1 0.096875
5 0.6859375 0.2375 0.1 0.096875
5 0.321875 0.43125 0.0625 0.1203125
14 0.565625 0.3734375 0.321875 0.040625
14 0.525 0.4109375 0.078125 0.015625
14 0.4390625 0.440625 0.0703125 0.0140625
14 0.475 0.4765625 0.0859375 0.0125
14 0.30625 0.5921875 0.0859375 0.0140625
14 0.3421875 0.6890625 0.1578125 0.0203125
14 0.696875 0.6875 0.0796875 0.0140625
14 0.5671875 0.915625 0.325 0.0140625
14 0.7109375 0.990625 0.0546875 0.009375
14 0.5703125 0.990625 0.040625 0.0109375
14 0.43125 0.990625 0.0578125 0.009375
14 0.2890625 0.990625 0.0375 0.009375
3 0.44375 0.409375 0.075 0.015625
3 0.4140625 0.475 0.021875 0.0171875
3 0.634375 0.6875 0.021875 0.021875
5 0.3140625 0.7875 0.1015625 0.1078125
5 0.4375 0.7828125 0.1 0.0984375
5 0.5625 0.7828125 0.1 0.096875
5 0.6859375 0.7828125 0.1 0.0984375
3 0.2890625 0.9578125 0.028125 0.01875
5 0.4296875 0.959375 0.0296875 0.025
5 0.5703125 0.9578125 0.0296875 0.0234375
3 0.7109375 0.959375 0.028125 0.028125
6 0.4609375 0.0578125 0.40625 0.0484375
17 0.5 0.0109375 0.5609375 0.0203125