5 0.290625 0.0328125 0.040625 0.025
5 0.4296875 0.034375 0.040625 0.025
3 0.5703125 0.034375 0.0296875 0.0296875
3 0.7109375 0.034375 0.021875 0.028125
14 0.3 0.0921875 0.103125 0.0171875
14 0.353125 0.20625 0.2125 0.0171875
14 0.2890625 0.3203125 0.0828125 0.0171875
14 0.3640625 0.4328125 0.2328125 0.0171875
14 0.365625 0.546875 0.2359375 0.0171875
14 0.4125 0.6609375 0.3296875 0.0171875
14 0.3640625 0.775 0.234375 0.015625
14 0.2953125 0.8875 0.0953125 0.0171875
17 0.5 0.9890625 0.5609375 0.0203125