14 0.3453125 0.61875 0.0890625 0.015625
6 0.5 0.6171875 0.5078125 0.06875
14 0.5 0.9421875 0.065625 0.0171875
14 0.73125 0.940625 0.0453125 0.015625
14 0.271875 0.940625 0.0484375 0.015625
14 0.5 0.765625 0.275 0.0203125
14 0.5 0.703125 0.4125 0.0453125
14 0.515625 0.54375 0.2328125 0.015625
14 0.5 0.0375 0.0421875 0.01875
3 0.378125 0.54375 0.0234375 0.0234375
3 0.26875 0.61875 0.0203125 0.0203125
3 0.5 0.8453125 0.0453125 0.071875
0 0.5 0.45625 0.5609375 0.9125
17 0.5 0.9875 0.5609375 0.021875