14 0.3359375 0.3296875 0.028125 0.0125
15 0.65 0.85625 0.1203125 0.059375
15 0.5328125 0.85625 0.08125 0.059375
15 0.4234375 0.85625 0.1078125 0.059375
15 0.296875 0.85625 0.1109375 0.059375
17 0.5 0.9890625 0.5609375 0.0203125
14 0.5015625 0.940625 0.2546875 0.021875
14 0.38125 0.4171875 0.278125 0.0109375
14 0.4796875 0.3734375 0.4765625 0.05
14 0.2953125 0.3 0.10625 0.015625
14 0.3125 0.009375 0.0484375 0.0125
14 0.5 0.009375 0.059375 0.0125
14 0.6875 0.0109375 0.0421875 0.0109375
3 0.2453125 0.9421875 0.0171875 0.0296875
3 0.740625 0.9421875 0.0234375 0.0234375
3 0.3125 0.040625 0.0265625 0.0265625
5 0.5 0.040625 0.0296875 0.0296875
3 0.6875 0.040625 0.0296875 0.0296875
3 0.278125 0.3296875 0.0734375 0.015625
5 0.5015625 0.6171875 0.5171875 0.3625
5 0.5 0.159375 0.51875 0.184375