14 0.321875 0.1234375 0.159375 0.0171875
14 0.315625 0.203125 0.146875 0.0203125
14 0.2921875 0.2765625 0.1015625 0.0171875
14 0.3421875 0.3296875 0.2015625 0.040625
14 0.3203125 0.4140625 0.1578125 0.0171875
14 0.3421875 0.4671875 0.2015625 0.040625
14 0.2734375 0.55 0.0625 0.0140625
14 0.2921875 0.590625 0.0984375 0.015625
14 0.34375 0.615625 0.203125 0.0171875
14 0.290625 0.6859375 0.0984375 0.0140625
14 0.3078125 0.728125 0.134375 0.015625
14 0.3421875 0.753125 0.2015625 0.0171875
14 0.275 0.825 0.065625 0.0171875
14 0.29375 0.8671875 0.103125 0.0171875
14 0.3421875 0.890625 0.2015625 0.0171875
14 0.2890625 0.990625 0.0375 0.009375
14 0.4296875 0.990625 0.0578125 0.009375
14 0.5703125 0.990625 0.040625 0.009375
14 0.7109375 0.990625 0.0546875 0.009375
14 0.6828125 0.853125 0.0515625 0.0140625
14 0.6828125 0.7171875 0.0515625 0.0140625
14 0.6828125 0.5796875 0.0515625 0.0140625
14 0.6859375 0.4421875 0.0453125 0.0140625
14 0.684375 0.3046875 0.0484375 0.0140625
14 0.4390625 0.0578125 0.28125 0.0203125
3 0.278125 0.0578125 0.01875 0.01875
3 0.7515625 0.0578125 0.0296875 0.028125
3 0.7390625 0.121875 0.040625 0.040625
3 0.746875 0.3046875 0.00625 0.0109375
3 0.746875 0.4421875 0.00625 0.0109375
3 0.746875 0.5796875 0.00625 0.0109375
3 0.746875 0.7171875 0.00625 0.0109375
3 0.746875 0.8546875 0.00625 0.0109375
3 0.7109375 0.959375 0.028125 0.028125
5 0.5703125 0.9578125 0.0296875 0.0234375
5 0.4296875 0.959375 0.028125 0.0234375
3 0.2890625 0.9578125 0.028125 0.01875
6 0.48125 0.0578125 0.446875 0.0484375
17 0.5 0.0109375 0.5609375 0.0203125