14 0.66875 0.68125 0.16875 0.0203125
14 0.7078125 0.61875 0.090625 0.0171875
14 0.715625 0.553125 0.075 0.0171875
14 0.7171875 0.4875 0.071875 0.0171875
14 0.71875 0.421875 0.06875 0.0171875
14 0.7046875 0.3578125 0.0953125 0.0171875
14 0.7109375 0.290625 0.0828125 0.0203125
14 0.7140625 0.2265625 0.0796875 0.0171875
14 0.7046875 0.1609375 0.0953125 0.0203125
14 0.6828125 0.0953125 0.1390625 0.0203125
3 0.2515625 0.0953125 0.0109375 0.01875
3 0.2515625 0.1609375 0.0109375 0.01875
3 0.2515625 0.2265625 0.0109375 0.01875
3 0.2515625 0.2921875 0.0109375 0.01875
3 0.2515625 0.35625 0.0109375 0.01875
3 0.2515625 0.421875 0.0109375 0.01875
3 0.2515625 0.4875 0.0109375 0.01875
3 0.2515625 0.5515625 0.0109375 0.01875
3 0.2515625 0.6171875 0.0109375 0.01875
3 0.2515625 0.6828125 0.0109375 0.01875
3 0.7453125 0.94375 0.015625 0.028125
14 0.6328125 0.8140625 0.146875 0.0125
5 0.36875 0.8171875 0.259375 0.1359375
17 0.5 0.9890625 0.5609375 0.0203125