14 0.296875 0.3765625 0.1015625 0.0109375
14 0.321875 0.3 0.1484375 0.0109375
14 0.3 0.2234375 0.1078125 0.0109375
14 0.303125 0.1453125 0.1125 0.0109375
14 0.5 0.9421875 0.4546875 0.0671875
14 0.6921875 0.4171875 0.1046875 0.0140625
14 0.5 0.484375 0.4796875 0.0515625
6 0.5 0.3828125 0.5078125 0.0234375
6 0.5 0.30625 0.5078125 0.0234375
6 0.5 0.2296875 0.5078125 0.0234375
6 0.5 0.1515625 0.5078125 0.0234375
14 0.5 0.05625 0.2484375 0.01875
3 0.2546875 0.053125 0.015625 0.0265625
17 0.5 0.0109375 0.5609375 0.0203125