17 0.5 0.0109375 0.5609375 0.0203125
5 0.284375 0.8671875 0.0859375 0.0859375
5 0.284375 0.7375 0.0859375 0.0859375
3 0.284375 0.60625 0.0875 0.0859375
14 0.5 0.0578125 0.075 0.028125
14 0.5 0.11875 0.0703125 0.0171875
14 0.7296875 0.11875 0.034375 0.0140625
14 0.421875 0.1984375 0.1203125 0.03125
14 0.4046875 0.2375 0.0859375 0.0171875
14 0.4265625 0.3265625 0.13125 0.025
14 0.4453125 0.3671875 0.11875 0.0171875
14 0.45625 0.4609375 0.1921875 0.021875
14 0.39375 0.49375 0.06875 0.015625
14 0.40625 0.5890625 0.0890625 0.028125
14 0.4734375 0.6296875 0.2234375 0.01875
14 0.4046875 0.7171875 0.0859375 0.025
14 0.4359375 0.7609375 0.1484375 0.01875
14 0.440625 0.853125 0.1578125 0.0203125
14 0.4109375 0.8859375 0.0984375 0.015625
14 0.3140625 0.9890625 0.053125 0.009375
14 0.5 0.990625 0.0375 0.0125
14 0.6875 0.990625 0.0703125 0.0125
5 0.26875 0.05625 0.0421875 0.040625
5 0.734375 0.053125 0.04375 0.040625
3 0.2515625 0.1171875 0.0125 0.028125
5 0.284375 0.2140625 0.0859375 0.0875
5 0.2828125 0.34375 0.0859375 0.0875
5 0.284375 0.475 0.0859375 0.0859375
3 0.3125 0.959375 0.0328125 0.0328125
5 0.5 0.959375 0.0328125 0.0328125
5 0.6875 0.959375 0.040625 0.0375
3 0.7375 0.8671875 0.028125 0.0265625
3 0.7375 0.7375 0.028125 0.028125
3 0.7375 0.3453125 0.028125 0.028125
3 0.7375 0.215625 0.028125 0.028125