14 0.6109375 0.7296875 0.0234375 0.0171875
14 0.3359375 0.7296875 0.0234375 0.0171875
14 0.6109375 0.3234375 0.0296875 0.0171875
14 0.3359375 0.321875 0.0359375 0.01875
15 0.3625 0.7859375 0.2609375 0.0546875
15 0.6375 0.7859375 0.2609375 0.0546875
15 0.6375 0.378125 0.2609375 0.0546875
15 0.3625 0.3796875 0.259375 0.053125
14 0.3875 0.3234375 0.0390625 0.0140625
14 0.659375 0.3234375 0.0390625 0.0140625
14 0.6546875 0.73125 0.0390625 0.0140625
14 0.38125 0.73125 0.0390625 0.0140625
5 0.3625 0.925 0.2609375 0.15
5 0.6375 0.9234375 0.2609375 0.1515625
5 0.64375 0.571875 0.2 0.228125
5 0.3625 0.5640625 0.2609375 0.2453125
5 0.6375 0.1640625 0.259375 0.2609375
5 0.3671875 0.16875 0.2390625 0.21875