14 0.3234375 0.8 0.1625 0.0203125
14 0.325 0.41875 0.1625 0.0203125
14 0.6984375 0.0625 0.1640625 0.0203125
14 0.3 0.0625 0.1609375 0.01875
14 0.5015625 0.0625 0.165625 0.0296875
14 0.3515625 0.3734375 0.21875 0.05
14 0.3515625 0.753125 0.21875 0.05
3 0.703125 0.971875 0.0375 0.0375
3 0.5765625 0.9703125 0.04375 0.0421875
3 0.4328125 0.971875 0.0296875 0.0375
5 0.2890625 0.971875 0.0546875 0.0375
3 0.7421875 0.8953125 0.03125 0.028125
3 0.7421875 0.515625 0.03125 0.028125
3 0.7421875 0.1359375 0.03125 0.028125
15 0.6625 0.3296875 0.190625 0.0671875
15 0.6765625 0.7765625 0.1640625 0.040625
15 0.6625 0.709375 0.190625 0.0671875
15 0.6765625 0.396875 0.1640625 0.040625
5 0.5 0.8953125 0.5609375 0.0734375
5 0.5 0.59375 0.5609375 0.2296875
5 0.5 0.2140625 0.5609375 0.23125
17 0.5 0.0109375 0.5609375 0.0203125