14 0.6671875 0.5796875 0.084375 0.0171875
14 0.6484375 0.665625 0.1234375 0.0171875
14 0.415625 0.7515625 0.0921875 0.015625
14 0.6625 0.753125 0.09375 0.015625
6 0.5 0.5796875 0.4859375 0.075
6 0.5 0.6671875 0.4859375 0.075
6 0.375 0.753125 0.2375 0.075
6 0.6234375 0.753125 0.2375 0.075
5 0.5015625 0.9421875 0.0984375 0.0328125
3 0.7265625 0.9421875 0.025 0.025
14 0.5921875 0.840625 0.296875 0.03125
14 0.4984375 0.496875 0.434375 0.0515625
14 0.5 0.325 0.15 0.0171875
14 0.5 0.04375 0.2953125 0.021875
3 0.5625 0.2515625 0.0765625 0.0765625
3 0.4375 0.2515625 0.0765625 0.0765625
15 0.5 0.4 0.2546875 0.0765625
17 0.5 0.9890625 0.5609375 0.0203125