14 0.2875 0.6140625 0.0875 0.021875
14 0.26875 0.696875 0.0515625 0.0203125
6 0.5 0.690625 0.51875 0.0328125
6 0.5 0.609375 0.51875 0.0328125
14 0.5 0.94375 0.075 0.0375
14 0.7203125 0.94375 0.0515625 0.0171875
14 0.5 0.86875 0.1515625 0.01875
14 0.5 0.75 0.1515625 0.01875
15 0.5 0.50625 0.2609375 0.065625
14 0.5 0.4140625 0.1578125 0.025
14 0.5 0.071875 0.3671875 0.040625
14 0.73125 0.6140625 0.04375 0.0171875
3 0.634375 0.8125 0.0546875 0.0546875
5 0.5453125 0.8125 0.0546875 0.0546875
3 0.4546875 0.8125 0.0546875 0.0546875
3 0.365625 0.8125 0.0546875 0.0546875
3 0.265625 0.9421875 0.0375 0.0375
17 0.5 0.9890625 0.5609375 0.0203125