17 0.5 0.9890625 0.5609375 0.0203125
14 0.2765625 0.009375 0.0359375 0.009375
14 0.3875 0.0109375 0.0328125 0.009375
14 0.5 0.0109375 0.06875 0.0109375
14 0.6125 0.0109375 0.034375 0.009375
14 0.725 0.0109375 0.01875 0.009375
5 0.2765625 0.0390625 0.034375 0.03125
3 0.3875 0.040625 0.0265625 0.0328125
3 0.5 0.040625 0.0328125 0.03125
3 0.6125 0.040625 0.0296875 0.0328125
3 0.725 0.040625 0.03125 0.0328125
3 0.5359375 0.1296875 0.015625 0.009375
3 0.5359375 0.915625 0.015625 0.009375
3 0.2515625 0.5296875 0.0140625 0.01875
3 0.525 0.5296875 0.0140625 0.01875
3 0.2515625 0.196875 0.0140625 0.01875
3 0.525 0.196875 0.0140625 0.01875
14 0.4890625 0.9171875 0.059375 0.0140625
14 0.26875 0.8453125 0.075 0.0171875
14 0.3296875 0.6296875 0.171875 0.015625
14 0.309375 0.5796875 0.128125 0.0484375
14 0.346875 0.528125 0.1578125 0.015625
14 0.603125 0.628125 0.16875 0.015625
14 0.6140625 0.5796875 0.1890625 0.0515625
14 0.621875 0.528125 0.1578125 0.0140625
14 0.3296875 0.296875 0.171875 0.015625
14 0.340625 0.2484375 0.190625 0.046875
14 0.3328125 0.1953125 0.128125 0.0140625
14 0.6046875 0.296875 0.171875 0.015625
14 0.621875 0.2453125 0.20625 0.0515625
14 0.621875 0.1953125 0.1578125 0.0140625
14 0.4890625 0.1296875 0.059375 0.0140625
5 0.3625 0.734375 0.265625 0.1640625
5 0.6375 0.734375 0.265625 0.1640625
5 0.3625 0.4015625 0.265625 0.1640625
5 0.6375 0.4015625 0.2671875 0.1640625