17 0.5 0.9890625 0.5609375 0.021875
3 0.7484375 0.9453125 0.0171875 0.0328125
14 0.5 0.940625 0.1015625 0.025
5 0.496875 0.7859375 0.1890625 0.0546875
14 0.5890625 0.7 0.271875 0.0328125
6 0.503125 0.6515625 0.446875 0.040625
14 0.6671875 0.6515625 0.0921875 0.0140625
6 0.503125 0.596875 0.446875 0.040625
14 0.6671875 0.596875 0.090625 0.0140625
6 0.503125 0.5421875 0.446875 0.040625
14 0.6796875 0.5421875 0.0671875 0.0140625
6 0.503125 0.4875 0.446875 0.040625
14 0.690625 0.4875 0.04375 0.0140625
6 0.503125 0.434375 0.4453125 0.040625
14 0.671875 0.4328125 0.08125 0.0140625
6 0.5046875 0.3796875 0.446875 0.040625
14 0.6390625 0.378125 0.1484375 0.0171875
15 0.6453125 0.315625 0.1625 0.046875
2 0.715625 0.2625 0.034375 0.0328125
14 0.5546875 0.2609375 0.25625 0.01875