14 0.3234375 0.4640625 0.1515625 0.0125
14 0.3515625 0.4375 0.209375 0.015625
14 0.41875 0.4890625 0.34375 0.015625
14 0.3578125 0.5140625 0.221875 0.015625
14 0.4046875 0.5390625 0.3140625 0.015625
14 0.3875 0.565625 0.2796875 0.0109375
15 0.5 0.625 0.5078125 0.0609375
14 0.5 0.684375 0.015625 0.009375
15 0.5 0.746875 0.5078125 0.0609375
14 0.4171875 0.8078125 0.3390625 0.0125
14 0.428125 0.85625 0.3640625 0.0171875
14 0.35625 0.8828125 0.21875 0.0109375
14 0.5 0.9421875 0.103125 0.0171875
3 0.2546875 0.94375 0.0171875 0.028125
17 0.5 0.9890625 0.5609375 0.0203125