14 0.3265625 0.5734375 0.121875 0.0171875
14 0.3515625 0.6625 0.171875 0.0171875
14 0.5671875 0.7515625 0.1203125 0.0171875
14 0.328125 0.75 0.128125 0.0171875
17 0.5 0.9890625 0.5609375 0.0203125
3 0.2484375 0.9453125 0.0171875 0.0265625
14 0.7375 0.946875 0.04375 0.015625
14 0.5 0.8375 0.23125 0.015625
6 0.378125 0.7390625 0.23125 0.0375
6 0.621875 0.7390625 0.23125 0.0390625
6 0.5 0.6515625 0.475 0.0375
6 0.5015625 0.5640625 0.4734375 0.0375
14 0.353125 0.528125 0.1796875 0.015625
14 0.5 0.34375 0.2203125 0.0234375
14 0.5 0.0609375 0.35 0.05
15 0.5015625 0.890625 0.475 0.065625
15 0.5 0.4421875 0.475 0.065625