15 0.309375 0.803125 0.16875 0.0484375
15 0.4984375 0.803125 0.1875 0.0484375
3 0.25 0.8984375 0.0234375 0.0234375
17 0.5 0.9890625 0.5609375 0.0203125
3 0.2484375 0.9421875 0.021875 0.021875
3 0.6921875 0.0234375 0.021875 0.021875
3 0.7453125 0.0234375 0.021875 0.01875
3 0.690625 0.609375 0.021875 0.021875
3 0.746875 0.609375 0.021875 0.01875
3 0.6921875 0.415625 0.021875 0.021875
3 0.7453125 0.4140625 0.021875 0.01875
3 0.6921875 0.21875 0.021875 0.021875
3 0.7453125 0.21875 0.021875 0.01875
6 0.5 0.8859375 0.540625 0.0515625
15 0.6484375 0.8046875 0.0890625 0.0484375
14 0.4890625 0.7375 0.18125 0.01875
14 0.5734375 0.6765625 0.346875 0.0609375
14 0.5203125 0.6171875 0.2421875 0.01875
14 0.48125 0.5421875 0.165625 0.0171875
14 0.5421875 0.4828125 0.2875 0.05625
14 0.521875 0.421875 0.2421875 0.01875
14 0.4890625 0.3453125 0.18125 0.01875
14 0.5109375 0.284375 0.225 0.0609375
14 0.446875 0.228125 0.09375 0.0140625
15 0.7421875 0.8046875 0.0765625 0.0484375
14 0.49375 0.15 0.190625 0.0171875
14 0.515625 0.109375 0.2296875 0.0203125
14 0.51875 0.06875 0.2390625 0.0140625
5 0.309375 0.678125 0.1359375 0.1359375
5 0.309375 0.4828125 0.1359375 0.1359375
5 0.309375 0.2875 0.1359375 0.1359375
5 0.309375 0.0921875 0.1359375 0.1359375