14 0.29375 0.4328125 0.0515625 0.015625
14 0.2796875 0.6109375 0.0796875 0.0171875
17 0.5 0.0109375 0.5609375 0.0203125
14 0.5015625 0.05625 0.0609375 0.01875
14 0.359375 0.1078125 0.128125 0.0171875
14 0.640625 0.1109375 0.1015625 0.0203125
14 0.3359375 0.1734375 0.1828125 0.0171875
14 0.2921875 0.290625 0.05 0.015625
14 0.465625 0.334375 0.3984375 0.05
14 0.3140625 0.378125 0.09375 0.0109375
14 0.4703125 0.4890625 0.40625 0.075
14 0.3046875 0.55 0.0734375 0.0109375
14 0.4140625 0.378125 0.0234375 0.0109375
14 0.3984375 0.55 0.0328125 0.0109375
14 0.2921875 0.665625 0.05 0.015625
14 0.459375 0.709375 0.384375 0.05
14 0.3046875 0.7546875 0.0734375 0.0109375
14 0.3984375 0.7546875 0.0328125 0.0109375
14 0.2921875 0.8078125 0.05 0.015625
14 0.4609375 0.85 0.3859375 0.0453125
14 0.3265625 0.8984375 0.1171875 0.0140625
14 0.4421875 0.896875 0.03125 0.0109375
14 0.275 0.9890625 0.0375 0.009375
14 0.3875 0.9890625 0.0328125 0.009375
14 0.5 0.9890625 0.06875 0.009375
14 0.6125 0.9890625 0.034375 0.009375
14 0.725 0.9890625 0.0171875 0.009375
13 0.721875 0.175 0.06875 0.0421875
5 0.2765625 0.959375 0.034375 0.03125
3 0.3875 0.959375 0.0265625 0.0328125
3 0.5 0.959375 0.0328125 0.03125
3 0.6125 0.9578125 0.028125 0.0328125
3 0.725 0.9578125 0.0296875 0.0328125
3 0.3875 0.3796875 0.015625 0.0140625
3 0.3671875 0.55 0.015625 0.0140625
3 0.3671875 0.7546875 0.015625 0.0140625
3 0.4125 0.896875 0.015625 0.0140625
14 0.2640625 0.234375 0.0484375 0.0171875
5 0.725 0.3390625 0.0671875 0.06875
5 0.7234375 0.48125 0.06875 0.06875
5 0.725 0.715625 0.0671875 0.0671875
5 0.725 0.8578125 0.0671875 0.06875