15 0.5 0.0578125 0.51875 0.0484375
3 0.7015625 0.134375 0.1140625 0.0234375
14 0.5765625 0.1328125 0.1109375 0.021875
14 0.503125 0.253125 0.509375 0.1328125
14 0.746875 0.3453125 0.021875 0.0125
14 0.51875 0.378125 0.225 0.021875
3 0.7015625 0.3796875 0.1140625 0.0234375
14 0.703125 0.4453125 0.109375 0.0171875
14 0.5046875 0.51875 0.5078125 0.1046875
14 0.7171875 0.596875 0.08125 0.0125
14 0.54375 0.63125 0.175 0.01875
3 0.7015625 0.6296875 0.1140625 0.0234375
14 0.703125 0.6953125 0.109375 0.0171875
14 0.503125 0.76875 0.509375 0.103125
14 0.6890625 0.8453125 0.1375 0.0171875
14 0.5875 0.878125 0.0890625 0.0203125
3 0.7 0.88125 0.1140625 0.0234375
3 0.7546875 0.9421875 0.0171875 0.028125
17 0.5 0.9890625 0.5609375 0.0203125