14 0.3671875 0.74375 0.1328125 0.0203125
14 0.6328125 0.74375 0.140625 0.0203125
14 0.6328125 0.4515625 0.1546875 0.0171875
14 0.3671875 0.453125 0.146875 0.021875
5 0.6328125 0.6890625 0.2421875 0.203125
5 0.3671875 0.6890625 0.2421875 0.203125
14 0.3578125 0.553125 0.2203125 0.021875
5 0.6328125 0.3984375 0.2421875 0.203125
5 0.3671875 0.3984375 0.2421875 0.203125
14 0.34375 0.2625 0.1921875 0.0203125
14 0.36875 0.1765625 0.2421875 0.0234375
3 0.753125 0.175 0.0109375 0.0203125
17 0.5 0.0109375 0.5609375 0.0203125
14 0.5 0.05625 0.075 0.021875
14 0.5 0.096875 0.446875 0.01875
14 0.275 0.9890625 0.03125 0.009375
14 0.3875 0.9890625 0.03125 0.0109375
14 0.5 0.9890625 0.0359375 0.009375
14 0.6109375 0.990625 0.0578125 0.0125
14 0.725 0.9890625 0.0171875 0.009375
3 0.275 0.9578125 0.0359375 0.034375
3 0.6109375 0.959375 0.040625 0.0359375
3 0.4984375 0.9578125 0.0421875 0.0375
3 0.3875 0.959375 0.0390625 0.0359375
3 0.725 0.959375 0.0359375 0.034375