14 0.5015625 0.0578125 0.090625 0.0171875
14 0.5 0.49375 0.221875 0.021875
14 0.5 0.7296875 0.321875 0.0140625
14 0.5 0.5734375 0.4984375 0.04375
14 0.2765625 0.990625 0.034375 0.009375
14 0.3875 0.990625 0.0390625 0.0109375
14 0.5 0.990625 0.0515625 0.0109375
14 0.6109375 0.990625 0.0203125 0.009375
14 0.725 0.9921875 0.0390625 0.0125
5 0.5 0.3625 0.159375 0.1453125
15 0.5 0.6578125 0.271875 0.0546875
3 0.275 0.959375 0.0375 0.0375
3 0.3875 0.959375 0.0375 0.0375
3 0.5 0.959375 0.0375 0.034375
3 0.6125 0.959375 0.0375 0.0375
3 0.725 0.959375 0.0375 0.0375
17 0.5 0.0109375 0.5609375 0.0203125