14 0.4984375 0.175 0.06875 0.0125
14 0.6859375 0.175 0.040625 0.0125
14 0.3109375 0.175 0.0375 0.0125
14 0.303125 0.25 0.059375 0.0125
14 0.3390625 0.4015625 0.13125 0.0125
14 0.296875 0.478125 0.0453125 0.0125
14 0.3046875 0.553125 0.059375 0.0125
14 0.3515625 0.70625 0.1515625 0.0125
14 0.309375 0.8125 0.1359375 0.0171875
14 0.321875 0.925 0.096875 0.0125
3 0.290625 0.9671875 0.025 0.0265625
3 0.43125 0.96875 0.03125 0.0265625
3 0.5703125 0.9671875 0.025 0.0265625
3 0.715625 0.971875 0.0359375 0.034375
3 0.2625 0.0953125 0.0203125 0.01875
3 0.7375 0.09375 0.0265625 0.021875
3 0.7484375 0.2484375 0.009375 0.0171875
3 0.7484375 0.325 0.009375 0.0171875
3 0.7484375 0.4015625 0.009375 0.0171875
3 0.7484375 0.4765625 0.009375 0.0171875
3 0.7484375 0.553125 0.009375 0.0171875
3 0.7484375 0.6296875 0.009375 0.0171875
3 0.7484375 0.7046875 0.009375 0.0171875
14 0.30625 0.6296875 0.0625 0.0125
14 0.321875 0.325 0.09375 0.0125
14 0.371875 0.096875 0.1296875 0.0140625
5 0.4703125 0.9171875 0.09375 0.0328125
5 0.6 0.9171875 0.0953125 0.0328125
5 0.7296875 0.9171875 0.0953125 0.0328125
17 0.5 0.0109375 0.5609375 0.0203125