14 0.3234375 0.1125 0.075 0.0140625
6 0.5 0.1125 0.5078125 0.0484375
3 0.2671875 0.1125 0.0203125 0.01875
3 0.5 0.484375 0.04375 0.0578125
14 0.5 0.559375 0.334375 0.0265625
14 0.5 0.6296875 0.4 0.01875
14 0.275 0.990625 0.0375 0.009375
14 0.3875 0.9921875 0.065625 0.0125
14 0.5 0.9921875 0.0328125 0.0125
14 0.6125 0.990625 0.053125 0.0109375
14 0.7234375 0.990625 0.0453125 0.0109375
3 0.275 0.959375 0.0296875 0.03125
5 0.3875 0.959375 0.0296875 0.028125
5 0.5 0.959375 0.0296875 0.028125
3 0.6125 0.959375 0.0296875 0.028125
3 0.7234375 0.959375 0.0234375 0.03125
17 0.5 0.0109375 0.5609375 0.0203125