14 0.3 0.4140625 0.0796875 0.0125
14 0.2890625 0.275 0.053125 0.0125
14 0.5734375 0.603125 0.1515625 0.0171875
14 0.384375 0.603125 0.065625 0.0171875
15 0.5 0.49375 0.50625 0.059375
6 0.5 0.415625 0.50625 0.059375
6 0.5 0.275 0.50625 0.059375
14 0.2875 0.3484375 0.0796875 0.0125
14 0.275 0.2078125 0.053125 0.0125
14 0.4828125 0.1265625 0.471875 0.0375
14 0.5 0.059375 0.21875 0.0203125
14 0.2875 0.0578125 0.0515625 0.0171875
3 0.2453125 0.0578125 0.015625 0.028125
17 0.5 0.0109375 0.5609375 0.0203125