14 0.5 0.05625 0.0921875 0.0171875
14 0.5 0.1640625 0.290625 0.028125
14 0.275 0.990625 0.0609375 0.0140625
14 0.3890625 0.9890625 0.0546875 0.0109375
14 0.5 0.9890625 0.03125 0.0109375
14 0.725 0.9890625 0.034375 0.0109375
14 0.6109375 0.9890625 0.0546875 0.0109375
5 0.725 0.959375 0.0265625 0.0375
3 0.6125 0.959375 0.0375 0.0375
5 0.5 0.959375 0.0375 0.0375
3 0.3875 0.959375 0.03125 0.0375
5 0.275 0.959375 0.0328125 0.0375
15 0.5 0.871875 0.5296875 0.06875
14 0.5 0.71875 0.4859375 0.046875
5 0.5 0.375 0.5609375 0.575
17 0.5 0.0109375 0.5609375 0.0203125