10 0.5 0.0546875 0.0515625 0.0078125
14 0.4984375 0.1359375 0.315625 0.0359375
14 0.6421875 0.4546875 0.2109375 0.0421875
14 0.365625 0.46875 0.2171875 0.0671875
14 0.29375 0.5390625 0.0859375 0.0203125
14 0.465625 0.5375 0.0203125 0.0203125
14 0.56875 0.5390625 0.0875 0.0203125
14 0.7390625 0.5375 0.0203125 0.0203125
14 0.65625 0.8 0.1875 0.040625
14 0.3875 0.8015625 0.171875 0.0421875
14 0.29375 0.884375 0.0859375 0.0203125
14 0.465625 0.8828125 0.0203125 0.0203125
14 0.5671875 0.884375 0.0828125 0.0203125
14 0.7390625 0.8828125 0.0203125 0.0203125
14 0.725 0.990625 0.040625 0.009375
14 0.6125 0.990625 0.040625 0.0109375
14 0.5 0.990625 0.0484375 0.0109375
14 0.3875 0.990625 0.0671875 0.0125
14 0.275 0.9921875 0.0796875 0.0125
5 0.275 0.959375 0.0390625 0.0265625
3 0.3875 0.959375 0.0234375 0.028125
3 0.5 0.959375 0.0265625 0.0265625
3 0.6125 0.9578125 0.025 0.0296875
3 0.725 0.959375 0.028125 0.025
5 0.7109375 0.884375 0.021875 0.01875
5 0.4390625 0.8828125 0.021875 0.01875
5 0.7109375 0.5375 0.021875 0.0203125
5 0.4375 0.5375 0.021875 0.01875
5 0.6375 0.3234375 0.259375 0.1734375
5 0.3625 0.3234375 0.259375 0.1734375
5 0.3625 0.66875 0.259375 0.1734375
5 0.6375 0.66875 0.259375 0.1734375
17 0.5 0.0109375 0.5609375 0.0203125