14 0.3125 0.990625 0.046875 0.0125
14 0.5 0.990625 0.059375 0.0125
14 0.6875 0.9890625 0.040625 0.009375
3 0.6875 0.959375 0.0296875 0.0296875
5 0.5 0.959375 0.0296875 0.0296875
3 0.3125 0.959375 0.0265625 0.0265625
15 0.65 0.14375 0.1203125 0.059375
15 0.5328125 0.14375 0.08125 0.059375
15 0.4234375 0.14375 0.1078125 0.059375
15 0.296875 0.14375 0.1109375 0.059375
5 0.5 0.8328125 0.5171875 0.2
3 0.278125 0.6546875 0.0734375 0.0140625
14 0.296875 0.6828125 0.1109375 0.0140625
14 0.3375 0.6546875 0.0296875 0.0125
14 0.3328125 0.6234375 0.1828125 0.021875
14 0.4859375 0.596875 0.4875 0.021875
14 0.43125 0.56875 0.3796875 0.0125
5 0.5 0.3703125 0.5171875 0.35625
3 0.2453125 0.0578125 0.0171875 0.028125
14 0.5 0.059375 0.240625 0.021875
3 0.740625 0.0578125 0.0234375 0.0234375
17 0.5 0.0109375 0.5609375 0.0203125