14 0.3125 0.009375 0.046875 0.0125
14 0.5 0.009375 0.059375 0.0125
14 0.6875 0.0109375 0.040625 0.009375
3 0.6875 0.040625 0.0296875 0.0296875
5 0.5 0.040625 0.0296875 0.0296875
3 0.3125 0.040625 0.0265625 0.0265625
15 0.65 0.85625 0.1203125 0.059375
15 0.5328125 0.85625 0.08125 0.059375
15 0.4234375 0.85625 0.1078125 0.059375
15 0.296875 0.85625 0.1109375 0.059375
5 0.5 0.1671875 0.5171875 0.2
3 0.278125 0.3453125 0.0734375 0.0140625
14 0.296875 0.3171875 0.1109375 0.0140625
14 0.3375 0.3453125 0.0296875 0.0125
14 0.3328125 0.3765625 0.1828125 0.021875
14 0.4859375 0.403125 0.4875 0.021875
14 0.43125 0.43125 0.3796875 0.0125
5 0.5 0.6296875 0.5171875 0.35625
3 0.2453125 0.9421875 0.0171875 0.028125
14 0.5 0.940625 0.240625 0.021875
3 0.740625 0.9421875 0.0234375 0.0234375
17 0.5 0.9890625 0.5609375 0.0203125