14 0.4984375 0.94375 0.059375 0.0171875
14 0.5 0.5109375 0.325 0.0765625
14 0.5 0.4390625 0.3078125 0.021875
14 0.725 0.0140625 0.040625 0.0109375
14 0.6125 0.015625 0.046875 0.0125
14 0.5 0.0125 0.0328125 0.015625
14 0.3875 0.015625 0.0359375 0.0125
14 0.275 0.0140625 0.0578125 0.0109375
3 0.275 0.040625 0.0265625 0.0265625
3 0.3875 0.040625 0.0265625 0.0203125
3 0.5 0.040625 0.0265625 0.0234375
3 0.6125 0.040625 0.0265625 0.0234375
3 0.7234375 0.040625 0.0296875 0.028125
3 0.2578125 0.9421875 0.0234375 0.0296875
5 0.5 0.6609375 0.1453125 0.1265625
15 0.5 0.334375 0.1703125 0.0765625
17 0.5 0.9890625 0.5609375 0.0203125