3 0.7234375 0.0375 0.0328125 0.034375
3 0.6109375 0.0375 0.034375 0.03125
3 0.5 0.0375 0.03125 0.0296875
3 0.3890625 0.0375 0.0375 0.0328125
3 0.275 0.0375 0.0328125 0.0203125
15 0.3 0.51875 0.0859375 0.0484375
15 0.3 0.390625 0.0859375 0.0484375
14 0.6203125 0.4171875 0.0609375 0.015625
14 0.509375 0.378125 0.2828125 0.0390625
14 0.5234375 0.503125 0.25625 0.0421875
14 0.6265625 0.54375 0.0484375 0.0171875
15 0.3 0.659375 0.0859375 0.0484375
14 0.521875 0.6453125 0.2578125 0.0640625
14 0.6203125 0.696875 0.0625 0.015625
5 0.70625 0.390625 0.0859375 0.0859375
5 0.70625 0.51875 0.0625 0.065625
5 0.70625 0.659375 0.0859375 0.0859375
5 0.70625 0.8234375 0.0859375 0.0859375
15 0.3 0.8234375 0.0859375 0.0484375
14 0.50625 0.8109375 0.2890625 0.0890625
14 0.6234375 0.875 0.053125 0.015625
14 0.5 0.940625 0.125 0.0234375
3 0.7375 0.94375 0.015625 0.0265625
17 0.5 0.9890625 0.5609375 0.0203125