17 0.5 0.0109375 0.5609375 0.0203125
14 0.5 0.0609375 0.0828125 0.0203125
14 0.34375 0.121875 0.2015625 0.0234375
14 0.575 0.1859375 0.3515625 0.0609375
14 0.5765625 0.2921875 0.35625 0.04375
14 0.546875 0.35 0.2953125 0.0171875
14 0.5765625 0.43125 0.35625 0.0609375
14 0.578125 0.5359375 0.359375 0.0421875
14 0.54375 0.5953125 0.2890625 0.01875
14 0.5609375 0.675 0.325 0.0609375
14 0.5703125 0.7796875 0.34375 0.0421875
14 0.559375 0.840625 0.31875 0.0171875
14 0.5 0.90625 0.2828125 0.015625
5 0.309375 0.2484375 0.1359375 0.2046875
5 0.309375 0.49375 0.1359375 0.2046875
5 0.309375 0.7375 0.1359375 0.2046875
3 0.275 0.9671875 0.025 0.0265625
3 0.3875 0.9671875 0.0265625 0.025
3 0.5 0.9671875 0.0203125 0.0265625
3 0.6125 0.9671875 0.028125 0.0265625
3 0.725 0.9671875 0.0265625 0.0265625