17 0.50625 0.025 0.4 0.0140625
14 0.534375 0.853125 0.04375 0.015625
14 0.60625 0.8234375 0.1875 0.03125
14 0.303125 0.853125 0.04375 0.015625
14 0.384375 0.8234375 0.209375 0.03125
3 0.6890625 0.6046875 0.028125 0.0265625
3 0.4578125 0.6046875 0.028125 0.028125
14 0.534375 0.5 0.04375 0.015625
14 0.6109375 0.46875 0.1984375 0.028125
14 0.30625 0.5 0.05 0.015625
14 0.384375 0.46875 0.2078125 0.028125
3 0.6890625 0.2515625 0.0265625 0.028125
3 0.459375 0.2515625 0.0265625 0.028125
14 0.6828125 0.0734375 0.0484375 0.0140625
14 0.5 0.0765625 0.2421875 0.0171875
3 0.3046875 0.0734375 0.0109375 0.0203125
14 0.3578125 0.1234375 0.0859375 0.0125
14 0.490625 0.1234375 0.075 0.0109375
14 0.61875 0.125 0.0875 0.015625
3 0.6765625 0.125 0.00625 0.0140625
5 0.6171875 0.6875 0.2109375 0.2140625
5 0.3859375 0.6875 0.2109375 0.2140625
5 0.6171875 0.334375 0.2109375 0.2140625
5 0.3859375 0.334375 0.1578125 0.2109375
14 0.684375 0.9546875 0.0625 0.0109375
14 0.5921875 0.953125 0.040625 0.009375
14 0.5 0.953125 0.0234375 0.0078125
14 0.4078125 0.9546875 0.0265625 0.0109375
14 0.315625 0.953125 0.03125 0.0078125
3 0.6828125 0.9296875 0.0203125 0.015625
3 0.5921875 0.9296875 0.0203125 0.0203125
3 0.4984375 0.9296875 0.025 0.021875
3 0.4078125 0.928125 0.03125 0.01875
3 0.315625 0.9296875 0.0234375 0.021875