5 0.5 0.2046875 0.1125 0.1125
5 0.5 0.4265625 0.1125 0.1125
3 0.5 0.6484375 0.1109375 0.1125
5 0.5 0.85 0.1125 0.1125
5 0.725 0.959375 0.0328125 0.0375
3 0.6125 0.959375 0.03125 0.0375
5 0.5 0.959375 0.0375 0.0375
3 0.3875 0.959375 0.0375 0.0375
5 0.275 0.959375 0.0265625 0.0375
14 0.725 0.990625 0.0609375 0.0140625
14 0.6125 0.9890625 0.0546875 0.0109375
14 0.5 0.9890625 0.0296875 0.0109375
14 0.3890625 0.9890625 0.0546875 0.0109375
14 0.275 0.9890625 0.034375 0.0109375
14 0.5 0.921875 0.33125 0.0171875
14 0.5 0.7328125 0.34375 0.0375
14 0.5 0.521875 0.3890625 0.059375
14 0.5 0.2984375 0.365625 0.0609375
14 0.6734375 0.115625 0.09375 0.0171875
14 0.5296875 0.1140625 0.0640625 0.0125
14 0.409375 0.1140625 0.0484375 0.0125
14 0.3015625 0.1140625 0.040625 0.0125
14 0.5 0.0578125 0.09375 0.01875
17 0.5 0.0109375 0.5609375 0.021875