14 0.44375 0.3109375 0.071875 0.0125
14 0.725 0.3109375 0.075 0.0125
14 0.7125 0.371875 0.096875 0.0125
14 0.7296875 0.4328125 0.0640625 0.0125
6 0.5 0.4453125 0.5265625 0.0375
6 0.5 0.384375 0.5265625 0.0375
6 0.3578125 0.325 0.24375 0.0375
6 0.640625 0.3234375 0.24375 0.0375
3 0.740625 0.05625 0.0234375 0.0234375
5 0.5 0.165625 0.271875 0.0453125
14 0.6421875 0.2453125 0.078125 0.0125
14 0.359375 0.2453125 0.084375 0.0125
14 0.534375 0.50625 0.45 0.040625
15 0.5 0.959375 0.540625 0.059375
17 0.5 0.0140625 0.5609375 0.0265625