3 0.75 0.7984375 0.01875 0.0265625
14 0.5 0.9359375 0.1375 0.0265625
14 0.690625 0.8640625 0.0625 0.0234375
14 0.6828125 0.7984375 0.0796875 0.0234375
14 0.6984375 0.7359375 0.1203125 0.01875
14 0.6890625 0.6703125 0.1390625 0.01875
14 0.68125 0.603125 0.1515625 0.0234375
14 0.65 0.5265625 0.21875 0.0234375
14 0.68125 0.4640625 0.1546875 0.01875
14 0.725 0.0140625 0.04375 0.0109375
14 0.6125 0.0140625 0.0875 0.0125
14 0.5 0.015625 0.084375 0.0109375
14 0.3875 0.0140625 0.0640625 0.0125
14 0.275 0.0140625 0.0875 0.0125
3 0.7234375 0.0421875 0.0328125 0.0328125
3 0.6125 0.0421875 0.0296875 0.0328125
3 0.5 0.0421875 0.040625 0.0328125
5 0.3875 0.0421875 0.0328125 0.0328125
3 0.275 0.0421875 0.0328125 0.0328125
3 0.2453125 0.603125 0.0140625 0.021875
3 0.2453125 0.66875 0.0140625 0.021875
3 0.2453125 0.734375 0.0125 0.021875
3 0.746875 0.8640625 0.025 0.0234375
17 0.5 0.9890625 0.5609375 0.0203125