14 0.5 0.94375 0.1015625 0.021875
14 0.5015625 0.7234375 0.50625 0.03125
14 0.5015625 0.6875 0.2640625 0.0203125
14 0.640625 0.49375 0.2328125 0.025
14 0.6359375 0.434375 0.1359375 0.0203125
14 0.6578125 0.3703125 0.090625 0.0171875
14 0.590625 0.303125 0.225 0.0203125
14 0.6328125 0.240625 0.1390625 0.0171875
14 0.60625 0.1734375 0.1953125 0.0203125
14 0.5875 0.1078125 0.2328125 0.0203125
14 0.725 0.009375 0.0578125 0.0109375
14 0.6125 0.009375 0.0453125 0.0109375
14 0.5 0.009375 0.0765625 0.0125
14 0.3875 0.009375 0.053125 0.0109375
14 0.275 0.009375 0.0546875 0.009375
5 0.5 0.828125 0.15 0.096875
3 0.7421875 0.4359375 0.0265625 0.021875
3 0.7421875 0.3703125 0.0265625 0.021875
3 0.7421875 0.3046875 0.0265625 0.021875
5 0.7421875 0.2390625 0.0265625 0.028125
3 0.74375 0.175 0.021875 0.0265625
3 0.7421875 0.109375 0.0203125 0.028125
3 0.725 0.0421875 0.0328125 0.03125
3 0.6125 0.040625 0.0296875 0.0296875
3 0.5 0.040625 0.0296875 0.0296875
3 0.3875 0.0421875 0.0296875 0.0265625
3 0.2765625 0.040625 0.0296875 0.0296875
3 0.2546875 0.109375 0.0109375 0.01875
3 0.25625 0.175 0.0109375 0.01875
3 0.25625 0.2390625 0.0109375 0.01875
3 0.2546875 0.3046875 0.0109375 0.01875
3 0.25625 0.3703125 0.0109375 0.01875
3 0.2546875 0.434375 0.0109375 0.01875
17 0.5 0.9890625 0.5609375 0.0203125