14 0.4015625 0.125 0.0625 0.0140625
2 0.33125 0.125 0.0265625 0.028125
14 0.3984375 0.3625 0.05625 0.0171875
2 0.3328125 0.365625 0.0265625 0.0265625
14 0.4015625 0.2421875 0.0609375 0.0171875
2 0.33125 0.24375 0.028125 0.0265625
14 0.4015625 0.484375 0.065625 0.0171875
2 0.33125 0.4859375 0.028125 0.028125
14 0.396875 0.6046875 0.053125 0.0171875
2 0.33125 0.60625 0.028125 0.0265625
14 0.4015625 0.725 0.0625 0.0171875
2 0.33125 0.7265625 0.028125 0.0265625
5 0.5 0.7265625 0.4078125 0.1015625
5 0.5 0.60625 0.4078125 0.1015625
5 0.5 0.4859375 0.4078125 0.1015625
5 0.5 0.365625 0.40625 0.1015625
5 0.5 0.2453125 0.4078125 0.1015625
5 0.5 0.1375 0.4078125 0.075
15 0.5 0.05 0.15 0.06875
14 0.5 0.871875 0.3609375 0.0421875
14 0.5 0.9234375 0.34375 0.0265625