14 0.5 0.9421875 0.1265625 0.0171875
14 0.5015625 0.5640625 0.2703125 0.109375
14 0.5 0.4578125 0.4859375 0.0578125
15 0.5 0.3734375 0.521875 0.0546875
15 0.5 0.2921875 0.521875 0.0546875
3 0.5 0.6828125 0.0671875 0.0671875
3 0.725 0.040625 0.03125 0.03125
3 0.6125 0.0421875 0.0328125 0.0328125
3 0.5 0.040625 0.03125 0.0296875
3 0.3875 0.040625 0.034375 0.0328125
3 0.275 0.0390625 0.03125 0.0078125
14 0.725 0.0140625 0.040625 0.0109375
14 0.6125 0.0109375 0.0515625 0.0140625
14 0.5 0.0140625 0.084375 0.0109375
14 0.3890625 0.0125 0.0796875 0.0109375
14 0.275 0.0125 0.03125 0.009375
0 0.5 0.4890625 0.5609375 0.8453125
17 0.5 0.9890625 0.5609375 0.0203125