14 0.6296875 0.0609375 0.20625 0.040625
14 0.6453125 0.0953125 0.065625 0.015625
14 0.5609375 0.1234375 0.06875 0.0140625
14 0.6203125 0.15625 0.1859375 0.0140625
14 0.65625 0.221875 0.1921875 0.05625
14 0.596875 0.2671875 0.0859375 0.0125
14 0.6453125 0.4265625 0.234375 0.0640625
14 0.6421875 0.4734375 0.05625 0.015625
14 0.5625 0.5015625 0.0734375 0.0140625
14 0.6203125 0.534375 0.1859375 0.0140625
14 0.65625 0.6 0.1921875 0.0546875
14 0.5984375 0.6453125 0.0859375 0.0125
14 0.6359375 0.7921875 0.21875 0.0609375
14 0.646875 0.840625 0.065625 0.015625
14 0.5578125 0.86875 0.0609375 0.0140625
14 0.6203125 0.9015625 0.1859375 0.0140625
14 0.6203125 0.965625 0.121875 0.0546875
5 0.5359375 0.965625 0.0171875 0.015625
5 0.5359375 0.9453125 0.021875 0.0125
3 0.56875 0.8390625 0.0796875 0.015625
3 0.5359375 0.6453125 0.021875 0.0171875
5 0.5359375 0.5984375 0.0171875 0.015625
5 0.5359375 0.578125 0.021875 0.0140625
3 0.56875 0.471875 0.0796875 0.0171875
3 0.5359375 0.265625 0.021875 0.0171875
5 0.5359375 0.221875 0.0171875 0.015625
5 0.5359375 0.2 0.021875 0.0140625
5 0.371875 0.153125 0.265625 0.1875
5 0.353125 0.509375 0.246875 0.1765625
14 0.3734375 0.6171875 0.0703125 0.00625
5 0.371875 0.875 0.284375 0.25
3 0.56875 0.09375 0.0796875 0.015625
17 0.5 0.0140625 0.5609375 0.0265625