14 0.5015625 0.059375 0.10625 0.0203125
14 0.303125 0.059375 0.0828125 0.021875
14 0.359375 0.1453125 0.221875 0.0171875
14 0.425 0.1984375 0.3546875 0.0171875
14 0.378125 0.271875 0.2625 0.021875
14 0.4984375 0.3328125 0.5046875 0.0390625
14 0.35 0.4171875 0.2046875 0.021875
14 0.496875 0.478125 0.5 0.0390625
14 0.315625 0.5625 0.134375 0.0171875
14 0.4578125 0.625 0.4203125 0.0390625
14 0.328125 0.709375 0.1609375 0.0171875
14 0.665625 0.709375 0.1265625 0.0171875
14 0.2890625 0.7953125 0.0828125 0.015625
14 0.3328125 0.8453125 0.16875 0.021875
14 0.3375 0.9046875 0.1796875 0.021875
14 0.3453125 0.9640625 0.1953125 0.021875
13 0.7203125 0.9625 0.06875 0.0421875
13 0.71875 0.903125 0.06875 0.0421875
13 0.7203125 0.8421875 0.06875 0.0421875
3 0.7484375 0.7078125 0.0109375 0.0171875
13 0.71875 0.5609375 0.06875 0.0421875
13 0.7203125 0.415625 0.06875 0.0421875
3 0.7484375 0.26875 0.0109375 0.0171875
13 0.7203125 0.1453125 0.06875 0.0421875
3 0.2453125 0.0578125 0.0171875 0.028125
17 0.5 0.0109375 0.5609375 0.0203125