14 0.5765625 0.1046875 0.2234375 0.021875
3 0.6875 0.959375 0.0265625 0.0265625
5 0.5 0.959375 0.0296875 0.0296875
3 0.3125 0.959375 0.0296875 0.0296875
14 0.3125 0.9890625 0.040625 0.0109375
14 0.5 0.990625 0.059375 0.0125
14 0.6875 0.990625 0.0484375 0.0125
14 0.634375 0.9015625 0.153125 0.021875
14 0.3640625 0.9 0.153125 0.01875
14 0.3640625 0.6296875 0.0609375 0.0171875
14 0.634375 0.6296875 0.1078125 0.0171875
5 0.3640625 0.8109375 0.2484375 0.2453125
5 0.634375 0.8109375 0.2484375 0.2453125
5 0.3640625 0.540625 0.2484375 0.2484375
5 0.634375 0.540625 0.246875 0.246875
14 0.634375 0.359375 0.0796875 0.0171875
14 0.3640625 0.359375 0.09375 0.0171875
5 0.3640625 0.278125 0.2484375 0.234375
5 0.634375 0.278125 0.2484375 0.234375
3 0.71875 0.103125 0.025 0.0234375
6 0.5 0.1046875 0.51875 0.0671875
17 0.5 0.0109375 0.5609375 0.0203125