14 0.5 0.0578125 0.2359375 0.0140625
3 0.259375 0.0578125 0.015625 0.015625
17 0.5 0.0109375 0.5609375 0.0203125
6 0.5 0.0578125 0.5296875 0.046875
14 0.36875 0.1421875 0.178125 0.0125
14 0.628125 0.1421875 0.16875 0.0125
14 0.4984375 0.7484375 0.5140625 0.071875
14 0.290625 0.9890625 0.0390625 0.0109375
14 0.43125 0.9890625 0.0578125 0.0109375
14 0.5703125 0.9890625 0.0609375 0.0109375
14 0.7109375 0.9890625 0.0375 0.0109375
5 0.5 0.434375 0.51875 0.51875
15 0.3265625 0.8140625 0.1703125 0.034375
5 0.5 0.9046875 0.51875 0.0578125
5 0.2890625 0.9578125 0.0359375 0.0359375
3 0.4296875 0.9578125 0.0296875 0.03125
3 0.5703125 0.9578125 0.034375 0.03125
3 0.7109375 0.9578125 0.0328125 0.034375