14 0.5 0.940625 0.184375 0.0234375
14 0.2828125 0.9421875 0.04375 0.015625
14 0.728125 0.9390625 0.040625 0.0203125
14 0.3578125 0.8953125 0.25 0.0203125
14 0.2765625 0.8625 0.0953125 0.0140625
14 0.309375 0.5453125 0.134375 0.0296875
14 0.4140625 0.540625 0.034375 0.0140625
14 0.4671875 0.540625 0.0328125 0.0140625
14 0.5375 0.5390625 0.065625 0.01875
14 0.4 0.50625 0.31875 0.01875
14 0.3515625 0.471875 0.2234375 0.015625
3 0.746875 0.846875 0.0390625 0.0375
3 0.2453125 0.9421875 0.0171875 0.028125
3 0.746875 0.3984375 0.0390625 0.0359375
14 0.328125 0.021875 0.1296875 0.0171875
14 0.2625 0.090625 0.04375 0.0125
14 0.3765625 0.0953125 0.1625 0.0296875
14 0.5 0.090625 0.04375 0.0140625
14 0.565625 0.0921875 0.0484375 0.0140625
14 0.65 0.0890625 0.0796875 0.0171875
14 0.434375 0.0546875 0.3875 0.0203125
14 0.2765625 0.4140625 0.0953125 0.0125
5 0.5 0.7265625 0.5609375 0.3
5 0.5 0.278125 0.5609375 0.3
17 0.5 0.9890625 0.5609375 0.0203125