14 0.5 0.7828125 0.1234375 0.0109375
14 0.5 0.803125 0.3203125 0.015625
3 0.271875 0.5390625 0.0109375 0.0171875
14 0.6375 0.5375 0.0484375 0.015625
3 0.7046875 0.5375 0.0484375 0.0359375
14 0.503125 0.45625 0.3328125 0.0171875
14 0.5 0.1359375 0.1453125 0.0203125
5 0.5 0.0828125 0.096875 0.0546875
15 0.5 0.3953125 0.434375 0.0609375
5 0.5 0.265625 0.5140625 0.2
3 0.296875 0.971875 0.0375 0.0375
3 0.4234375 0.971875 0.04375 0.0421875
3 0.5671875 0.971875 0.0296875 0.0375
5 0.7109375 0.971875 0.05625 0.0375
17 0.5 0.0109375 0.5609375 0.0203125