14 0.646875 0.5359375 0.1078125 0.0171875
14 0.6203125 0.6328125 0.1625 0.0171875
14 0.5 0.9421875 0.0859375 0.0171875
14 0.5 0.865625 0.365625 0.021875
14 0.5 0.7 0.021875 0.0125
14 0.31875 0.534375 0.05 0.015625
14 0.5 0.3578125 0.190625 0.0171875
14 0.5 0.2375 0.253125 0.0453125
15 0.5 0.4375 0.4390625 0.0703125
3 0.7359375 0.94375 0.0203125 0.0203125
3 0.565625 0.78125 0.0875 0.0875
3 0.434375 0.78125 0.0875 0.0875
6 0.5 0.534375 0.4390625 0.0703125
6 0.5 0.63125 0.4390625 0.0703125
17 0.5 0.9890625 0.5609375 0.0203125