14 0.5 0.7328125 0.3171875 0.0515625
14 0.671875 0.5125 0.06875 0.0140625
14 0.5 0.5125 0.0359375 0.0140625
14 0.328125 0.5125 0.0359375 0.015625
14 0.6703125 0.309375 0.0703125 0.01875
14 0.5 0.3109375 0.053125 0.0140625
14 0.3296875 0.3109375 0.0828125 0.0140625
14 0.621875 0.2453125 0.1125 0.0203125
15 0.3765625 0.246875 0.2453125 0.05625
5 0.6703125 0.6015625 0.1484375 0.1484375
5 0.5 0.6015625 0.1484375 0.1484375
5 0.328125 0.6015625 0.1484375 0.1484375
5 0.6703125 0.4015625 0.1484375 0.1484375
5 0.5 0.4015625 0.1484375 0.1484375
5 0.328125 0.4015625 0.1484375 0.1484375
11 0.5 0.5 0.534375 0.6015625
17 0.5 0.9890625 0.5609375 0.0203125