14 0.5609375 0.9421875 0.28125 0.0203125
14 0.678125 0.8765625 0.1609375 0.0171875
14 0.684375 0.796875 0.146875 0.0203125
14 0.7078125 0.7234375 0.1015625 0.0171875
14 0.6890625 0.6703125 0.1375 0.040625
14 0.315625 0.6953125 0.0484375 0.0140625
14 0.6796875 0.5875 0.159375 0.0171875
14 0.690625 0.5328125 0.1359375 0.040625
14 0.3140625 0.5578125 0.046875 0.0140625
14 0.7265625 0.4515625 0.0640625 0.0140625
14 0.3171875 0.4203125 0.0515625 0.0140625
14 0.690625 0.3953125 0.1359375 0.040625
14 0.709375 0.3140625 0.0984375 0.0140625
14 0.3171875 0.284375 0.0515625 0.0140625
14 0.690625 0.259375 0.1359375 0.040625
14 0.725 0.175 0.065625 0.0171875
14 0.3171875 0.1453125 0.0515625 0.0140625
14 0.690625 0.121875 0.1359375 0.040625
14 0.2890625 0.009375 0.0546875 0.0109375
14 0.4296875 0.0109375 0.0421875 0.0109375
14 0.5703125 0.009375 0.0578125 0.0109375
14 0.7109375 0.009375 0.0375 0.009375
3 0.7109375 0.0421875 0.028125 0.01875
5 0.5703125 0.040625 0.028125 0.025
5 0.4296875 0.0421875 0.0296875 0.0234375
3 0.2890625 0.040625 0.028125 0.028125
3 0.253125 0.146875 0.00625 0.0109375
3 0.253125 0.284375 0.00625 0.0109375
3 0.253125 0.4203125 0.00625 0.0109375
3 0.253125 0.5578125 0.00625 0.0109375
3 0.253125 0.6953125 0.00625 0.0109375
3 0.2609375 0.878125 0.040625 0.040625
3 0.2484375 0.9421875 0.0296875 0.028125
3 0.721875 0.9421875 0.01875 0.01875
6 0.51875 0.9421875 0.446875 0.0484375
17 0.5 0.9890625 0.5609375 0.0203125