14 0.4453125 0.746875 0.0578125 0.0203125
14 0.446875 0.659375 0.1015625 0.0171875
3 0.725 0.0375 0.0328125 0.0203125
3 0.6109375 0.0375 0.0375 0.03125
3 0.5 0.0375 0.03125 0.0296875
3 0.3875 0.0375 0.034375 0.03125
3 0.275 0.0375 0.0328125 0.034375
3 0.259375 0.1375 0.0203125 0.0203125
3 0.259375 0.2234375 0.01875 0.01875
3 0.259375 0.3109375 0.0203125 0.021875
3 0.259375 0.3984375 0.021875 0.0203125
5 0.259375 0.484375 0.0203125 0.01875
3 0.259375 0.571875 0.0203125 0.0203125
5 0.2578125 0.659375 0.0203125 0.0203125
3 0.259375 0.746875 0.021875 0.0203125
3 0.259375 0.8328125 0.01875 0.0203125
3 0.2578125 0.91875 0.0171875 0.0203125
14 0.440625 0.1359375 0.2828125 0.0203125
14 0.390625 0.2234375 0.1828125 0.0203125
14 0.353125 0.309375 0.109375 0.0203125
14 0.3484375 0.3984375 0.0984375 0.0203125
14 0.3625 0.4828125 0.128125 0.0203125
14 0.3890625 0.5703125 0.178125 0.0203125
14 0.34375 0.659375 0.0890625 0.015625
14 0.353125 0.746875 0.109375 0.015625
14 0.365625 0.83125 0.134375 0.0203125
14 0.3609375 0.9203125 0.121875 0.015625
17 0.5 0.9890625 0.5609375 0.0203125