14 0.5734375 0.075 0.209375 0.01875
3 0.7125 0.0734375 0.0125 0.021875
3 0.59375 0.3890625 0.0078125 0.0125
3 0.725 0.95 0.028125 0.03125
3 0.6125 0.95 0.0328125 0.028125
5 0.5 0.95 0.028125 0.03125
3 0.3875 0.95 0.0296875 0.0296875
3 0.275 0.95 0.0328125 0.0328125
15 0.7078125 0.146875 0.084375 0.04375
15 0.6046875 0.146875 0.09375 0.04375
14 0.6109375 0.225 0.2078125 0.0625
14 0.5328125 0.315625 0.365625 0.0671875
14 0.6609375 0.390625 0.1078125 0.0203125
14 0.578125 0.853125 0.3390625 0.03125
14 0.503125 0.89375 0.4875 0.0203125
14 0.725 0.98125 0.0578125 0.009375
14 0.6125 0.98125 0.04375 0.009375
14 0.5 0.98125 0.0359375 0.009375
14 0.3875 0.98125 0.040625 0.0109375
14 0.275 0.98125 0.053125 0.009375
5 0.5 0.48125 0.496875 0.596875
6 0.5 0.0734375 0.4984375 0.065625
17 0.5 0.0109375 0.5609375 0.0203125