3 0.2609375 0.9421875 0.025 0.0234375
3 0.725 0.0328125 0.0265625 0.0265625
3 0.6125 0.0328125 0.0296875 0.0265625
3 0.5 0.0328125 0.0296875 0.0265625
3 0.3875 0.0328125 0.0265625 0.0296875
3 0.275 0.0328125 0.0234375 0.028125
14 0.578125 0.18125 0.1 0.025
14 0.2796875 0.1828125 0.096875 0.025
14 0.3109375 0.4015625 0.1171875 0.015625
14 0.6703125 0.4015625 0.1515625 0.025
14 0.696875 0.5140625 0.1 0.0171875
5 0.5390625 0.721875 0.4171875 0.3390625
5 0.3109375 0.2109375 0.184375 0.2875
5 0.578125 0.2109375 0.3390625 0.2890625
14 0.5 0.940625 0.0515625 0.0203125
17 0.5 0.9890625 0.5609375 0.0203125