17 0.5 0.0109375 0.5609375 0.0203125
3 0.259375 0.0578125 0.0265625 0.0265625
5 0.5 0.0578125 0.225 0.0265625
14 0.4984375 0.103125 0.4234375 0.01875
6 0.5 0.1984375 0.51875 0.075
14 0.3328125 0.196875 0.103125 0.0171875
6 0.5 0.296875 0.51875 0.075
14 0.33125 0.2953125 0.103125 0.015625
6 0.5 0.39375 0.51875 0.075
14 0.3484375 0.3921875 0.1359375 0.0171875
6 0.5 0.4921875 0.51875 0.075
14 0.3265625 0.490625 0.09375 0.0171875
6 0.5 0.590625 0.51875 0.075
14 0.3171875 0.590625 0.0734375 0.0203125
6 0.5 0.6875 0.51875 0.075
14 0.309375 0.6859375 0.0578125 0.0171875
2 0.265625 0.7828125 0.0484375 0.0484375
14 0.5125 0.78125 0.3984375 0.0421875
15 0.5 0.940625 0.51875 0.0765625