14 0.275 0.990625 0.0359375 0.009375
14 0.3890625 0.990625 0.03125 0.0125
14 0.5 0.9890625 0.0328125 0.009375
14 0.6125 0.9890625 0.028125 0.009375
14 0.7234375 0.9890625 0.053125 0.009375
3 0.7234375 0.959375 0.03125 0.03125
3 0.6125 0.959375 0.028125 0.025
3 0.5 0.959375 0.0296875 0.0296875
5 0.3890625 0.959375 0.040625 0.03125
5 0.275 0.959375 0.0296875 0.0296875
15 0.5 0.8703125 0.24375 0.04375
10 0.4984375 0.81875 0.059375 0.0078125
5 0.503125 0.534375 0.415625 0.51875
3 0.7265625 0.3046875 0.0203125 0.0203125
14 0.2953125 0.2375 0.1265625 0.0125
14 0.3453125 0.203125 0.025 0.0125
3 0.278125 0.2046875 0.0953125 0.0140625
14 0.365625 0.16875 0.2703125 0.0203125
14 0.365625 0.134375 0.2640625 0.0265625
3 0.2421875 0.059375 0.0125 0.025
3 0.6640625 0.0578125 0.0171875 0.025
3 0.7265625 0.0578125 0.0265625 0.0234375
17 0.5 0.0109375 0.5609375 0.0203125