14 0.4203125 0.9234375 0.1953125 0.0203125
14 0.275 0.01875 0.0578125 0.009375
14 0.3875 0.01875 0.04375 0.009375
14 0.5 0.01875 0.0359375 0.009375
14 0.6125 0.01875 0.040625 0.009375
14 0.725 0.01875 0.0515625 0.0109375
3 0.725 0.05 0.03125 0.0328125
3 0.6125 0.05 0.0296875 0.0296875
5 0.5 0.05 0.028125 0.03125
3 0.3875 0.05 0.0328125 0.028125
3 0.2765625 0.05 0.0265625 0.0296875
15 0.5 0.11875 0.496875 0.065625
3 0.5453125 0.20625 0.0734375 0.0125
14 0.5953125 0.2046875 0.0171875 0.0109375
14 0.5734375 0.2296875 0.1265625 0.0203125
14 0.6078125 0.25625 0.196875 0.01875
14 0.5890625 0.28125 0.1609375 0.0140625
14 0.54375 0.3046875 0.06875 0.009375
3 0.2890625 0.2296875 0.0734375 0.0125
14 0.340625 0.2296875 0.0171875 0.0109375
14 0.3171875 0.253125 0.1296875 0.0203125
14 0.3625 0.28125 0.2203125 0.0140625
14 0.3015625 0.3046875 0.1 0.009375
3 0.4703125 0.4609375 0.021875 0.01875
3 0.7265625 0.4609375 0.021875 0.01875
5 0.628125 0.4015625 0.2390625 0.159375
5 0.371875 0.4015625 0.2390625 0.159375
3 0.5453125 0.525 0.0734375 0.0125
14 0.596875 0.5234375 0.0171875 0.0109375
14 0.5734375 0.5484375 0.1265625 0.01875
14 0.55 0.5765625 0.08125 0.0140625
14 0.5875 0.6015625 0.15625 0.0140625
14 0.559375 0.6234375 0.1 0.009375
3 0.2875 0.525 0.0734375 0.0140625
14 0.34375 0.5234375 0.025 0.0125
14 0.315625 0.5484375 0.1265625 0.0203125
14 0.296875 0.5765625 0.0875 0.0140625
14 0.3671875 0.6 0.23125 0.0171875
14 0.290625 0.6234375 0.078125 0.009375
3 0.4703125 0.7796875 0.021875 0.01875
3 0.7265625 0.7796875 0.021875 0.01875
5 0.628125 0.7203125 0.2390625 0.159375
5 0.371875 0.7203125 0.2390625 0.159375
14 0.4140625 0.8515625 0.3203125 0.03125
3 0.2875 0.9265625 0.0203125 0.0203125
6 0.5 0.9265625 0.4984375 0.065625
14 0.5 0.9890625 0.5609375 0.0203125