5 0.2671875 0.9578125 0.0640625 0.084375
5 0.5390625 0.9609375 0.065625 0.078125
5 0.5390625 0.8328125 0.0640625 0.1234375
5 0.2671875 0.8328125 0.046875 0.1234375
5 0.278125 0.7109375 0.0859375 0.09375
5 0.5390625 0.696875 0.0671875 0.121875
5 0.2859375 0.4828125 0.1 0.1171875
5 0.5359375 0.4796875 0.0609375 0.1203125
5 0.5578125 0.359375 0.1046875 0.0859375
5 0.265625 0.353125 0.059375 0.1
5 0.278125 0.2171875 0.084375 0.0984375
5 0.54375 0.21875 0.075 0.0953125
14 0.396875 0.9234375 0.171875 0.0171875
14 0.7046875 0.9390625 0.0984375 0.0484375
14 0.68125 0.7875 0.1453125 0.021875
14 0.4265625 0.8 0.1125 0.04375
14 0.4265625 0.6484375 0.1140625 0.0171875
14 0.703125 0.6484375 0.1 0.0171875
14 0.6984375 0.446875 0.1078125 0.04375
14 0.43125 0.4484375 0.1046875 0.0484375
14 0.6984375 0.3109375 0.1078125 0.0484375
14 0.4125 0.3109375 0.1390625 0.0484375
14 0.4015625 0.1609375 0.159375 0.021875
14 0.690625 0.171875 0.125 0.04375
3 0.4734375 0.8703125 0.0109375 0.015625
3 0.74375 0.7328125 0.0125 0.015625
3 0.471875 0.7328125 0.0109375 0.015625
3 0.4734375 0.5171875 0.0109375 0.015625
3 0.4734375 0.2421875 0.0125 0.0171875
3 0.74375 0.3796875 0.0125 0.015625
3 0.74375 0.2421875 0.0125 0.0171875
14 0.6421875 0.6046875 0.2484375 0.025
14 0.6125 0.1140625 0.30625 0.0234375
3 0.7546875 0.0578125 0.0171875 0.028125
14 0.6828125 0.0578125 0.109375 0.0171875
14 0.5 0.059375 0.128125 0.025
14 0.3 0.0578125 0.10625 0.0171875
17 0.5 0.0109375 0.5609375 0.0203125