3 0.7390625 0.8703125 0.01875 0.0203125
14 0.5 0.8703125 0.0609375 0.0171875
14 0.640625 0.7546875 0.2125 0.034375
2 0.265625 0.6859375 0.0296875 0.03125
14 0.7015625 0.684375 0.090625 0.021875
2 0.265625 0.6234375 0.0296875 0.0296875
14 0.7015625 0.621875 0.0921875 0.0203125
2 0.2671875 0.5609375 0.03125 0.0296875
14 0.7015625 0.559375 0.090625 0.021875
2 0.265625 0.4984375 0.0296875 0.0296875
14 0.7046875 0.496875 0.084375 0.0203125
14 0.6390625 0.353125 0.2171875 0.034375
14 0.721875 0.284375 0.0484375 0.021875
2 0.2671875 0.2609375 0.03125 0.028125
14 0.5921875 0.24375 0.3109375 0.04375
14 0.7 0.1765625 0.0953125 0.0171875
2 0.2671875 0.15 0.03125 0.0265625
14 0.5859375 0.1328125 0.3234375 0.04375
15 0.346875 0.046875 0.2109375 0.0609375
14 0.7125 0.046875 0.06875 0.015625
17 0.5 0.9890625 0.5609375 0.0203125