14 0.5 0.1578125 0.2453125 0.0890625
14 0.5 0.3578125 0.4515625 0.0421875
14 0.5 0.315625 0.1265625 0.021875
14 0.5 0.4875 0.225 0.0171875
14 0.5 0.51875 0.4546875 0.0171875
14 0.5 0.640625 0.228125 0.0234375
14 0.5 0.68125 0.4671875 0.0421875
14 0.5 0.753125 0.065625 0.0125
14 0.5 0.8390625 0.303125 0.0125
14 0.5015625 0.9671875 0.078125 0.0125
14 0.5 0.79375 0.228125 0.0375
5 0.5 0.2609375 0.0546875 0.0546875
3 0.5 0.434375 0.0546875 0.0546875
5 0.5 0.584375 0.0546875 0.0546875
15 0.5 0.896875 0.496875 0.065625
17 0.5 0.0109375 0.5609375 0.0203125