14 0.2953125 0.5375 0.1046875 0.01875
14 0.2703125 0.6296875 0.05625 0.01875
15 0.5 0.0546875 0.51875 0.065625
15 0.5 0.1296875 0.51875 0.065625
14 0.5 0.184375 0.0171875 0.009375
15 0.5 0.24375 0.51875 0.065625
14 0.328125 0.4765625 0.171875 0.0171875
14 0.734375 0.5328125 0.046875 0.009375
14 0.7140625 0.94375 0.0859375 0.0140625
14 0.45625 0.7640625 0.4328125 0.0203125
14 0.4078125 0.8140625 0.334375 0.0328125
14 0.3546875 0.884375 0.0859375 0.0171875
5 0.2703125 0.8828125 0.0578125 0.0578125
6 0.5 0.6203125 0.51875 0.034375
6 0.5 0.5296875 0.51875 0.034375
17 0.5 0.9890625 0.5609375 0.0203125