14 0.709375 0.915625 0.0890625 0.0328125
14 0.675 0.8375 0.1546875 0.01875
14 0.2703125 0.5140625 0.040625 0.0125
14 0.51875 0.44375 0.46875 0.0421875
14 0.7078125 0.3484375 0.0859375 0.0171875
14 0.60625 0.090625 0.29375 0.0453125
14 0.3125 0.0921875 0.1859375 0.04375
14 0.465625 0.15 0.040625 0.0125
5 0.5 0.640625 0.5609375 0.315625
5 0.590625 0.221875 0.325 0.1828125
5 0.3125 0.221875 0.1875 0.1828125
3 0.6890625 0.034375 0.0328125 0.0328125
3 0.5015625 0.034375 0.0328125 0.0328125
3 0.3140625 0.0328125 0.0328125 0.0359375
17 0.5 0.9890625 0.5609375 0.0203125