14 0.5046875 0.940625 0.2921875 0.01875
3 0.6671875 0.9421875 0.01875 0.01875
3 0.428125 0.0453125 0.0234375 0.028125
3 0.5703125 0.0453125 0.0203125 0.028125
3 0.709375 0.0453125 0.03125 0.028125
14 0.709375 0.0203125 0.0359375 0.009375
14 0.5703125 0.0203125 0.0515625 0.009375
14 0.4296875 0.0203125 0.078125 0.0109375
14 0.2890625 0.0203125 0.0390625 0.009375
3 0.2890625 0.0453125 0.03125 0.0234375
14 0.5015625 0.49375 0.46875 0.01875
3 0.7375 0.9421875 0.0328125 0.0328125
6 0.4671875 0.9421875 0.440625 0.0375
17 0.5 0.9890625 0.5609375 0.0203125