14 0.359375 0.940625 0.0703125 0.0203125
14 0.640625 0.9421875 0.0484375 0.015625
14 0.4390625 0.49375 0.3515625 0.0546875
14 0.4921875 0.4 0.4578125 0.0625
14 0.309375 0.3390625 0.090625 0.0140625
14 0.2890625 0.009375 0.034375 0.009375
14 0.4296875 0.0078125 0.0484375 0.0125
14 0.5703125 0.009375 0.0828125 0.0109375
14 0.7109375 0.0078125 0.0546875 0.0125
3 0.7109375 0.040625 0.0265625 0.0265625
3 0.5703125 0.040625 0.0265625 0.0265625
3 0.4296875 0.040625 0.0265625 0.0265625
3 0.2890625 0.040625 0.025 0.03125
5 0.5 0.7203125 0.5328125 0.3546875
5 0.5 0.175 0.5328125 0.215625
17 0.5 0.9890625 0.5609375 0.0203125