5 0.553125 0.60625 0.0890625 0.0890625
5 0.5515625 0.475 0.084375 0.084375
5 0.2796875 0.4703125 0.0890625 0.0890625
5 0.2859375 0.6140625 0.0890625 0.1015625
5 0.284375 0.8234375 0.096875 0.090625
5 0.5546875 0.81875 0.1 0.0796875
3 0.4734375 0.45 0.0125 0.0171875
3 0.74375 0.45 0.0125 0.0171875
3 0.74375 0.5859375 0.0125 0.0171875
3 0.4734375 0.5859375 0.0125 0.0171875
3 0.4734375 0.803125 0.0125 0.0171875
3 0.74375 0.803125 0.0125 0.0171875
14 0.7171875 0.715625 0.09375 0.025
15 0.5 0.0640625 0.51875 0.0546875
5 0.5 0.2109375 0.2828125 0.16875
14 0.5 0.340625 0.334375 0.0203125
14 0.5 0.3796875 0.1640625 0.021875
14 0.4453125 0.5328125 0.075 0.0171875
14 0.6875 0.6703125 0.128125 0.0171875
14 0.7203125 0.5328125 0.0640625 0.01875
14 0.4296875 0.6703125 0.1046875 0.0171875
14 0.4328125 0.8734375 0.1015625 0.0421875
14 0.7125 0.8859375 0.0828125 0.0171875
3 0.7546875 0.9421875 0.015625 0.028125
14 0.3 0.9421875 0.1078125 0.01875
14 0.5 0.940625 0.128125 0.0234375
14 0.6828125 0.9421875 0.109375 0.0171875
17 0.5 0.9890625 0.5609375 0.0203125