14 0.6265625 0.9578125 0.1734375 0.009375
5 0.6265625 0.8625 0.1 0.0921875
14 0.3734375 0.946875 0.11875 0.0296875
5 0.3734375 0.8671875 0.071875 0.0875
14 0.6265625 0.7296875 0.1046875 0.0296875
5 0.6265625 0.65625 0.1203125 0.075
14 0.3734375 0.7296875 0.1546875 0.0296875
5 0.3734375 0.6390625 0.1015625 0.1015625
14 0.6265625 0.521875 0.0515625 0.009375
5 0.6265625 0.43125 0.08125 0.05625
14 0.3734375 0.521875 0.18125 0.009375
5 0.3734375 0.428125 0.078125 0.0859375
14 0.6265625 0.2953125 0.159375 0.0296875
5 0.6265625 0.2125 0.0875 0.0625
14 0.3734375 0.2953125 0.18125 0.0296875
5 0.3734375 0.2109375 0.0953125 0.0859375
3 0.540625 0.109375 0.015625 0.015625
14 0.3921875 0.109375 0.2640625 0.0140625
14 0.28125 0.0609375 0.065625 0.0109375
17 0.5 0.0109375 0.5609375 0.0203125