5 0.5 0.0953125 0.5203125 0.0578125
14 0.45 0.1609375 0.4171875 0.0328125
10 0.5 0.271875 0.1171875 0.009375
14 0.34375 0.3015625 0.096875 0.0125
14 0.3703125 0.328125 0.1515625 0.0140625
5 0.2609375 0.3140625 0.0421875 0.0421875
14 0.3328125 0.3578125 0.184375 0.01875
14 0.40625 0.3984375 0.33125 0.021875
14 0.453125 0.4296875 0.4234375 0.021875
14 0.30625 0.484375 0.028125 0.015625
3 0.26875 0.484375 0.028125 0.0234375
5 0.5 0.6546875 0.5203125 0.390625
14 0.3515625 0.8890625 0.2203125 0.0234375
3 0.3875 0.04375 0.0328125 0.028125
14 0.275 0.009375 0.0375 0.0125
14 0.3875 0.0109375 0.0421875 0.0109375
14 0.5 0.0109375 0.0421875 0.0109375
14 0.6109375 0.009375 0.059375 0.0125
14 0.725 0.0109375 0.0390625 0.0109375
3 0.7234375 0.0421875 0.0265625 0.0328125
3 0.6125 0.0421875 0.0265625 0.034375
3 0.5 0.0421875 0.034375 0.034375
3 0.275 0.0421875 0.034375 0.03125
17 0.5 0.9890625 0.5609375 0.0203125
14 0.5 0.940625 0.0640625 0.021875