14 0.359375 0.059375 0.0703125 0.0203125
14 0.640625 0.0578125 0.0484375 0.015625
14 0.378125 0.309375 0.265625 0.015625
14 0.471875 0.340625 0.453125 0.0203125
14 0.39375 0.7390625 0.296875 0.0140625
14 0.4703125 0.771875 0.4484375 0.0203125
14 0.2703125 0.8046875 0.0515625 0.0171875
14 0.2890625 0.990625 0.034375 0.0109375
14 0.4296875 0.9921875 0.0484375 0.0125
14 0.5703125 0.990625 0.0828125 0.0109375
14 0.7109375 0.9921875 0.0546875 0.0125
3 0.7109375 0.959375 0.0265625 0.0265625
3 0.58125 0.9546875 0.0484375 0.0359375
3 0.4296875 0.959375 0.0265625 0.0265625
3 0.2890625 0.959375 0.0265625 0.03125
3 0.66875 0.446875 0.0484375 0.0484375
3 0.73125 0.446875 0.0484375 0.0484375
3 0.7078125 0.365625 0.0796875 0.015625
3 0.709375 0.796875 0.0796875 0.015625
15 0.5 0.88125 0.534375 0.059375
5 0.5 0.1828125 0.5375 0.190625
5 0.5 0.559375 0.5375 0.3
17 0.5 0.0109375 0.5609375 0.0203125