14 0.446875 0.409375 0.409375 0.0359375
14 0.4046875 0.4765625 0.3296875 0.04375
14 0.3265625 0.5296875 0.171875 0.01875
14 0.63125 0.7375 0.0984375 0.0140625
14 0.2984375 0.984375 0.04375 0.0109375
14 0.4328125 0.9859375 0.0515625 0.0109375
14 0.5671875 0.984375 0.034375 0.009375
14 0.7015625 0.984375 0.065625 0.009375
3 0.7015625 0.959375 0.028125 0.025
3 0.5671875 0.959375 0.021875 0.025
3 0.4328125 0.9578125 0.021875 0.0265625
5 0.3 0.9578125 0.03125 0.021875
5 0.5 0.90625 0.5 0.0546875
5 0.6296875 0.7375 0.2390625 0.2390625
5 0.5 0.3078125 0.5609375 0.5703125
17 0.5 0.0109375 0.5609375 0.0203125