14 0.303125 0.059375 0.0828125 0.021875
14 0.5 0.059375 0.078125 0.0203125
14 0.346875 0.1671875 0.196875 0.021875
14 0.334375 0.225 0.175 0.0171875
14 0.49375 0.296875 0.4921875 0.0578125
14 0.3671875 0.3875 0.2515625 0.0125
14 0.3828125 0.4390625 0.1625 0.021875
14 0.528125 0.51875 0.4546875 0.0734375
14 0.321875 0.6515625 0.146875 0.021875
14 0.3328125 0.8140625 0.1828125 0.021875
14 0.28125 0.84375 0.08125 0.01875
14 0.7375 0.8265625 0.0453125 0.0171875
14 0.30625 0.9015625 0.13125 0.0125
5 0.50625 0.9546875 0.534375 0.090625
15 0.3703125 0.7609375 0.259375 0.040625
15 0.63125 0.7609375 0.2609375 0.040625
3 0.7484375 0.646875 0.0109375 0.0203125
5 0.259375 0.434375 0.0390625 0.0390625
3 0.7484375 0.4328125 0.009375 0.0171875
3 0.2453125 0.0578125 0.0171875 0.028125
13 0.71875 0.1640625 0.06875 0.0421875
13 0.71875 0.2234375 0.06875 0.0421875
17 0.5 0.0109375 0.5609375 0.0203125