3 0.275 0.959375 0.0265625 0.0296875
3 0.3859375 0.959375 0.03125 0.0328125
3 0.5 0.959375 0.034375 0.028125
3 0.609375 0.959375 0.034375 0.034375
3 0.7234375 0.959375 0.0234375 0.028125
3 0.753125 0.690625 0.009375 0.015625
3 0.753125 0.603125 0.009375 0.015625
3 0.753125 0.515625 0.009375 0.015625
3 0.7546875 0.4296875 0.009375 0.015625
3 0.2453125 0.0578125 0.0171875 0.028125
14 0.5 0.05625 0.0859375 0.0171875
14 0.275 0.990625 0.0484375 0.0125
14 0.3875 0.9890625 0.04375 0.009375
14 0.5 0.9890625 0.0578125 0.0109375
14 0.6125 0.9890625 0.0265625 0.009375
14 0.725 0.9890625 0.01875 0.009375
14 0.3453125 0.6921875 0.1890625 0.01875
14 0.315625 0.603125 0.13125 0.015625
14 0.3203125 0.5171875 0.140625 0.01875
14 0.3 0.4296875 0.1015625 0.015625
17 0.5 0.0109375 0.5609375 0.0203125
5 0.5 0.19375 0.5609375 0.384375