3 0.6125 0.040625 0.0265625 0.0234375
3 0.5 0.040625 0.0234375 0.025
3 0.3890625 0.040625 0.025 0.025
3 0.275 0.040625 0.0265625 0.0265625
14 0.275 0.009375 0.053125 0.009375
14 0.3890625 0.009375 0.04375 0.009375
14 0.5 0.0078125 0.0859375 0.0125
14 0.6125 0.009375 0.059375 0.009375
14 0.7234375 0.009375 0.0375 0.009375
3 0.725 0.040625 0.025 0.0234375
3 0.2515625 0.5171875 0.0109375 0.0171875
3 0.2515625 0.5765625 0.0109375 0.0171875
3 0.2515625 0.6640625 0.0109375 0.0171875
3 0.2515625 0.7234375 0.0109375 0.0171875
3 0.7375 0.7234375 0.021875 0.0265625
3 0.7375 0.665625 0.0296875 0.0234375
3 0.7375 0.5765625 0.0265625 0.0234375
3 0.7375 0.51875 0.0296875 0.0171875
3 0.7375 0.4578125 0.0265625 0.0265625
3 0.7375 0.3984375 0.0234375 0.0234375
5 0.7375 0.3375 0.0234375 0.0265625
3 0.7375 0.278125 0.0234375 0.021875
14 0.678125 0.228125 0.159375 0.0125
14 0.578125 0.2765625 0.24375 0.01875
14 0.6453125 0.3359375 0.109375 0.0171875
14 0.640625 0.3953125 0.11875 0.0171875
14 0.64375 0.45625 0.1109375 0.0140625
14 0.6171875 0.515625 0.1640625 0.01875
14 0.653125 0.5765625 0.09375 0.0140625
14 0.621875 0.6625 0.15625 0.0171875
14 0.65 0.7234375 0.1 0.0140625
14 0.6359375 0.809375 0.1265625 0.0140625
3 0.7375 0.8109375 0.0234375 0.0265625
14 0.725 0.915625 0.0671875 0.0203125
17 0.5 0.9890625 0.5609375 0.0203125