5 0.5 0.3625 0.1640625 0.1625
3 0.7109375 0.959375 0.034375 0.034375
3 0.5703125 0.959375 0.034375 0.034375
3 0.4296875 0.959375 0.034375 0.0328125
3 0.2890625 0.959375 0.0421875 0.034375
14 0.2890625 0.990625 0.0359375 0.009375
14 0.4296875 0.990625 0.0515625 0.0109375
14 0.5703125 0.9921875 0.0515625 0.0125
14 0.7109375 0.9921875 0.0546875 0.0125
14 0.5 0.5109375 0.265625 0.0765625
5 0.734375 0.0625 0.04375 0.04375
17 0.5 0.0109375 0.5609375 0.021875
5 0.5 0.053125 0.1296875 0.0484375
15 0.55 0.19375 0.103125 0.0390625
15 0.4484375 0.19375 0.1 0.0390625
14 0.3140625 0.1265625 0.153125 0.0375