17 0.5 0.0109375 0.5609375 0.0203125
3 0.2765625 0.0578125 0.0234375 0.0234375
14 0.5 0.0578125 0.16875 0.01875
14 0.4984375 0.14375 0.3328125 0.0171875
15 0.5 0.2109375 0.40625 0.053125
15 0.5 0.284375 0.4078125 0.053125
14 0.5 0.353125 0.0234375 0.0125
6 0.5 0.4203125 0.40625 0.053125
14 0.35 0.41875 0.0484375 0.015625
6 0.5 0.4734375 0.40625 0.053125
14 0.36875 0.471875 0.084375 0.015625
6 0.5 0.5265625 0.40625 0.053125
14 0.40625 0.525 0.165625 0.015625
15 0.5 0.6 0.40625 0.0546875
14 0.50625 0.6828125 0.3484375 0.0578125
14 0.5 0.7640625 0.2296875 0.0140625
2 0.309375 0.665625 0.0203125 0.021875