14 0.5 0.940625 0.2171875 0.021875
14 0.696875 0.940625 0.0828125 0.021875
14 0.64375 0.8875 0.21875 0.0140625
14 0.6625 0.8375 0.059375 0.0171875
14 0.6671875 0.775 0.053125 0.0203125
14 0.5859375 0.71875 0.2109375 0.0171875
14 0.65 0.65625 0.0859375 0.021875
14 0.5421875 0.5984375 0.4203125 0.0359375
14 0.6640625 0.5125 0.1765625 0.0171875
14 0.5640625 0.4625 0.378125 0.0140625
14 0.675 0.3859375 0.1546875 0.021875
14 0.2859375 0.3875 0.03125 0.0171875
14 0.534375 0.3359375 0.4375 0.0171875
14 0.61875 0.2609375 0.265625 0.021875
14 0.5203125 0.2015625 0.4625 0.0390625
14 0.6421875 0.115625 0.221875 0.021875
14 0.5015625 0.04375 0.5015625 0.0609375
3 0.7546875 0.9421875 0.0171875 0.028125
3 0.734375 0.8390625 0.0390625 0.0390625
5 0.734375 0.7796875 0.0390625 0.0390625
5 0.734375 0.71875 0.0390625 0.0390625
5 0.734375 0.659375 0.0390625 0.0390625
13 0.28125 0.8390625 0.06875 0.0421875
13 0.2796875 0.778125 0.06875 0.0421875
13 0.28125 0.71875 0.06875 0.0421875
13 0.28125 0.659375 0.06875 0.0421875
13 0.28125 0.5125 0.06875 0.0421875
3 0.2515625 0.3890625 0.0109375 0.0171875
13 0.28125 0.2640625 0.06875 0.0421875
13 0.28125 0.11875 0.06875 0.0421875
17 0.5 0.9890625 0.5609375 0.0203125