5 0.7703125 0.8515625 0.021875 0.1578125
5 0.7703125 0.5859375 0.021875 0.1578125
5 0.7703125 0.3203125 0.021875 0.1578125
14 0.7203125 0.7390625 0.0796875 0.0171875
14 0.7203125 0.471875 0.078125 0.0171875
14 0.7203125 0.20625 0.078125 0.015625
14 0.328125 0.1078125 0.1703125 0.03125
14 0.2921875 0.2078125 0.1 0.0109375
14 0.284375 0.475 0.0828125 0.009375
14 0.29375 0.740625 0.1046875 0.0109375
14 0.275 0.9875 0.0390625 0.0109375
14 0.3875 0.9875 0.0375 0.0125
14 0.5 0.9875 0.040625 0.0109375
14 0.6125 0.9875 0.0234375 0.0125
14 0.725 0.9875 0.040625 0.0109375
5 0.725 0.9578125 0.040625 0.0296875
3 0.6125 0.95625 0.0328125 0.0328125
5 0.5 0.959375 0.028125 0.0359375
3 0.3875 0.9609375 0.0359375 0.0234375
3 0.275 0.959375 0.03125 0.0296875
5 0.61875 0.8515625 0.2375 0.1578125
5 0.359375 0.8515625 0.2375 0.1578125
5 0.359375 0.5859375 0.2390625 0.1578125
5 0.61875 0.5859375 0.2375 0.1578125
5 0.61875 0.31875 0.2375 0.1578125
5 0.359375 0.3203125 0.2375 0.1578125
17 0.5 0.0109375 0.5609375 0.0203125