14 0.4875 0.9421875 0.05625 0.015625
5 0.259375 0.9421875 0.0296875 0.021875
3 0.5328125 0.9421875 0.01875 0.01875
14 0.63125 0.875 0.078125 0.0125
14 0.3703125 0.875 0.040625 0.0125
14 0.5796875 0.73125 0.3125 0.015625
14 0.6953125 0.5296875 0.0796875 0.0140625
14 0.68125 0.328125 0.109375 0.015625
14 0.7015625 0.1265625 0.06875 0.015625
14 0.725 0.0328125 0.0265625 0.0265625
3 0.6125 0.034375 0.0390625 0.0265625
3 0.5 0.034375 0.0265625 0.0265625
3 0.3875 0.034375 0.0265625 0.025
3 0.275 0.034375 0.0265625 0.0265625
5 0.3140625 0.528125 0.06875 0.1765625
5 0.315625 0.3265625 0.0734375 0.1765625
5 0.321875 0.1421875 0.1171875 0.1484375
6 0.5 0.9421875 0.540625 0.04375
17 0.5 0.9890625 0.5609375 0.0203125