14 0.371875 0.4609375 0.08125 0.0140625
14 0.3546875 0.4078125 0.0453125 0.0140625
14 0.3765625 0.35625 0.0890625 0.0125
14 0.3765625 0.303125 0.090625 0.0125
14 0.5 0.1984375 0.128125 0.0265625
14 0.5 0.8296875 0.046875 0.0140625
14 0.5 0.8109375 0.184375 0.0140625
14 0.5 0.753125 0.2015625 0.0140625
15 0.5 0.6953125 0.38125 0.053125
13 0.3359375 0.521875 0.05625 0.034375
14 0.5 0.64375 0.0171875 0.009375
14 0.5296875 0.525 0.290625 0.0515625
15 0.5 0.5921875 0.38125 0.053125
6 0.5 0.4609375 0.384375 0.04375
6 0.5 0.409375 0.384375 0.04375
6 0.5 0.35625 0.384375 0.04375
6 0.5 0.3046875 0.384375 0.04375
14 0.5 0.2390625 0.209375 0.0171875
5 0.5 0.140625 0.25625 0.05