14 0.396875 0.7671875 0.3140625 0.0203125
15 0.740625 0.653125 0.0796875 0.046875
15 0.559375 0.653125 0.1765625 0.046875
15 0.328125 0.653125 0.1765625 0.0453125
14 0.740625 0.5375 0.0796875 0.0375
14 0.5546875 0.5359375 0.165625 0.0375
14 0.725 0.5765625 0.046875 0.0171875
3 0.740625 0.6078125 0.0796875 0.01875
3 0.521875 0.6078125 0.1046875 0.01875
14 0.49375 0.5765625 0.046875 0.0171875
3 0.2921875 0.6078125 0.1046875 0.01875
14 0.2625 0.5765625 0.046875 0.0171875
14 0.3265625 0.5359375 0.1703125 0.0375
5 0.6359375 0.909375 0.246875 0.18125
5 0.365625 0.9078125 0.246875 0.1828125
5 0.740625 0.465625 0.0296875 0.040625
5 0.509375 0.4640625 0.0640625 0.0703125
5 0.2796875 0.4640625 0.034375 0.05
14 0.33125 0.3734375 0.1796875 0.0140625
14 0.5 0.3 0.415625 0.01875
14 0.5 0.16875 0.171875 0.0203125
14 0.28125 0.0578125 0.06875 0.0171875
14 0.5 0.0578125 0.078125 0.0234375
3 0.7359375 0.0578125 0.0265625 0.0265625
17 0.5 0.0109375 0.5609375 0.0203125