14 0.303125 0.059375 0.0828125 0.021875
14 0.5 0.0578125 0.059375 0.021875
14 0.35625 0.11875 0.21875 0.0125
14 0.3515625 0.1671875 0.0859375 0.0171875
14 0.6671875 0.1703125 0.121875 0.021875
14 0.3734375 0.221875 0.13125 0.0171875
14 0.428125 0.25 0.2421875 0.015625
14 0.371875 0.3 0.128125 0.0171875
14 0.4046875 0.328125 0.19375 0.015625
14 0.4359375 0.384375 0.25625 0.021875
14 0.371875 0.4421875 0.1296875 0.0171875
14 0.4546875 0.503125 0.415625 0.0359375
14 0.3171875 0.5765625 0.140625 0.0125
14 0.3546875 0.628125 0.2140625 0.021875
14 0.4609375 0.678125 0.4265625 0.0171875
14 0.371875 0.7515625 0.2484375 0.021875
14 0.4984375 0.8109375 0.5015625 0.034375
14 0.284375 0.8984375 0.0734375 0.021875
14 0.325 0.95625 0.1546875 0.0171875
3 0.2453125 0.0578125 0.0171875 0.0296875
3 0.265625 0.1671875 0.0390625 0.0390625
5 0.265625 0.234375 0.0390625 0.0390625
5 0.265625 0.3125 0.0390625 0.0390625
3 0.265625 0.38125 0.0390625 0.0390625
5 0.265625 0.440625 0.0390625 0.0390625
13 0.7203125 0.440625 0.06875 0.0421875
13 0.71875 0.38125 0.06875 0.0421875
3 0.7484375 0.3140625 0.0109375 0.0171875
3 0.7484375 0.2359375 0.0109375 0.0171875
3 0.7484375 0.1671875 0.0109375 0.0171875
13 0.71875 0.625 0.06875 0.0421875
13 0.71875 0.75 0.06875 0.0421875
13 0.71875 0.9546875 0.06875 0.0421875
17 0.5 0.0109375 0.5609375 0.0203125