5 0.5 0.2171875 0.1515625 0.1515625
14 0.5 0.0578125 0.1078125 0.0203125
14 0.5 0.353125 0.0890625 0.0234375
14 0.5 0.4359375 0.2328125 0.0171875
14 0.3140625 0.509375 0.1453125 0.015625
14 0.3359375 0.5625 0.1859375 0.0203125
14 0.3625 0.628125 0.24375 0.0203125
14 0.3765625 0.6921875 0.26875 0.0171875
14 0.3078125 0.76875 0.1328125 0.015625
14 0.3296875 0.821875 0.1765625 0.0203125
14 0.3375 0.8859375 0.190625 0.0171875
14 0.275 0.990625 0.0578125 0.009375
14 0.3875 0.990625 0.0453125 0.0109375
14 0.5 0.9921875 0.078125 0.0125
14 0.6125 0.990625 0.0515625 0.0109375
14 0.725 0.990625 0.0546875 0.009375
3 0.275 0.959375 0.0328125 0.03125
3 0.3875 0.959375 0.0296875 0.0296875
3 0.5 0.959375 0.0296875 0.0296875
3 0.6125 0.959375 0.0296875 0.0265625
3 0.725 0.959375 0.0296875 0.0296875
3 0.7453125 0.8859375 0.0109375 0.01875
3 0.7453125 0.8203125 0.0109375 0.01875
3 0.7453125 0.6921875 0.0109375 0.01875
3 0.7453125 0.6265625 0.0109375 0.01875
3 0.7453125 0.5625 0.0109375 0.01875
17 0.5 0.0109375 0.5609375 0.0203125