14 0.596875 0.9421875 0.23125 0.0171875
5 0.2703125 0.084375 0.1015625 0.0328125
5 0.475 0.0953125 0.1265625 0.0546875
5 0.684375 0.096875 0.1125 0.0578125
5 0.675 0.3828125 0.1390625 0.1265625
5 0.478125 0.3796875 0.115625 0.115625
5 0.284375 0.38125 0.125 0.125
5 0.284375 0.69375 0.1203125 0.1265625
5 0.6734375 0.69375 0.128125 0.1234375
5 0.4796875 0.6890625 0.15625 0.1140625
3 0.73125 0.0390625 0.0453125 0.040625
3 0.6125 0.0375 0.0359375 0.0390625
3 0.5 0.0390625 0.0375 0.0375
3 0.3875 0.0390625 0.0375 0.03125
3 0.275 0.0390625 0.04375 0.0109375
14 0.275 0.009375 0.0296875 0.0109375
14 0.3875 0.009375 0.071875 0.0109375
14 0.5 0.009375 0.0578125 0.0125
14 0.6125 0.0078125 0.0484375 0.0125
14 0.725 0.009375 0.03125 0.0125
14 0.6140625 0.175 0.290625 0.0234375
14 0.2859375 0.2890625 0.06875 0.01875
14 0.4796875 0.2921875 0.10625 0.0140625
14 0.6734375 0.2921875 0.0625 0.0140625
14 0.6390625 0.4890625 0.2390625 0.0234375
14 0.2859375 0.6046875 0.0515625 0.01875
14 0.4796875 0.603125 0.06875 0.01875
14 0.6734375 0.60625 0.0625 0.0140625
14 0.671875 0.803125 0.175 0.0234375
3 0.7328125 0.9421875 0.0203125 0.0203125
3 0.271875 0.9421875 0.0265625 0.0265625
3 0.334375 0.9421875 0.0265625 0.0265625
14 0.359375 0.884375 0.0890625 0.0125
14 0.640625 0.884375 0.0703125 0.0125
6 0.5625 0.9421875 0.3828125 0.0484375
17 0.5 0.9890625 0.5609375 0.021875