14 0.7125 0.6625 0.0625 0.0125
14 0.6984375 0.7609375 0.09375 0.0125
13 0.2984375 0.590625 0.090625 0.0375
6 0.5 0.6625 0.515625 0.0453125
6 0.5 0.7609375 0.515625 0.0453125
14 0.496875 0.5125 0.4140625 0.01875
14 0.4796875 0.4734375 0.453125 0.0390625
14 0.5 0.29375 0.225 0.0171875
14 0.5 0.13125 0.4609375 0.040625
14 0.5015625 0.075 0.278125 0.0453125
15 0.5 0.21875 0.515625 0.0546875
15 0.5 0.3703125 0.515625 0.053125
2 0.7375 0.509375 0.021875 0.021875
3 0.6 0.590625 0.021875 0.021875
14 0.696875 0.590625 0.1375 0.015625
14 0.709375 0.7109375 0.0921875 0.015625
14 0.6875 0.809375 0.1359375 0.015625
14 0.6359375 0.8625 0.2421875 0.0203125
3 0.259375 0.94375 0.025 0.0234375
17 0.5 0.9890625 0.5609375 0.0203125