14 0.5 0.059375 0.153125 0.021875
14 0.5 0.3421875 0.4890625 0.0640625
14 0.41875 0.465625 0.3640625 0.021875
14 0.3109375 0.7796875 0.1484375 0.0453125
14 0.5796875 0.778125 0.1390625 0.040625
14 0.275 0.9890625 0.0671875 0.009375
14 0.3875 0.9890625 0.05 0.009375
14 0.5 0.9890625 0.05 0.009375
14 0.6125 0.990625 0.0515625 0.009375
14 0.725 0.990625 0.078125 0.009375
3 0.7234375 0.959375 0.0359375 0.0328125
3 0.6109375 0.959375 0.025 0.034375
3 0.5 0.959375 0.034375 0.028125
5 0.3875 0.959375 0.0375 0.0390625
3 0.275 0.959375 0.0390625 0.0390625
5 0.3640625 0.8859375 0.25625 0.0953125
5 0.6375 0.8859375 0.25625 0.0953125
5 0.6375 0.615625 0.25625 0.25625
5 0.3640625 0.615625 0.25625 0.25625
5 0.5 0.2046875 0.15 0.1484375
17 0.5 0.0109375 0.5609375 0.0203125