15 0.5 0.0484375 0.51875 0.075
5 0.6359375 0.371875 0.2484375 0.13125
5 0.7046875 0.2171875 0.1140625 0.1296875
5 0.5671875 0.2171875 0.1140625 0.1296875
5 0.365625 0.2953125 0.2484375 0.284375
14 0.3421875 0.471875 0.2 0.03125
3 0.6703125 0.5359375 0.1203125 0.0171875
14 0.540625 0.534375 0.1140625 0.01875
14 0.534375 0.565625 0.1046875 0.0171875
14 0.6234375 0.596875 0.28125 0.0203125
3 0.3109375 0.5359375 0.1203125 0.0171875
14 0.228125 0.5328125 0.0171875 0.0125
14 0.334375 0.5984375 0.2296875 0.015625
14 0.5375 0.646875 0.06875 0.015625
5 0.63125 0.71875 0.3 0.1921875
5 0.3375 0.71875 0.234375 0.1921875
14 0.375 0.85625 0.2640625 0.025
3 0.259375 0.9421875 0.0265625 0.0265625
5 0.5 0.9421875 0.225 0.0265625
3 0.740625 0.94375 0.0234375 0.00625
17 0.5 0.9890625 0.5609375 0.0203125