14 0.4234375 0.8953125 0.2234375 0.021875
14 0.3125 0.009375 0.0484375 0.0125
14 0.5 0.009375 0.059375 0.0125
14 0.6875 0.0109375 0.040625 0.009375
3 0.6875 0.040625 0.0296875 0.0296875
5 0.5 0.040625 0.0296875 0.0296875
3 0.3125 0.040625 0.0265625 0.0265625
3 0.559375 0.1171875 0.09375 0.01875
14 0.571875 0.0890625 0.11875 0.0140625
14 0.625 0.115625 0.03125 0.0125
14 0.540625 0.14375 0.0546875 0.0203125
14 0.6171875 0.16875 0.2078125 0.0203125
14 0.6171875 0.1953125 0.2078125 0.0203125
3 0.2890625 0.1171875 0.09375 0.01875
14 0.2953125 0.0890625 0.1078125 0.0140625
14 0.3625 0.1140625 0.04375 0.015625
14 0.3484375 0.14375 0.2125 0.0203125
14 0.3640625 0.16875 0.2421875 0.0203125
14 0.3328125 0.1953125 0.1796875 0.0203125
5 0.6359375 0.3390625 0.2484375 0.2484375
5 0.365625 0.3390625 0.2484375 0.2484375
3 0.559375 0.5234375 0.09375 0.0171875
14 0.5640625 0.496875 0.103125 0.015625
14 0.625 0.5234375 0.0296875 0.0125
14 0.5359375 0.5515625 0.0453125 0.015625
14 0.6125 0.5765625 0.2 0.0203125
14 0.6140625 0.6046875 0.2 0.0171875
3 0.2890625 0.5234375 0.09375 0.01875
14 0.3 0.4953125 0.115625 0.0140625
14 0.3625 0.521875 0.04375 0.015625
14 0.2796875 0.5515625 0.071875 0.015625
14 0.3515625 0.5765625 0.2203125 0.0203125
14 0.353125 0.6015625 0.2203125 0.0203125
5 0.6359375 0.73125 0.2484375 0.2171875
5 0.365625 0.73125 0.2484375 0.2171875
6 0.5 0.8953125 0.51875 0.0671875
3 0.28125 0.896875 0.025 0.0234375
17 0.5 0.9890625 0.5609375 0.0203125