14 0.4984375 0.059375 0.078125 0.021875
14 0.696875 0.059375 0.0828125 0.021875
14 0.6015625 0.165625 0.18125 0.0171875
14 0.646875 0.225 0.090625 0.0171875
14 0.640625 0.284375 0.103125 0.0171875
14 0.6375 0.34375 0.1078125 0.0171875
14 0.65625 0.4046875 0.0703125 0.0171875
14 0.6015625 0.465625 0.1828125 0.021875
14 0.63125 0.525 0.1203125 0.021875
14 0.590625 0.5859375 0.2046875 0.021875
14 0.653125 0.64375 0.078125 0.0171875
14 0.659375 0.703125 0.0640625 0.0171875
14 0.6484375 0.7625 0.0875 0.0171875
14 0.584375 0.825 0.215625 0.0203125
14 0.60625 0.88125 0.1703125 0.0171875
14 0.5234375 0.94375 0.459375 0.0390625
14 0.284375 0.165625 0.028125 0.0171875
3 0.7546875 0.0578125 0.0171875 0.028125
3 0.2515625 0.1640625 0.0109375 0.0171875
3 0.2515625 0.2234375 0.0109375 0.0171875
3 0.2515625 0.2828125 0.0109375 0.0171875
3 0.2515625 0.34375 0.0109375 0.0171875
3 0.2515625 0.403125 0.0109375 0.0171875
3 0.2515625 0.4625 0.009375 0.0171875
3 0.2515625 0.521875 0.0109375 0.0171875
3 0.2515625 0.5828125 0.0109375 0.0171875
3 0.2515625 0.6421875 0.0109375 0.0171875
3 0.2515625 0.7015625 0.0109375 0.0171875
3 0.2515625 0.7625 0.0109375 0.0171875
3 0.2515625 0.821875 0.0109375 0.0171875
3 0.2515625 0.88125 0.0109375 0.0171875
5 0.734375 0.88125 0.0390625 0.0390625
5 0.734375 0.821875 0.0390625 0.0390625
3 0.734375 0.7609375 0.0390625 0.0390625
3 0.734375 0.7015625 0.0390625 0.0390625
3 0.734375 0.6421875 0.0390625 0.0390625
5 0.734375 0.5828125 0.0390625 0.0390625
3 0.734375 0.521875 0.0390625 0.0390625
3 0.734375 0.4625 0.0390625 0.0390625
5 0.734375 0.403125 0.0390625 0.0390625
5 0.734375 0.34375 0.0390625 0.0390625
5 0.734375 0.2828125 0.0390625 0.0390625
5 0.734375 0.2234375 0.0390625 0.0390625
3 0.734375 0.1640625 0.0390625 0.0390625
17 0.5 0.0109375 0.5609375 0.0203125