14 0.725 0.990625 0.0609375 0.0140625
14 0.6109375 0.9890625 0.0546875 0.0109375
14 0.5 0.9890625 0.0296875 0.0109375
14 0.275 0.9890625 0.034375 0.0109375
14 0.3890625 0.9890625 0.0546875 0.0109375
5 0.275 0.959375 0.0265625 0.0375
3 0.3875 0.959375 0.0375 0.0375
5 0.5 0.959375 0.0375 0.0375
3 0.6125 0.959375 0.03125 0.0375
5 0.725 0.959375 0.0328125 0.0375
3 0.2546875 0.053125 0.015625 0.0265625
14 0.5 0.059375 0.0890625 0.0234375
14 0.29375 0.1234375 0.09375 0.0234375
14 0.28125 0.1984375 0.06875 0.0125
14 0.421875 0.2328125 0.353125 0.0328125
13 0.721875 0.2109375 0.06875 0.0421875
17 0.5 0.0109375 0.5609375 0.0203125