14 0.3875 0.990625 0.0390625 0.0109375
14 0.275 0.990625 0.034375 0.009375
5 0.296875 0.9078125 0.0734375 0.0484375
3 0.3421875 0.896875 0.0203125 0.0203125
3 0.275 0.959375 0.0375 0.0375
3 0.3875 0.959375 0.0375 0.0375
5 0.4390625 0.9125 0.115625 0.0421875
3 0.4859375 0.8953125 0.0203125 0.01875
14 0.5 0.990625 0.0515625 0.009375
3 0.5 0.959375 0.0375 0.034375
5 0.5828125 0.9078125 0.09375 0.0484375
14 0.6125 0.990625 0.0203125 0.009375
3 0.6125 0.959375 0.0375 0.0375
3 0.628125 0.896875 0.0203125 0.01875
14 0.725 0.9921875 0.0390625 0.0125
3 0.725 0.959375 0.0375 0.0375
5 0.7140625 0.9078125 0.10625 0.0484375
3 0.60625 0.8375 0.0109375 0.0203125
14 0.4875 0.840625 0.1984375 0.0265625
5 0.5 0.6125 0.45625 0.3421875
14 0.5015625 0.421875 0.2109375 0.021875
14 0.5 0.3890625 0.1140625 0.0109375
5 0.7171875 0.246875 0.1 0.10625
3 0.628125 0.2015625 0.0203125 0.0203125
5 0.5828125 0.246875 0.06875 0.115625
3 0.4859375 0.2015625 0.0203125 0.01875
5 0.440625 0.246875 0.0984375 0.115625
3 0.3421875 0.2015625 0.0203125 0.0203125
5 0.296875 0.246875 0.115625 0.05625
3 0.59375 0.1421875 0.0109375 0.0203125
14 0.4875 0.1421875 0.171875 0.021875
14 0.509375 0.0578125 0.121875 0.0234375
5 0.4375 0.0578125 0.0140625 0.0203125
3 0.73125 0.05625 0.0421875 0.034375
17 0.5 0.0109375 0.5609375 0.0203125