14 0.3125 0.4375 0.071875 0.0171875
14 0.2953125 0.384375 0.040625 0.0125
15 0.5 0.4953125 0.4703125 0.059375
14 0.5 0.3234375 0.2578125 0.015625
3 0.7515625 0.0296875 0.0328125 0.0328125
5 0.5 0.1234375 0.5609375 0.24375
14 0.4984375 0.2921875 0.2984375 0.0265625
14 0.696875 0.4359375 0.040625 0.0125
14 0.584375 0.6546875 0.065625 0.01875
14 0.415625 0.6546875 0.1375 0.0171875
14 0.5 0.7328125 0.4015625 0.065625
14 0.5 0.8015625 0.2796875 0.0203125
15 0.5 0.578125 0.4703125 0.059375
6 0.5 0.3859375 0.4703125 0.040625
6 0.5 0.4359375 0.46875 0.040625