5 0.7703125 0.7875 0.021875 0.1578125
5 0.7703125 0.4375 0.0203125 0.328125
14 0.725 0.9875 0.040625 0.0109375
14 0.6125 0.9875 0.0234375 0.0125
14 0.5 0.9875 0.040625 0.0109375
14 0.3875 0.9875 0.0375 0.0109375
14 0.275 0.9875 0.0390625 0.0109375
3 0.275 0.959375 0.03125 0.0296875
3 0.3875 0.9609375 0.0359375 0.0234375
5 0.5 0.959375 0.028125 0.034375
5 0.725 0.9578125 0.040625 0.0296875
3 0.6125 0.95625 0.0328125 0.0328125
14 0.7203125 0.675 0.078125 0.015625
14 0.290625 0.6765625 0.1 0.0109375
14 0.7140625 0.23125 0.090625 0.015625
14 0.3078125 0.2265625 0.1296875 0.025
14 0.328125 0.1078125 0.1703125 0.03125
5 0.61875 0.7875 0.2375 0.1578125
5 0.359375 0.7890625 0.2375 0.1578125
5 0.4890625 0.4375 0.496875 0.328125
17 0.5 0.0109375 0.5609375 0.0203125