14 0.5 0.059375 0.253125 0.021875
14 0.278125 0.1375 0.0609375 0.0125
14 0.4265625 0.21875 0.1828125 0.021875
14 0.31875 0.3140625 0.1421875 0.0125
14 0.371875 0.3921875 0.0703125 0.01875
14 0.3671875 0.5015625 0.0609375 0.0171875
14 0.371875 0.6109375 0.0703125 0.0171875
14 0.3765625 0.71875 0.08125 0.0171875
14 0.39375 0.828125 0.1140625 0.0171875
14 0.3671875 0.9359375 0.0609375 0.0171875
3 0.25625 0.0578125 0.01875 0.01875
3 0.7515625 0.215625 0.009375 0.015625
5 0.2875 0.215625 0.046875 0.046875
5 0.2875 0.39375 0.0484375 0.046875
5 0.2875 0.5015625 0.0484375 0.0484375
5 0.2875 0.6109375 0.0484375 0.0484375
5 0.2875 0.71875 0.046875 0.0484375
5 0.2875 0.828125 0.046875 0.046875
5 0.2875 0.9359375 0.046875 0.0484375
17 0.5 0.0125 0.5609375 0.0234375