14 0.534375 0.5265625 0.0171875 0.0140625
14 0.534375 0.690625 0.0171875 0.015625
14 0.2484375 0.196875 0.0171875 0.0125
14 0.2875 0.221875 0.0921875 0.0125
14 0.2625 0.246875 0.04375 0.0125
14 0.2625 0.903125 0.04375 0.0125
14 0.2875 0.878125 0.09375 0.0125
14 0.24375 0.8546875 0.00625 0.0125
14 0.2625 0.7390625 0.04375 0.0125
14 0.2875 0.7140625 0.09375 0.0125
14 0.2484375 0.690625 0.0171875 0.0125
14 0.2625 0.575 0.04375 0.0125
14 0.2875 0.55 0.09375 0.0125
14 0.2484375 0.5265625 0.0171875 0.0125
14 0.2625 0.4109375 0.04375 0.0125
14 0.2484375 0.3609375 0.0171875 0.0125
14 0.534375 0.3625 0.0171875 0.0140625
14 0.534375 0.1984375 0.0171875 0.0140625
14 0.5125 0.059375 0.3484375 0.01875
14 0.715625 0.103125 0.046875 0.0140625
14 0.571875 0.1046875 0.0796875 0.0125
14 0.428125 0.1046875 0.0921875 0.0125
14 0.2828125 0.1046875 0.078125 0.0125
14 0.5625 0.1703125 0.1609375 0.021875
14 0.5234375 0.234375 0.2421875 0.040625
14 0.4671875 0.334375 0.35625 0.021875
14 0.515625 0.4984375 0.259375 0.021875
14 0.5984375 0.6609375 0.0921875 0.0171875
14 0.5796875 0.828125 0.128125 0.021875
14 0.4859375 0.9890625 0.315625 0.0171875
14 0.525 0.3984375 0.2421875 0.040625
14 0.2875 0.3859375 0.0921875 0.0125
14 0.5234375 0.5625 0.2421875 0.040625
14 0.525 0.728125 0.2421875 0.040625
14 0.5140625 0.8796875 0.2609375 0.0671875
3 0.325 0.0578125 0.0171875 0.009375
3 0.265625 0.0546875 0.025 0.034375
5 0.7125 0.2046875 0.09375 0.0859375
5 0.7125 0.3703125 0.0953125 0.0953125
5 0.7140625 0.534375 0.0953125 0.0953125
5 0.7140625 0.6984375 0.0890625 0.0859375
5 0.7140625 0.8625 0.0953125 0.0953125
5 0.7125 0.9921875 0.06875 0.015625
3 0.5984375 0.196875 0.09375 0.0171875
3 0.596875 0.3609375 0.09375 0.0171875
3 0.5984375 0.525 0.09375 0.0171875
3 0.596875 0.690625 0.09375 0.0171875
17 0.5 0.0109375 0.5609375 0.0203125