14 0.3734375 0.0421875 0.1734375 0.009375
5 0.3734375 0.1375 0.1 0.0921875
14 0.6265625 0.053125 0.11875 0.0296875
5 0.6265625 0.1328125 0.071875 0.0875
14 0.3734375 0.2703125 0.1046875 0.0296875
5 0.3734375 0.34375 0.1203125 0.075
14 0.6265625 0.2703125 0.1546875 0.0296875
5 0.6265625 0.3609375 0.1015625 0.1015625
14 0.3734375 0.478125 0.0515625 0.009375
5 0.3734375 0.56875 0.08125 0.05625
14 0.6265625 0.478125 0.18125 0.009375
5 0.6265625 0.571875 0.078125 0.0859375
14 0.3734375 0.7046875 0.159375 0.0296875
5 0.3734375 0.7875 0.0875 0.0625
14 0.6265625 0.7046875 0.18125 0.0296875
5 0.6265625 0.7890625 0.0953125 0.0859375
3 0.459375 0.890625 0.015625 0.015625
14 0.6078125 0.890625 0.2640625 0.0140625
14 0.71875 0.9390625 0.065625 0.0109375
17 0.5 0.9890625 0.5609375 0.0203125