14 0.3640625 0.4296875 0.1359375 0.015625
14 0.634375 0.43125 0.1234375 0.015625
14 0.6359375 0.465625 0.109375 0.0203125
14 0.365625 0.465625 0.16875 0.0203125
14 0.3640625 0.8578125 0.10625 0.015625
14 0.365625 0.890625 0.1515625 0.0171875
14 0.634375 0.8578125 0.075 0.015625
14 0.634375 0.89375 0.128125 0.0203125
14 0.275 0.9671875 0.0265625 0.0265625
3 0.3875 0.965625 0.0390625 0.0265625
3 0.5 0.965625 0.0265625 0.0265625
3 0.6125 0.965625 0.0265625 0.0234375
3 0.725 0.965625 0.0265625 0.0265625
5 0.5 0.046875 0.51875 0.0375
5 0.365625 0.246875 0.2484375 0.3171875
5 0.6359375 0.246875 0.2484375 0.3171875
5 0.365625 0.675 0.2484375 0.3171875
5 0.6359375 0.675 0.2484375 0.3171875
17 0.5 0.0109375 0.5609375 0.0203125