14 0.6796875 0.60625 0.059375 0.0109375
14 0.6640625 0.7265625 0.090625 0.0109375
6 0.5 0.60625 0.453125 0.053125
6 0.5 0.7265625 0.453125 0.053125
14 0.5 0.940625 0.2296875 0.0203125
14 0.5 0.8390625 0.2875 0.025
14 0.65625 0.7796875 0.1359375 0.015625
14 0.6796875 0.6609375 0.090625 0.015625
14 0.3484375 0.653125 0.146875 0.01875
14 0.5 0.4546875 0.4515625 0.0375
14 0.58125 0.3890625 0.2875 0.01875
14 0.5 0.3 0.4234375 0.025
14 0.5 0.2265625 0.3609375 0.0484375
15 0.5 0.1421875 0.34375 0.0609375
15 0.5 0.5296875 0.453125 0.0609375
3 0.7359375 0.9421875 0.0265625 0.0265625
3 0.259375 0.9421875 0.0296875 0.028125
17 0.5 0.9890625 0.5609375 0.0203125