14 0.734375 0.0390625 0.0375 0.0125
14 0.4953125 0.1359375 0.446875 0.0734375
2 0.721875 0.253125 0.0265625 0.0265625
14 0.321875 0.2546875 0.090625 0.0171875
2 0.721875 0.3453125 0.0265625 0.028125
14 0.3015625 0.346875 0.0515625 0.0171875
2 0.721875 0.4390625 0.0265625 0.028125
14 0.3015625 0.440625 0.0515625 0.0171875
2 0.721875 0.53125 0.0265625 0.028125
14 0.315625 0.5328125 0.0796875 0.0171875
2 0.721875 0.625 0.0265625 0.0265625
14 0.334375 0.625 0.1171875 0.0171875
2 0.721875 0.7171875 0.0265625 0.028125
14 0.3046875 0.71875 0.0546875 0.0171875
2 0.721875 0.809375 0.0265625 0.028125
14 0.321875 0.8125 0.09375 0.0203125
2 0.721875 0.903125 0.0265625 0.028125
14 0.375 0.903125 0.196875 0.0171875