14 0.2921875 0.2953125 0.0859375 0.015625
14 0.271875 0.2203125 0.046875 0.015625
13 0.2703125 0.4796875 0.0484375 0.03125
13 0.2703125 0.353125 0.0484375 0.03125
14 0.5 0.678125 0.2046875 0.0203125
14 0.5 0.6375 0.20625 0.015625
15 0.5 0.553125 0.2484375 0.046875
14 0.375 0.4796875 0.1375 0.015625
14 0.49375 0.4171875 0.49375 0.0671875
14 0.3890625 0.353125 0.1640625 0.0203125
3 0.725 0.2984375 0.025 0.015625
6 0.5 0.303125 0.5078125 0.03125
6 0.5 0.228125 0.5078125 0.03125
14 0.5 0.140625 0.253125 0.025
3 0.2421875 0.06875 0.0078125 0.0140625
14 0.278125 0.0671875 0.0421875 0.015625
14 0.734375 0.0671875 0.05 0.015625
5 0.5 0.0671875 0.153125 0.040625
17 0.5 0.0125 0.5609375 0.0234375