17 0.50625 0.975 0.4 0.0125
14 0.534375 0.1609375 0.04375 0.015625
14 0.609375 0.190625 0.196875 0.03125
14 0.303125 0.1609375 0.04375 0.015625
14 0.384375 0.1921875 0.20625 0.028125
3 0.6890625 0.409375 0.0265625 0.0265625
3 0.459375 0.409375 0.0265625 0.0265625
14 0.5375 0.5140625 0.05 0.015625
14 0.615625 0.5453125 0.209375 0.028125
14 0.303125 0.5140625 0.04375 0.015625
14 0.384375 0.5453125 0.2078125 0.028125
3 0.6890625 0.7625 0.0265625 0.0265625
3 0.4578125 0.7625 0.028125 0.028125
14 0.6828125 0.9265625 0.0484375 0.0140625
14 0.5 0.9234375 0.2421875 0.0171875
3 0.3046875 0.9265625 0.0109375 0.0203125
14 0.3578125 0.8765625 0.0859375 0.0125
14 0.490625 0.8765625 0.075 0.0109375
14 0.61875 0.875 0.0875 0.015625
3 0.6765625 0.875 0.00625 0.0140625
5 0.6171875 0.3265625 0.2109375 0.2140625
5 0.3859375 0.3265625 0.2109375 0.2140625
5 0.6171875 0.6796875 0.2109375 0.2140625
5 0.3859375 0.6796875 0.2109375 0.2140625
14 0.684375 0.0453125 0.0625 0.0109375
14 0.5921875 0.046875 0.040625 0.009375
14 0.5 0.046875 0.0234375 0.0078125
14 0.4078125 0.0453125 0.0265625 0.0109375
14 0.315625 0.046875 0.03125 0.0078125
3 0.6828125 0.0703125 0.0203125 0.015625
3 0.5921875 0.0703125 0.0203125 0.0203125
3 0.4984375 0.0703125 0.025 0.021875
3 0.4078125 0.071875 0.03125 0.01875
3 0.3140625 0.0703125 0.0234375 0.021875