3 0.7328125 0.065625 0.01875 0.01875
14 0.6328125 0.0671875 0.1578125 0.0203125
14 0.6265625 0.15 0.25625 0.028125
14 0.290625 0.1453125 0.0578125 0.0140625
14 0.684375 0.3828125 0.1125 0.021875
14 0.503125 0.3953125 0.08125 0.0421875
14 0.3234375 0.4078125 0.1171875 0.0703125
14 0.684375 0.66875 0.125 0.0171875
14 0.503125 0.6703125 0.103125 0.0203125
14 0.3234375 0.6828125 0.09375 0.046875
14 0.621875 0.7703125 0.265625 0.028125
14 0.4640625 0.8390625 0.2984375 0.05
14 0.275 0.990625 0.01875 0.009375
14 0.3875 0.9921875 0.0953125 0.0125
14 0.5 0.990625 0.0625 0.009375
14 0.6109375 0.990625 0.075 0.0125
14 0.7234375 0.990625 0.05625 0.0109375
3 0.725 0.959375 0.0328125 0.0328125
5 0.6125 0.959375 0.034375 0.034375
3 0.5 0.959375 0.05 0.0359375
3 0.3890625 0.959375 0.034375 0.0359375
3 0.275 0.959375 0.034375 0.0359375
3 0.6921875 0.8421875 0.034375 0.034375
5 0.6921875 0.8421875 0.1359375 0.0765625
5 0.3234375 0.5640625 0.1546875 0.15625
5 0.503125 0.5640625 0.1546875 0.15625
5 0.6828125 0.5640625 0.159375 0.159375
5 0.684375 0.2796875 0.159375 0.1609375
5 0.5015625 0.278125 0.15625 0.159375
5 0.3234375 0.278125 0.1578125 0.1578125
3 0.2390625 0.1453125 0.00625 0.0125
6 0.5 0.065625 0.5078125 0.0484375
17 0.5 0.0109375 0.5609375 0.0203125