14 0.0609375 0.1515625 0.04375 0.015625
3 0.103125 0.15 0.015625 0.015625
14 0.5 0.1515625 0.215625 0.01875
14 0.81875 0.1515625 0.0609375 0.015625
14 0.9015625 0.1515625 0.040625 0.015625
14 0.1703125 0.2859375 0.0453125 0.0203125
14 0.2421875 0.2875 0.0625 0.01875
14 0.3296875 0.2875 0.071875 0.0203125
14 0.4046875 0.2875 0.0421875 0.01875
14 0.4625 0.2859375 0.0359375 0.01875
14 0.5203125 0.2875 0.0390625 0.015625
14 0.61875 0.2859375 0.1140625 0.01875
14 0.7203125 0.2859375 0.0484375 0.0171875
14 0.8203125 0.284375 0.0625 0.015625
3 0.7765625 0.2859375 0.015625 0.015625
14 0.309375 0.3296875 0.0796875 0.015625
14 0.4171875 0.3296875 0.0828125 0.015625
14 0.5203125 0.33125 0.08125 0.015625
14 0.625 0.3296875 0.08125 0.015625
14 0.7078125 0.3296875 0.0453125 0.0171875
14 0.2171875 0.603125 0.315625 0.0359375
14 0.3171875 0.7140625 0.51875 0.134375
14 0.7859375 0.6375 0.128125 0.015625
14 0.784375 0.70625 0.0796875 0.0171875
14 0.7875 0.75625 0.0953125 0.0171875
14 0.7890625 0.7765625 0.0828125 0.0109375
15 0.7875 0.6359375 0.30625 0.0515625
15 0.7875 0.70625 0.30625 0.0515625
14 0.909375 0.8359375 0.128125 0.015625
14 0.4796875 0.2203125 0.365625 0.0609375
5 0.684375 0.215625 0.0375 0.0484375
15 0.8171875 0.15 0.0859375 0.03125
15 0.9140625 0.15 0.0875 0.03125
3 0.9359375 0.1515625 0.0109375 0.0140625