5 0.9328125 0.8578125 0.0703125 0.0203125
14 0.8375 0.8515625 0.0578125 0.0140625
14 0.7265625 0.8515625 0.1125 0.0125
14 0.603125 0.853125 0.0828125 0.0125
14 0.3546875 0.8515625 0.13125 0.0140625
14 0.240625 0.8515625 0.04375 0.0140625
14 0.0984375 0.8515625 0.13125 0.0140625
5 0.69375 0.8078125 0.025 0.034375
14 0.4859375 0.80625 0.3578125 0.0171875
3 0.0265625 0.8078125 0.0140625 0.0140625
16 0.5 0.853125 0.9984375 0.04375
6 0.7453125 0.7015625 0.353125 0.0421875
6 0.38125 0.7015625 0.3578125 0.040625
3 0.23125 0.7 0.015625 0.0234375
14 0.521875 0.7015625 0.04375 0.0109375
14 0.4125 0.7 0.1421875 0.0140625
14 0.8890625 0.7015625 0.0359375 0.0109375
14 0.753125 0.7 0.203125 0.0140625
14 0.5 0.640625 0.3453125 0.0171875
14 0.5 0.6015625 0.4640625 0.015625
14 0.5 0.5 0.1890625 0.0234375
15 0.13125 0.7015625 0.1109375 0.0421875
14 0.13125 0.7 0.059375 0.0140625
1 0.8 0.45 0.121875 0.0453125
1 0.640625 0.4515625 0.1796875 0.0453125
1 0.8046875 0.3921875 0.115625 0.0453125
1 0.4578125 0.45 0.165625 0.0453125
1 0.3140625 0.45 0.103125 0.046875
1 0.2 0.4515625 0.10625 0.0453125
1 0.1875 0.3921875 0.103125 0.0453125
1 0.3328125 0.3921875 0.16875 0.046875
1 0.5296875 0.39375 0.20625 0.0453125
1 0.690625 0.3921875 0.09375 0.0453125
14 0.678125 0.3921875 0.0375 0.009375
14 0.7921875 0.3921875 0.0625 0.015625
14 0.7875 0.45 0.0640625 0.0140625
14 0.628125 0.45 0.1265625 0.0140625
14 0.446875 0.4515625 0.1109375 0.0125
14 0.3015625 0.4515625 0.0484375 0.009375
14 0.1890625 0.45 0.0515625 0.009375
14 0.1765625 0.3921875 0.0484375 0.0109375
14 0.3203125 0.3921875 0.1109375 0.0125
14 0.5171875 0.390625 0.153125 0.0125
1 0.8046875 0.3921875 0.115625 0.0453125
3 0.8375 0.45 0.015625 0.015625
3 0.840625 0.3921875 0.015625 0.015625
3 0.7125 0.3921875 0.015625 0.015625
3 0.70625 0.4515625 0.015625 0.015625
3 0.6109375 0.3921875 0.015625 0.015625
3 0.5171875 0.4515625 0.015625 0.015625
3 0.3921875 0.3921875 0.015625 0.015625
3 0.3421875 0.45 0.015625 0.015625
3 0.2296875 0.4515625 0.015625 0.015625
3 0.2171875 0.3921875 0.015625 0.015625
14 0.5 0.2984375 0.3984375 0.015625
14 0.5 0.2703125 0.284375 0.0140625
14 0.534375 0.21875 0.896875 0.0140625
14 0.7125 0.175 0.54375 0.0125
14 0.5 0.1328125 0.2 0.009375