14 0.6984375 0.24375 0.171875 0.05
14 0.6671875 0.3234375 0.184375 0.0140625
14 0.6015625 0.365625 0.053125 0.0125
14 0.696875 0.4125 0.0421875 0.015625
14 0.6984375 0.4515625 0.01875 0.0109375
14 0.7078125 0.4953125 0.140625 0.0125
14 0.696875 0.53125 0.09375 0.0140625
14 0.6984375 0.6 0.196875 0.0125
14 0.696875 0.6578125 0.075 0.0140625
5 0.628125 0.7046875 0.1328125 0.0375
5 0.7671875 0.7046875 0.13125 0.0375
5 0.31875 0.453125 0.3609375 0.565625
14 0.040625 0.846875 0.040625 0.0109375
14 0.0921875 0.8453125 0.03125 0.0109375
14 0.1453125 0.846875 0.040625 0.009375
14 0.1890625 0.846875 0.0171875 0.0109375
14 0.2296875 0.846875 0.03125 0.0125
14 0.2875 0.8453125 0.0515625 0.009375
14 0.3484375 0.846875 0.0421875 0.009375
14 0.41875 0.846875 0.0671875 0.009375
14 0.515625 0.8453125 0.09375 0.009375
14 0.609375 0.8453125 0.065625 0.009375
14 0.690625 0.846875 0.0671875 0.009375
14 0.871875 0.846875 0.2203125 0.0125
6 0.696875 0.321875 0.2609375 0.0375
6 0.696875 0.365625 0.2609375 0.0375
15 0.696875 0.4125 0.2625 0.0296875
3 0.6234375 0.4953125 0.0140625 0.0125