14 0.0609375 0.846875 0.065625 0.0140625
14 0.1453125 0.846875 0.065625 0.0140625
14 0.2265625 0.846875 0.059375 0.0125
14 0.490625 0.2359375 0.209375 0.0625
14 0.8125 0.2375 0.2171875 0.0625
14 0.1640625 0.221875 0.184375 0.0890625
14 0.5015625 0.65625 0.45 0.0953125
14 0.5 0.584375 0.5546875 0.0359375
14 0.5 0.5296875 0.0703125 0.0140625
5 0.4984375 0.3734375 0.284375 0.159375
5 0.184375 0.3734375 0.284375 0.159375
5 0.815625 0.3734375 0.284375 0.159375
5 0.5015625 0.8453125 0.0625 0.0421875
15 0.5 0.528125 0.13125 0.0359375
3 0.89375 0.8453125 0.0171875 0.0171875
14 0.93125 0.8453125 0.0171875 0.0203125
3 0.9671875 0.8453125 0.0203125 0.01875
0 0.5 0.60625 0.9984375 0.421875
16 0.5 0.8453125 0.9984375 0.05625