6 0.5 0.64375 0.4328125 0.025
15 0.5 0.60625 0.0953125 0.0203125
14 0.5 0.6078125 0.05625 0.0125
14 0.5 0.578125 0.1515625 0.0125
14 0.5 0.5640625 0.2203125 0.009375
14 0.6515625 0.621875 0.1109375 0.009375
3 0.7125 0.621875 0.0046875 0.0046875
14 0.7296875 0.1515625 0.09375 0.009375
14 0.8203125 0.15 0.0671875 0.0109375
14 0.89375 0.15 0.0578125 0.0109375
14 0.9640625 0.15 0.0625 0.0109375
14 0.965625 0.1359375 0.05625 0.0109375
5 0.4984375 0.753125 0.2265625 0.159375
14 0.0421875 0.8671875 0.0328125 0.0109375
14 0.0890625 0.865625 0.0265625 0.0125
14 0.146875 0.8671875 0.0515625 0.009375
14 0.2234375 0.865625 0.065625 0.0125
14 0.2953125 0.8671875 0.0453125 0.009375
3 0.0046875 0.8671875 0.0046875 0.009375