5 0.9140625 0.803125 0.0703125 0.05625
14 0.7 0.8484375 0.078125 0.0140625
14 0.5953125 0.8484375 0.0671875 0.0140625
14 0.5125 0.8484375 0.040625 0.0125
14 0.4203125 0.8484375 0.0859375 0.0171875
14 0.328125 0.85 0.040625 0.0125
14 0.046875 0.8484375 0.04375 0.0125
14 0.1703125 0.85 0.01875 0.0140625
3 0.2703125 0.8484375 0.0234375 0.021875
3 0.221875 0.85 0.0171875 0.0171875
3 0.1453125 0.85 0.009375 0.0046875
12 0.1609375 0.85 0.040625 0.015625
11 0.0578125 0.8484375 0.0828125 0.0375
3 0.08125 0.846875 0.0140625 0.0140625
14 0.89375 0.509375 0.1125 0.0171875
14 0.6359375 0.45 0.6453125 0.046875
0 0.5 0.578125 0.996875 0.484375
14 0.5203125 0.2625 0.871875 0.0234375
14 0.50625 0.2125 0.909375 0.0375
16 0.5 0.8484375 0.996875 0.0515625