14 0.0453125 0.153125 0.0578125 0.0140625
14 0.0875 0.153125 0.0140625 0.015625
3 0.0875 0.153125 0.01875 0.0203125
14 0.8515625 0.1515625 0.075 0.0125
15 0.9453125 0.153125 0.078125 0.0296875
14 0.796875 0.2203125 0.1828125 0.0171875
14 0.7515625 0.25 0.0953125 0.0171875
14 0.8203125 0.28125 0.2328125 0.015625
3 0.9734375 0.21875 0.015625 0.015625
6 0.84375 0.34375 0.2796875 0.0453125
14 0.7734375 0.34375 0.1109375 0.0125
14 0.75 0.4015625 0.065625 0.0109375
14 0.9484375 0.403125 0.04375 0.0109375
6 0.84375 0.403125 0.278125 0.046875
14 0.7671875 0.45625 0.1234375 0.0109375
14 0.740625 0.478125 0.0734375 0.0140625
15 0.9359375 0.4671875 0.0953125 0.0453125
14 0.940625 0.4671875 0.0578125 0.015625
15 0.215625 0.5046875 0.396875 0.059375
3 0.3875 0.503125 0.00625 0.01875
3 0.3875 0.578125 0.00625 0.01875
3 0.3875 0.653125 0.00625 0.01875
14 0.16875 0.5796875 0.275 0.01875
14 0.18125 0.6546875 0.296875 0.01875
14 0.14375 0.503125 0.2203125 0.015625
15 0.2140625 0.578125 0.396875 0.0578125
15 0.2140625 0.6515625 0.396875 0.059375
14 0.2734375 0.25625 0.5125 0.0390625
14 0.2609375 0.3296875 0.48125 0.05
14 0.1796875 0.3984375 0.31875 0.05
0 0.5 0.5 0.9984375 0.7484375