16 0.5 0.1625 0.9984375 0.075
14 0.309375 0.30625 0.40625 0.0515625
14 0.378125 0.4 0.5453125 0.0875
14 0.2328125 0.1640625 0.046875 0.0109375
14 0.809375 0.165625 0.05 0.0109375
14 0.9 0.165625 0.0390625 0.0140625
14 0.1015625 0.590625 0.159375 0.0234375
14 0.28125 0.675 0.1953125 0.03125
14 0.4875 0.75 0.6078125 0.078125
14 0.225 0.821875 0.0484375 0.0109375
14 0.33125 0.8203125 0.0578125 0.0109375
5 0.0796875 0.1640625 0.1125 0.0328125
6 0.290625 0.1640625 0.259375 0.0359375
3 0.184375 0.165625 0.0171875 0.015625
3 0.965625 0.165625 0.021875 0.015625
15 0.8109375 0.1640625 0.0796875 0.03125
15 0.225 0.8203125 0.0828125 0.0328125
15 0.33125 0.8203125 0.090625 0.0328125