14 0.4984375 0.1359375 0.30625 0.0109375
5 0.9375 0.190625 0.05 0.05
14 0.9484375 0.2375 0.0765625 0.0140625
3 0.89375 0.2375 0.01875 0.0171875
14 0.5 0.2046875 0.2625 0.0984375
14 0.5203125 0.325 0.49375 0.0671875
14 0.528125 0.4015625 0.509375 0.0484375
14 0.5265625 0.4625 0.503125 0.0328125
14 0.4078125 0.6171875 0.7375 0.175
14 0.1265625 0.5046875 0.2203125 0.0171875
5 0.059375 0.75 0.084375 0.0609375
5 0.5 0.81875 0.1171875 0.0375
5 0.89375 0.671875 0.078125 0.015625
5 0.85625 0.6953125 0.0171875 0.0171875
14 0.9046875 0.6984375 0.0640625 0.009375
5 0.8921875 0.725 0.096875 0.0265625
5 0.8921875 0.7765625 0.06875 0.0265625
5 0.1234375 0.3828125 0.2140625 0.184375
5 0.19375 0.3875 0.1375 0.1296875
14 0.8171875 0.2828125 0.0359375 0.0109375
14 0.8421875 0.303125 0.0515625 0.0109375
14 0.840625 0.3234375 0.05 0.009375
14 0.853125 0.346875 0.071875 0.0125
14 0.85 0.365625 0.06875 0.009375
14 0.865625 0.3875 0.1 0.0125
14 0.8390625 0.40625 0.046875 0.009375
14 0.84375 0.4265625 0.0546875 0.009375
14 0.8359375 0.4484375 0.040625 0.0140625
14 0.8328125 0.46875 0.06875 0.0125
14 0.8625 0.4890625 0.0921875 0.0125
14 0.840625 0.509375 0.053125 0.0125
14 0.8125 0.5296875 0.0265625 0.0125
14 0.865625 0.55 0.0984375 0.0125
14 0.878125 0.5703125 0.125 0.009375
14 0.88125 0.5921875 0.128125 0.0125
14 0.85625 0.6125 0.115625 0.0125
14 0.853125 0.6328125 0.0734375 0.0109375
14 0.8734375 0.653125 0.115625 0.0125
14 0.8203125 0.75 0.0421875 0.0109375
3 0.8046875 0.303125 0.0109375 0.0109375
3 0.8046875 0.3234375 0.0109375 0.0109375
3 0.8046875 0.34375 0.0109375 0.0109375
3 0.8046875 0.3640625 0.0109375 0.0109375
3 0.8046875 0.384375 0.0125 0.0109375
3 0.8046875 0.40625 0.0109375 0.0109375
3 0.8046875 0.4265625 0.009375 0.009375
3 0.8046875 0.446875 0.0109375 0.0109375
3 0.8046875 0.4875 0.0109375 0.0109375
3 0.803125 0.5078125 0.0109375 0.0109375
3 0.803125 0.55 0.0109375 0.0109375
3 0.8046875 0.56875 0.0109375 0.0109375
3 0.8046875 0.590625 0.0109375 0.0109375
3 0.8046875 0.63125 0.0109375 0.0109375
3 0.8046875 0.6515625 0.0109375 0.0125