14 0.165625 0.1671875 0.284375 0.0328125
14 0.5171875 0.15 0.028125 0.009375
14 0.55625 0.1515625 0.03125 0.0109375
14 0.59375 0.15 0.0234375 0.0078125
14 0.6328125 0.1515625 0.040625 0.0140625
14 0.68125 0.1484375 0.0328125 0.0125
14 0.5984375 0.1796875 0.1890625 0.0125
14 0.7890625 0.165625 0.1296875 0.0125
14 0.9296875 0.1875 0.1359375 0.0140625
14 0.0390625 0.2125 0.0453125 0.0171875
14 0.1046875 0.2125 0.053125 0.0140625
14 0.190625 0.2125 0.0890625 0.015625
14 0.275 0.2125 0.04375 0.0140625
14 0.3421875 0.2125 0.05625 0.0140625
14 0.4125 0.2140625 0.0515625 0.0125
14 0.4875 0.2125 0.0609375 0.0125
14 0.5765625 0.2125 0.0828125 0.0109375
14 0.6703125 0.2140625 0.0734375 0.0125
14 0.7734375 0.2125 0.1015625 0.0109375
9 0.5046875 0.2125 0.9890625 0.034375
16 0.5046875 0.165625 0.9890625 0.0578125
6 0.846875 0.165625 0.2546875 0.0234375
3 0.984375 0.1640625 0.0125 0.0140625
1 0.984375 0.1640625 0.021875 0.0203125
9 0.5046875 0.3671875 0.9875 0.034375
14 0.059375 0.36875 0.0828125 0.015625
14 0.15625 0.3671875 0.09375 0.015625
14 0.275 0.3671875 0.1203125 0.015625
14 0.38125 0.3671875 0.0609375 0.01875
14 0.4546875 0.3671875 0.0625 0.0140625
14 0.5859375 0.3671875 0.1703125 0.01875
14 0.746875 0.3671875 0.11875 0.015625
4 0.5 0.440625 0.709375 0.0875
14 0.0921875 0.51875 0.18125 0.015625
14 0.2203125 0.55 0.4359375 0.0296875
14 0.059375 0.5859375 0.1125 0.015625
15 0.15 0.584375 0.0578125 0.0203125
14 0.1578125 0.5828125 0.0234375 0.0140625
3 0.134375 0.5828125 0.0171875 0.015625
14 0.3234375 0.584375 0.28125 0.0109375
14 0.521875 0.540625 0.0953125 0.015625
14 0.634375 0.5390625 0.0421875 0.015625
15 0.5234375 0.5375 0.125 0.0328125
15 0.634375 0.5390625 0.0703125 0.0328125
14 0.809375 0.5203125 0.2078125 0.0203125
14 0.75625 0.646875 0.103125 0.015625
14 0.90625 0.6453125 0.1015625 0.0140625
14 0.7625 0.7796875 0.115625 0.028125
14 0.8734375 0.7734375 0.0359375 0.0125
14 0.275 0.64375 0.5453125 0.0484375
5 0.7765625 0.5875 0.1390625 0.0859375
5 0.928125 0.5875 0.140625 0.0859375
5 0.7765625 0.7140625 0.140625 0.090625
5 0.9265625 0.7140625 0.140625 0.0859375
5 0.8515625 0.8421875 0.2890625 0.0625
5 0.340625 0.78125 0.6625 0.1828125
5 0.025 0.8515625 0.0328125 0.034375
15 0.228125 0.8515625 0.0828125 0.028125
15 0.365625 0.8515625 0.1390625 0.028125
15 0.503125 0.8515625 0.084375 0.03125
3 0.3125 0.85 0.015625 0.0171875
3 0.64375 0.6265625 0.0171875 0.0171875
14 0.6578125 0.6265625 0.0078125 0.0109375
14 0.2375 0.8515625 0.0453125 0.015625
14 0.3375 0.85 0.0234375 0.01875
14 0.396875 0.85 0.0640625 0.01875
3 0.203125 0.8515625 0.0140625 0.015625
3 0.478125 0.85 0.0125 0.0140625
14 0.5140625 0.8515625 0.0453125 0.0171875