16 0.5 0.8421875 0.996875 0.0640625
14 0.4359375 0.8421875 0.0796875 0.0203125
14 0.3234375 0.840625 0.0625 0.015625
14 0.23125 0.840625 0.040625 0.015625
14 0.165625 0.8421875 0.0421875 0.015625
14 0.0703125 0.840625 0.0578125 0.015625
3 0.3859375 0.8421875 0.0109375 0.00625
3 0.28125 0.84375 0.009375 0.0109375
3 0.13125 0.84375 0.009375 0.0078125
12 0.4265625 0.8390625 0.0953125 0.025
12 0.3140625 0.840625 0.08125 0.0234375
12 0.1546875 0.840625 0.0640625 0.01875
5 0.8484375 0.70625 0.2421875 0.0828125
14 0.7140625 0.5640625 0.50625 0.1015625
14 0.7375 0.45 0.4640625 0.05
14 0.85625 0.346875 0.1609375 0.01875
14 0.7921875 0.3 0.359375 0.0109375
14 0.275 0.1390625 0.41875 0.025
5 0.271875 0.5234375 0.5421875 0.49375