16 0.5 0.8046875 0.9984375 0.1328125
14 0.203125 0.796875 0.3515625 0.0375
3 0.03125 0.8515625 0.0125 0.0109375
14 0.0953125 0.8484375 0.096875 0.0109375
14 0.21875 0.8484375 0.121875 0.0109375
14 0.31875 0.85 0.0515625 0.009375
14 0.3859375 0.8484375 0.05625 0.0078125
12 0.4796875 0.85 0.03125 0.009375
14 0.475 0.85 0.021875 0.009375
3 0.490625 0.8484375 0.00625 0.0046875
15 0.6890625 0.8484375 0.096875 0.0171875
14 0.696875 0.8484375 0.071875 0.009375
3 0.65 0.8484375 0.009375 0.009375
3 0.7609375 0.8484375 0.015625 0.0140625
15 0.8265625 0.8484375 0.0734375 0.0171875
15 0.9234375 0.8484375 0.103125 0.0171875
3 0.8828125 0.8484375 0.009375 0.0109375
14 0.9328125 0.85 0.0734375 0.0109375
14 0.8265625 0.85 0.0625 0.009375
9 0.5 0.7203125 0.996875 0.0328125
3 0.0359375 0.71875 0.0171875 0.0125
3 0.075 0.7203125 0.0125 0.0140625
1 0.0734375 0.7203125 0.0375 0.0328125
1 0.0359375 0.7203125 0.0375 0.03125
14 0.1359375 0.71875 0.0625 0.0109375
14 0.2296875 0.71875 0.0859375 0.0125
14 0.3171875 0.71875 0.0484375 0.0125
14 0.3890625 0.7171875 0.053125 0.0140625
14 0.45 0.71875 0.028125 0.0109375
14 0.5125 0.7171875 0.0578125 0.0140625
14 0.59375 0.7203125 0.0640625 0.0125
14 0.6625 0.71875 0.034375 0.0109375
14 0.7171875 0.71875 0.0359375 0.0109375
14 0.7796875 0.71875 0.0484375 0.0109375
14 0.8484375 0.71875 0.05 0.0109375
14 0.9140625 0.71875 0.0390625 0.0109375
14 0.159375 0.646875 0.2625 0.01875
14 0.1765625 0.6046875 0.1203125 0.0125
14 0.178125 0.5875 0.121875 0.0125
14 0.171875 0.5640625 0.1078125 0.0171875
14 0.153125 0.5484375 0.0703125 0.0140625
14 0.4265625 0.60625 0.14375 0.0125
14 0.4140625 0.5875 0.11875 0.0125
14 0.3921875 0.5640625 0.075 0.0171875
14 0.40625 0.546875 0.103125 0.01875
14 0.6703125 0.60625 0.109375 0.0109375
14 0.675 0.5828125 0.1171875 0.015625
14 0.6890625 0.5671875 0.146875 0.0125
14 0.678125 0.55 0.128125 0.0140625
14 0.93125 0.60625 0.10625 0.015625
14 0.925 0.584375 0.09375 0.0140625
14 0.9171875 0.5671875 0.0765625 0.0140625
14 0.9296875 0.546875 0.1046875 0.0171875
5 0.828125 0.5765625 0.071875 0.071875
5 0.5640625 0.578125 0.071875 0.0734375
5 0.3046875 0.5765625 0.0734375 0.0734375
5 0.0671875 0.578125 0.0734375 0.071875
14 0.4984375 0.509375 0.0828125 0.0109375
14 0.3609375 0.4921875 0.1640625 0.009375
14 0.5109375 0.4921875 0.1078125 0.009375
14 0.64375 0.4921875 0.13125 0.009375
14 0.4 0.4734375 0.1640625 0.009375
14 0.590625 0.4734375 0.1703125 0.009375
14 0.1078125 0.3953125 0.1828125 0.01875
14 0.1421875 0.3640625 0.253125 0.034375
14 0.1390625 0.33125 0.2453125 0.03125
14 0.34375 0.29375 0.640625 0.0125
14 0.3265625 0.2765625 0.60625 0.0140625
14 0.340625 0.25625 0.6328125 0.0125
14 0.33125 0.2390625 0.6171875 0.0140625
14 0.33125 0.2203125 0.6171875 0.0125
14 0.3375 0.2015625 0.628125 0.0109375
14 0.328125 0.18125 0.6078125 0.0140625
14 0.3328125 0.1640625 0.615625 0.0109375
14 0.0421875 0.1453125 0.0359375 0.0109375
15 0.753125 0.2203125 0.134375 0.0359375
15 0.9 0.2203125 0.1359375 0.0359375
14 0.7453125 0.2203125 0.05625 0.009375
14 0.8984375 0.2203125 0.0484375 0.009375
3 0.7828125 0.2203125 0.0078125 0.003125
5 0.6640625 0.365625 0.6390625 0.096875