3 0.05 0.196875 0.0203125 0.01875
14 0.428125 0.140625 0.2703125 0.0140625
14 0.63125 0.140625 0.1125 0.0125
3 0.7015625 0.140625 0.0125 0.0078125
14 0.1015625 0.2 0.065625 0.0234375
14 0.21875 0.2015625 0.0515625 0.0109375
14 0.34375 0.2015625 0.065625 0.009375
14 0.46875 0.2015625 0.0796875 0.0125
14 0.59375 0.2015625 0.065625 0.0109375
14 0.728125 0.2015625 0.071875 0.009375
14 0.8515625 0.2015625 0.046875 0.0125
3 0.946875 0.1984375 0.01875 0.0171875
3 0.259375 0.2015625 0.0078125 0.0046875
3 0.778125 0.2015625 0.0078125 0.0046875
3 0.640625 0.2015625 0.0078125 0.0046875
12 0.228125 0.2015625 0.0703125 0.0109375
12 0.6015625 0.2015625 0.0828125 0.0109375
12 0.7375 0.2015625 0.0890625 0.0109375
14 0.2296875 0.328125 0.2296875 0.028125
14 0.3046875 0.3796875 0.3828125 0.0296875
14 0.1890625 0.4359375 0.1546875 0.034375
14 0.3046875 0.5046875 0.3828125 0.021875
14 0.159375 0.5328125 0.096875 0.01875
14 0.1796875 0.6546875 0.1390625 0.015625
3 0.2703125 0.653125 0.0140625 0.0109375
14 0.359375 0.8640625 0.240625 0.01875
15 0.2125 0.5890625 0.2015625 0.0421875
14 0.2125 0.5890625 0.18125 0.015625
1 0.928125 0.8421875 0.1015625 0.046875
3 0.9078125 0.8421875 0.01875 0.01875
14 0.9421875 0.8421875 0.0296875 0.0140625
15 0.16875 0.8328125 0.1953125 0.03125
14 0.16875 0.8328125 0.0359375 0.0125
14 0.3765625 0.8234375 0.0921875 0.0125
14 0.1671875 0.721875 0.2796875 0.0125
14 0.15 0.740625 0.2421875 0.0125
14 0.1671875 0.7609375 0.278125 0.0125
14 0.134375 0.78125 0.215625 0.0125
14 0.0578125 0.7984375 0.0609375 0.0125
0 0.5 0.5140625 0.9984375 0.71875