14 0.25 0.296875 0.209375 0.0203125
15 0.25 0.3515625 0.1953125 0.0453125
14 0.25 0.3515625 0.053125 0.0140625
14 0.75 0.296875 0.2109375 0.0203125
15 0.75 0.3578125 0.2125 0.0609375
14 0.725 0.353125 0.1234375 0.015625
3 0.81875 0.353125 0.034375 0.0140625
14 0.5 0.7921875 0.5484375 0.0109375
14 0.5 0.8109375 0.5015625 0.0125
14 0.5015625 0.8296875 0.5421875 0.0109375
14 0.5 0.8484375 0.196875 0.0140625
7 0.4390625 0.8484375 0.0765625 0.0140625
7 0.5609375 0.8484375 0.0734375 0.0125
0 0.5 0.5 0.9984375 0.7484375