14 0.5 0.6484375 0.7109375 0.0578125
14 0.5 0.5953125 0.484375 0.021875
15 0.6 0.5421875 0.146875 0.0453125
15 0.4171875 0.5421875 0.1859375 0.0453125
14 0.41875 0.54375 0.1546875 0.0125
14 0.6 0.54375 0.115625 0.0140625
14 0.75 0.23125 0.1484375 0.0203125
14 0.25 0.23125 0.078125 0.0171875
15 0.940625 0.171875 0.1171875 0.053125
14 0.9265625 0.171875 0.059375 0.009375
3 0.9734375 0.1734375 0.01875 0.01875
15 0.0515625 0.171875 0.1015625 0.053125
14 0.034375 0.171875 0.0328125 0.0203125
3 0.0734375 0.1734375 0.0296875 0.021875
3 0.9640625 0.859375 0.025 0.015625
14 0.871875 0.85625 0.090625 0.0203125
14 0.9640625 0.840625 0.0359375 0.0078125
14 0.7203125 0.8546875 0.1625 0.009375
3 0.446875 0.85625 0.0140625 0.0171875
14 0.3140625 0.859375 0.05 0.0109375
3 0.278125 0.8609375 0.0140625 0.0171875
3 0.2 0.8609375 0.0140625 0.0140625
3 0.115625 0.8609375 0.0140625 0.015625
3 0.04375 0.8625 0.015625 0.015625
14 0.2 0.84375 0.0453125 0.00625
14 0.115625 0.84375 0.05 0.00625
14 0.04375 0.84375 0.025 0.0078125
16 0.5 0.85 0.9984375 0.0484375
0 0.5 0.475 0.9984375 0.6984375
6 0.621875 0.85625 0.378125 0.0359375