16 0.5 0.1953125 0.9984375 0.0671875
14 0.1015625 0.1421875 0.140625 0.0140625
14 0.2828125 0.14375 0.2015625 0.015625
14 0.5640625 0.14375 0.05 0.0125
14 0.6234375 0.14375 0.028125 0.0109375
14 0.6828125 0.14375 0.046875 0.0109375
14 0.740625 0.14375 0.03125 0.015625
14 0.8015625 0.14375 0.0421875 0.0140625
14 0.865625 0.14375 0.0375 0.015625
14 0.9578125 0.14375 0.040625 0.015625
5 0.9109375 0.14375 0.0296875 0.0203125
14 0.890625 0.1984375 0.0453125 0.015625
14 0.765625 0.196875 0.0921875 0.01875
14 0.65625 0.1984375 0.0515625 0.0171875
14 0.54375 0.196875 0.0921875 0.0171875
14 0.421875 0.196875 0.0734375 0.015625
14 0.296875 0.196875 0.0703125 0.0140625
14 0.1609375 0.196875 0.0890625 0.0140625
5 0.053125 0.1953125 0.0640625 0.0203125
3 0.21875 0.196875 0.0078125 0.009375
3 0.34375 0.196875 0.0109375 0.0078125
3 0.8234375 0.196875 0.009375 0.0078125
3 0.9640625 0.1984375 0.025 0.021875
15 0.890625 0.1953125 0.0875 0.040625
12 0.3078125 0.196875 0.090625 0.015625
12 0.171875 0.1984375 0.1046875 0.015625
12 0.7765625 0.1953125 0.1078125 0.01875
9 0.5 0.14375 0.996875 0.0359375
14 0.3109375 0.4578125 0.409375 0.11875
14 0.30625 0.6 0.4015625 0.1140625
14 0.1828125 0.7203125 0.040625 0.0203125
14 0.2453125 0.771875 0.2796875 0.0125
14 0.484375 0.7203125 0.11875 0.015625
3 0.13125 0.7203125 0.0234375 0.015625
6 0.240625 0.71875 0.2703125 0.053125
15 0.48125 0.71875 0.178125 0.053125
5 0.70625 0.5140625 0.35625 0.31875
5 0.8828125 0.740625 0.1078125 0.1234375