14 0.0359375 0.8625 0.0390625 0.0140625
14 0.1046875 0.834375 0.13125 0.015625
14 0.296875 0.834375 0.2421875 0.015625
14 0.078125 0.796875 0.115625 0.015625
14 0.203125 0.775 0.36875 0.009375
14 0.1984375 0.7953125 0.090625 0.0109375
14 0.109375 0.578125 0.1828125 0.028125
14 0.2765625 0.5390625 0.0484375 0.0109375
14 0.3625 0.5375 0.05625 0.015625
14 0.4515625 0.5390625 0.0578125 0.0109375
14 0.1234375 0.371875 0.209375 0.015625
14 0.2921875 0.3703125 0.0734375 0.015625
14 0.3828125 0.371875 0.0453125 0.0109375
14 0.0703125 0.3 0.09375 0.015625
14 0.1453125 0.3 0.04375 0.0109375
14 0.1328125 0.2703125 0.0546875 0.0140625
14 0.1328125 0.25 0.053125 0.0109375
14 0.409375 0.3015625 0.1359375 0.015625
14 0.39375 0.26875 0.0953125 0.009375
14 0.496875 0.26875 0.05 0.0109375
14 0.671875 0.3703125 0.0734375 0.015625
14 0.778125 0.3296875 0.29375 0.0234375
14 0.65 0.3046875 0.0296875 0.015625
14 0.65 0.28125 0.0265625 0.0125
14 0.6484375 0.2578125 0.028125 0.0125
14 0.65 0.234375 0.028125 0.0140625
14 0.6484375 0.209375 0.028125 0.0109375
14 0.65 0.1859375 0.028125 0.015625
14 0.65 0.159375 0.028125 0.0140625
14 0.6484375 0.134375 0.0296875 0.0125
14 0.1328125 0.20625 0.2296875 0.0125
14 0.778125 0.36875 0.0828125 0.0125
14 0.61875 0.7953125 0.1609375 0.01875
7 0.109375 0.8625 0.065625 0.0109375
7 0.1953125 0.8625 0.053125 0.0140625
7 0.265625 0.8625 0.0375 0.0125
7 0.0328125 0.74375 0.025 0.0109375
7 0.0671875 0.725 0.096875 0.015625
7 0.0546875 0.70625 0.0703125 0.015625
7 0.0796875 0.6875 0.1203125 0.0109375
7 0.0328125 0.6703125 0.028125 0.0109375
7 0.0453125 0.6515625 0.053125 0.0109375
7 0.034375 0.6328125 0.0265625 0.0109375
7 0.215625 0.74375 0.0703125 0.0109375
7 0.2125 0.7265625 0.0640625 0.0109375
7 0.2015625 0.7078125 0.040625 0.0140625
7 0.19375 0.6890625 0.0234375 0.0140625
7 0.2203125 0.66875 0.078125 0.0125
7 0.2078125 0.6515625 0.053125 0.0109375
7 0.2 0.6328125 0.040625 0.0140625
7 0.378125 0.7453125 0.0734375 0.0109375
7 0.3609375 0.725 0.040625 0.0109375
7 0.3765625 0.7078125 0.071875 0.0109375
7 0.35625 0.6875 0.0359375 0.009375
7 0.359375 0.6703125 0.0328125 0.0109375
7 0.3828125 0.6515625 0.084375 0.0125
7 0.3578125 0.6328125 0.0390625 0.015625
7 0.7859375 0.7734375 0.425 0.0140625
7 0.65625 0.7453125 0.1671875 0.0140625
7 0.65625 0.71875 0.165625 0.0125
7 0.778125 0.6859375 0.4109375 0.0265625
7 0.6140625 0.6546875 0.078125 0.015625
7 0.0625 0.2703125 0.04375 0.0109375
7 0.0625 0.2484375 0.0453125 0.0125
7 0.7546875 0.30625 0.175 0.015625
7 0.8984375 0.3 0.0625 0.0109375
7 0.89375 0.2765625 0.046875 0.0109375
7 0.921875 0.2515625 0.1046875 0.0109375
7 0.909375 0.2265625 0.08125 0.0125
7 0.88125 0.203125 0.0265625 0.015625
7 0.9203125 0.178125 0.1015625 0.0125
7 0.8890625 0.1546875 0.040625 0.0140625
7 0.9 0.13125 0.059375 0.009375
7 0.75625 0.2796875 0.178125 0.0125
7 0.7546875 0.25625 0.1765625 0.0125
7 0.721875 0.2328125 0.1109375 0.015625
7 0.753125 0.209375 0.1703125 0.0109375
7 0.75625 0.184375 0.1734375 0.0125
7 0.7125 0.159375 0.090625 0.0125
7 0.7546875 0.1359375 0.1765625 0.0125
7 0.08125 0.1765625 0.0453125 0.0140625
7 0.15 0.1515625 0.184375 0.0140625
7 0.171875 0.1296875 0.2234375 0.00625
3 0.4515625 0.26875 0.0109375 0.00625
3 0.9484375 0.575 0.0203125 0.0203125
3 0.234375 0.8640625 0.015625 0.0109375
3 0.4375 0.834375 0.025 0.015625
3 0.1578125 0.865625 0.015625 0.015625
5 0.065625 0.8640625 0.0109375 0.0109375
7 0.8375 0.8609375 0.0859375 0.0109375
7 0.934375 0.8625 0.0921875 0.0140625
6 0.5890625 0.578125 0.6859375 0.0484375
1 0.9515625 0.5765625 0.040625 0.0484375
2 0.3203125 0.5390625 0.0140625 0.0109375
2 0.409375 0.5390625 0.0109375 0.0140625
3 0.3453125 0.3703125 0.0171875 0.0140625
5 0.0265625 0.2703125 0.0109375 0.015625
5 0.0265625 0.25 0.0125 0.015625
5 0.3046875 0.284375 0.0609375 0.05625
5 0.71875 0.371875 0.0140625 0.0171875
12 0.4015625 0.265625 0.1171875 0.01875
15 0.4953125 0.26875 0.0625 0.0171875
5 0.015625 0.834375 0.025 0.0234375