14 0.7109375 0.48125 0.0953125 0.0140625
14 0.709375 0.59375 0.096875 0.0140625
5 0.5 0.871875 0.0828125 0.096875
14 0.5 0.771875 0.0734375 0.0328125
14 0.734375 0.6953125 0.0734375 0.0234375
6 0.5 0.5875 0.5453125 0.0421875
6 0.5 0.4703125 0.5453125 0.0375
15 0.5 0.3453125 0.5421875 0.0703125
14 0.5 0.2796875 0.13125 0.0203125
14 0.3015625 0.1359375 0.1421875 0.01875
14 0.66875 0.1375 0.203125 0.0171875
3 0.5828125 0.190625 0.065625 0.065625
3 0.5015625 0.190625 0.065625 0.065625
3 0.421875 0.1890625 0.0640625 0.0640625
17 0.5 0.98125 0.6 0.034375