17 0.5 0.98125 0.6 0.034375
5 0.5 0.840625 0.234375 0.05
3 0.734375 0.6859375 0.0296875 0.0296875
14 0.63125 0.684375 0.1234375 0.01875
3 0.734375 0.5609375 0.0234375 0.0296875
14 0.634375 0.5609375 0.1140625 0.0203125
2 0.7421875 0.465625 0.025 0.025
14 0.640625 0.465625 0.140625 0.0171875
14 0.3296875 0.4640625 0.171875 0.0203125
15 0.5 0.365625 0.528125 0.0734375
14 0.5 0.253125 0.0265625 0.015625
3 0.4125 0.1578125 0.0875 0.0875
3 0.5875 0.1578125 0.084375 0.0828125
3 0.5 0.1578125 0.0828125 0.0828125
14 0.5 0.0421875 0.296875 0.021875
6 0.5 0.5609375 0.528125 0.0875
6 0.5 0.6859375 0.528125 0.0890625