0 0.5 0.5421875 0.996875 0.6640625
14 0.4984375 0.3203125 0.3421875 0.0296875
14 0.5 0.38125 0.5765625 0.046875
16 0.5 0.1796875 0.996875 0.0546875
5 0.921875 0.1828125 0.0671875 0.025
14 0.840625 0.1796875 0.05 0.0125
14 0.771875 0.18125 0.040625 0.0125
12 0.703125 0.1796875 0.059375 0.0140625
12 0.628125 0.1796875 0.040625 0.0125
12 0.5421875 0.18125 0.0765625 0.0125
14 0.7109375 0.1796875 0.0375 0.0109375
14 0.634375 0.1796875 0.021875 0.0140625
14 0.55 0.18125 0.05625 0.0109375
14 0.4453125 0.18125 0.0609375 0.015625
3 0.6796875 0.18125 0.0109375 0.00625
3 0.6140625 0.1796875 0.0109375 0.0078125
3 0.5078125 0.1796875 0.0125 0.00625
3 0.1390625 0.18125 0.0203125 0.01875
3 0.0953125 0.1796875 0.0234375 0.0234375
3 0.053125 0.1828125 0.021875 0.021875
3 0.9546875 0.140625 0.0109375 0.0109375
14 0.7296875 0.140625 0.421875 0.015625