14 0.765625 0.14375 0.3375 0.015625
3 0.5921875 0.14375 0.0078125 0.009375
15 0.9609375 0.1453125 0.0359375 0.0203125
14 0.9609375 0.1453125 0.0234375 0.0109375
14 0.8765625 0.2109375 0.128125 0.0203125
5 0.9671875 0.209375 0.0296875 0.0296875
3 0.028125 0.2078125 0.0203125 0.025
14 0.784375 0.46875 0.3984375 0.109375
14 0.75 0.6234375 0.4734375 0.1296875
14 0.2109375 0.3625 0.25 0.025
14 0.325 0.4375 0.071875 0.01875
14 0.3109375 0.5015625 0.103125 0.015625
14 0.290625 0.5640625 0.1375 0.01875
15 0.2125 0.6234375 0.3296875 0.0453125
14 0.2109375 0.6234375 0.1578125 0.0171875
14 0.2125 0.678125 0.1109375 0.0125
14 0.3 0.728125 0.05625 0.015625
14 0.1265625 0.7265625 0.0546875 0.01875
5 0.178125 0.728125 0.015625 0.0203125
5 0.353125 0.7265625 0.0171875 0.015625
15 0.2984375 0.7265625 0.15625 0.046875
15 0.1265625 0.728125 0.15625 0.0453125
6 0.2109375 0.4375 0.33125 0.0453125
6 0.2125 0.5015625 0.321875 0.0484375
6 0.2125 0.565625 0.3296875 0.0453125
14 0.5625 0.828125 0.790625 0.0390625
14 0.0828125 0.828125 0.0203125 0.015625
15 0.084375 0.828125 0.0828125 0.04375