5 0.5015625 0.146875 0.121875 0.0265625
14 0.38125 0.203125 0.14375 0.0125
14 0.3390625 0.246875 0.0609375 0.0109375
6 0.5 0.2046875 0.4078125 0.0421875
6 0.5 0.2484375 0.4078125 0.04375
15 0.5 0.2984375 0.4078125 0.0375
14 0.5 0.2984375 0.040625 0.0125
14 0.5 0.3375 0.0125 0.009375
15 0.5 0.3890625 0.1640625 0.034375
14 0.5015625 0.3890625 0.1328125 0.0109375
14 0.5 0.428125 0.1109375 0.0125
14 0.2578125 0.4953125 0.0703125 0.0125
14 0.2578125 0.5125 0.090625 0.0125
14 0.25625 0.5296875 0.0921875 0.0125
14 0.2578125 0.546875 0.0375 0.009375
14 0.5 0.571875 0.0796875 0.0109375
14 0.74375 0.4953125 0.04375 0.0125
14 0.74375 0.5125 0.0546875 0.015625
14 0.74375 0.528125 0.0421875 0.009375
3 0.74375 0.546875 0.01875 0.01875