3 0.034375 0.153125 0.01875 0.015625
5 0.109375 0.153125 0.078125 0.0234375
14 0.275 0.1515625 0.046875 0.015625
6 0.4375 0.1515625 0.39375 0.0296875
3 0.665625 0.1515625 0.01875 0.0125
1 0.6671875 0.153125 0.059375 0.03125
3 0.7609375 0.153125 0.021875 0.015625
3 0.8078125 0.153125 0.0203125 0.0203125
3 0.8546875 0.153125 0.009375 0.0171875
14 0.9484375 0.153125 0.0484375 0.0125
5 0.9046875 0.1515625 0.0203125 0.0203125
15 0.934375 0.153125 0.1 0.0359375
3 0.034375 0.2109375 0.0171875 0.015625
3 0.0359375 0.284375 0.0140625 0.015625
3 0.034375 0.35625 0.015625 0.0203125
3 0.034375 0.428125 0.0234375 0.021875
3 0.034375 0.5 0.0171875 0.0203125
14 0.0359375 0.2359375 0.028125 0.009375
14 0.0359375 0.309375 0.0375 0.0109375
14 0.034375 0.3796875 0.059375 0.0109375
14 0.034375 0.4515625 0.03125 0.0140625
14 0.034375 0.525 0.03125 0.0125
14 0.1640625 0.2265625 0.1328125 0.0203125
14 0.23125 0.4453125 0.184375 0.0359375
14 0.1953125 0.4828125 0.10625 0.0125
14 0.1734375 0.4984375 0.0609375 0.0125
14 0.253125 0.4984375 0.0703125 0.0140625
14 0.5296875 0.4453125 0.178125 0.0328125
14 0.4765625 0.4796875 0.0734375 0.0109375
14 0.471875 0.4984375 0.065625 0.0125
14 0.5578125 0.4984375 0.0828125 0.0171875
14 0.8390625 0.4484375 0.203125 0.0359375
14 0.7640625 0.4796875 0.0578125 0.015625
14 0.775 0.4984375 0.0703125 0.015625
14 0.8578125 0.5 0.0765625 0.0171875
14 0.2421875 0.7390625 0.2046875 0.034375
14 0.1578125 0.7734375 0.0328125 0.0125
14 0.175 0.7921875 0.06875 0.0109375
14 0.2625 0.7921875 0.078125 0.0109375
14 0.54375 0.740625 0.203125 0.034375
14 0.509375 0.775 0.1359375 0.0140625
14 0.475 0.7921875 0.0703125 0.0125
14 0.5609375 0.790625 0.0828125 0.015625
14 0.8328125 0.740625 0.1859375 0.034375
14 0.778125 0.771875 0.0734375 0.0125
14 0.7703125 0.790625 0.0625 0.0125
14 0.8515625 0.79375 0.071875 0.0171875
5 0.2359375 0.33125 0.284375 0.1578125
5 0.5359375 0.3328125 0.28125 0.1609375
5 0.8359375 0.334375 0.2828125 0.159375
5 0.234375 0.625 0.284375 0.159375
5 0.5359375 0.625 0.28125 0.159375
5 0.8328125 0.625 0.2796875 0.1578125
16 0.5 0.1515625 0.996875 0.0515625
3 0.8015625 0.4828125 0.0109375 0.0140625
3 0.828125 0.775 0.0078125 0.0109375