5 0.9171875 0.84375 0.1359375 0.025
3 0.2328125 0.8421875 0.0171875 0.0203125
14 0.146875 0.84375 0.0640625 0.015625
14 0.0421875 0.84375 0.0390625 0.01875
14 0.0828125 0.7875 0.0734375 0.0125
14 0.21875 0.7875 0.06875 0.015625
14 0.396875 0.7875 0.025 0.015625
14 0.4859375 0.7890625 0.0984375 0.0171875
14 0.58125 0.7875 0.0453125 0.015625
14 0.6578125 0.7875 0.0546875 0.015625
14 0.74375 0.7890625 0.0578125 0.0125
14 0.8921875 0.7890625 0.178125 0.0171875
16 0.5 0.84375 0.996875 0.0609375
3 0.1046875 0.8421875 0.0078125 0.0078125
12 0.140625 0.8421875 0.103125 0.0328125
15 0.2171875 0.7875 0.115625 0.0328125
15 0.0828125 0.7875 0.1203125 0.0328125
9 0.5 0.7890625 0.996875 0.05
5 0.5 0.596875 0.996875 0.3328125
14 0.7125 0.3625 0.471875 0.0953125
14 0.75625 0.265625 0.3921875 0.0359375
14 0.8890625 0.1953125 0.075 0.015625
15 0.8890625 0.1953125 0.125 0.040625