16 0.4984375 0.8515625 0.99375 0.040625
5 0.909375 0.846875 0.1453125 0.021875
14 0.790625 0.84375 0.0609375 0.015625
14 0.7125 0.84375 0.06875 0.0109375
14 0.6296875 0.8421875 0.078125 0.0125
14 0.3734375 0.84375 0.05 0.0125
14 0.2828125 0.8421875 0.053125 0.0140625
14 0.19375 0.8421875 0.04375 0.0125
15 0.6171875 0.7890625 0.078125 0.015625
15 0.3796875 0.7890625 0.0546875 0.0140625
14 0.2625 0.7875 0.090625 0.0140625
14 0.0796875 0.7890625 0.0296875 0.0125
15 0.090625 0.8453125 0.1421875 0.0296875
12 0.225 0.7890625 0.1796875 0.03125
12 0.5375 0.7890625 0.2484375 0.03125
3 0.434375 0.7890625 0.0109375 0.0078125
3 0.1546875 0.7890625 0.015625 0.009375
14 0.875 0.7046875 0.1078125 0.015625
14 0.79375 0.684375 0.2703125 0.015625
3 0.9484375 0.696875 0.0171875 0.0171875
3 0.0515625 0.70625 0.0109375 0.0109375
15 0.5 0.653125 0.275 0.0421875
15 0.5 0.6015625 0.275 0.0390625
14 0.5 0.703125 0.090625 0.025
3 0.375 0.709375 0.0203125 0.025
14 0.4984375 0.55 0.1890625 0.01875
14 0.5953125 0.509375 0.0828125 0.0125
14 0.5921875 0.440625 0.0890625 0.015625
14 0.4328125 0.3796875 0.140625 0.0140625
14 0.5515625 0.334375 0.1109375 0.0171875
14 0.55 0.409375 0.15625 0.0203125
14 0.5546875 0.48125 0.15 0.0125
6 0.5 0.4796875 0.275 0.0359375
6 0.4984375 0.4109375 0.275 0.0375
6 0.5 0.3375 0.271875 0.0296875
2 0.621875 0.3359375 0.0140625 0.0109375
14 0.6203125 0.2265625 0.7125 0.1453125
15 0.115625 0.25 0.184375 0.0453125
15 0.1171875 0.196875 0.190625 0.05
4 0.4984375 0.2265625 0.9953125 0.1921875