11 0.5 0.18125 0.9953125 0.1109375
15 0.8453125 0.1828125 0.234375 0.04375
14 0.8453125 0.1828125 0.1515625 0.0125
14 0.153125 0.159375 0.1515625 0.015625
3 0.053125 0.1578125 0.028125 0.028125
14 0.31875 0.1796875 0.4828125 0.015625
14 0.1234375 0.20625 0.090625 0.0125
5 0.0828125 0.303125 0.0796875 0.0828125
6 0.4265625 0.2875 0.31875 0.053125
14 0.3609375 0.2875 0.134375 0.015625
3 0.5703125 0.2875 0.021875 0.0234375
14 0.6984375 0.26875 0.128125 0.0125
14 0.66875 0.2875 0.06875 0.009375
14 0.6625 0.3046875 0.0546875 0.009375
14 0.659375 0.3234375 0.0515625 0.009375
14 0.8921875 0.26875 0.13125 0.0125
3 0.8125 0.26875 0.015625 0.015625
12 0.8703125 0.2921875 0.140625 0.0234375
3 0.9296875 0.2921875 0.0109375 0.00625
14 0.84375 0.29375 0.0390625 0.0125
3 0.8140625 0.29375 0.0140625 0.015625
5 0.8078125 0.3234375 0.015625 0.015625
5 0.834375 0.3234375 0.015625 0.0171875
5 0.8609375 0.3234375 0.015625 0.015625
5 0.8875 0.3234375 0.015625 0.015625
16 0.5 0.3578125 0.9984375 0.2375
14 0.0921875 0.4140625 0.0890625 0.028125
14 0.2515625 0.4140625 0.090625 0.028125
14 0.38125 0.4140625 0.0578125 0.0109375
14 0.4859375 0.4140625 0.059375 0.0109375
14 0.6015625 0.4140625 0.08125 0.0296875
14 0.7515625 0.4140625 0.0671875 0.0296875
14 0.884375 0.415625 0.0703125 0.03125
3 0.9515625 0.4140625 0.0125 0.00625
3 0.815625 0.4140625 0.0109375 0.00625
3 0.6859375 0.4140625 0.0125 0.00625
3 0.528125 0.4140625 0.0109375 0.00625
3 0.421875 0.4140625 0.0109375 0.00625
3 0.31875 0.4140625 0.0125 0.00625
3 0.171875 0.4140625 0.0125 0.00625
5 0.25 0.665625 0.5 0.375
15 0.625 0.565625 0.25 0.175
15 0.875 0.565625 0.2484375 0.1734375
15 0.6265625 0.753125 0.2484375 0.1984375
15 0.875 0.753125 0.246875 0.1984375
14 0.625 0.5921875 0.1859375 0.0171875
14 0.8765625 0.5921875 0.1 0.04375
14 0.875 0.7796875 0.11875 0.06875
14 0.625 0.7796875 0.1125 0.04375
3 0.625 0.71875 0.0359375 0.0375
3 0.625 0.54375 0.034375 0.0359375
3 0.8703125 0.53125 0.025 0.0359375
3 0.875 0.7046875 0.0359375 0.0328125