5 0.1015625 0.1578125 0.134375 0.034375
14 0.3875 0.15625 0.0578125 0.0109375
14 0.4484375 0.1546875 0.0328125 0.0109375
14 0.515625 0.1546875 0.0671875 0.0109375
14 0.5875 0.15625 0.0453125 0.0109375
14 0.65 0.15625 0.0484375 0.0140625
14 0.7046875 0.15625 0.0515625 0.0109375
14 0.7609375 0.15625 0.028125 0.0140625
15 0.821875 0.15625 0.0515625 0.025
15 0.9234375 0.15625 0.1234375 0.025
14 0.9234375 0.1578125 0.10625 0.0125
14 0.821875 0.1578125 0.0328125 0.0140625
14 0.2015625 0.3296875 0.3125 0.128125
14 0.2625 0.4625 0.4359375 0.078125
15 0.121875 0.546875 0.1546875 0.046875
14 0.121875 0.5484375 0.1171875 0.015625
5 0.734375 0.3828125 0.4421875 0.2515625
14 0.978125 0.684375 0.0125 0.1046875
4 0.4984375 0.8390625 0.9953125 0.065625
5 0.9390625 0.8140625 0.0515625 0.0484375
5 0.9640625 0.790625 0.021875 0.0234375
14 0.5 0.7734375 0.5078125 0.0265625
14 0.4453125 0.8421875 0.85625 0.028125
3 0.146875 0.6671875 0.1296875 0.0375
3 0.2609375 0.6671875 0.0390625 0.0375
3 0.3703125 0.6671875 0.125 0.0390625
3 0.4828125 0.6671875 0.040625 0.0375
3 0.6125 0.6671875 0.1609375 0.0359375
3 0.753125 0.6671875 0.065625 0.0359375
3 0.8703125 0.6671875 0.10625 0.0390625