14 0.146875 0.1578125 0.1125 0.028125
14 0.5546875 0.1625 0.06875 0.015625
14 0.6359375 0.1625 0.040625 0.0171875
14 0.7109375 0.1640625 0.053125 0.0203125
15 0.8359375 0.1625 0.1546875 0.0375
14 0.5046875 0.334375 0.709375 0.1484375
14 0.5015625 0.4484375 0.5734375 0.0203125
15 0.5 0.8265625 0.33125 0.0640625
14 0.1484375 0.5296875 0.0640625 0.0171875
14 0.284375 0.5296875 0.0828125 0.01875
14 0.4421875 0.53125 0.1078125 0.021875
14 0.6078125 0.5296875 0.0984375 0.0171875
14 0.75 0.5296875 0.0625 0.021875
14 0.88125 0.53125 0.071875 0.0171875
14 0.196875 0.5765625 0.034375 0.0203125
14 0.325 0.5796875 0.08125 0.0171875
14 0.4609375 0.58125 0.0625 0.01875
14 0.58125 0.58125 0.0484375 0.0203125
14 0.70625 0.58125 0.065625 0.021875
14 0.8265625 0.5796875 0.053125 0.0171875
14 0.1625 0.63125 0.0859375 0.0234375
14 0.2890625 0.6296875 0.046875 0.01875
14 0.40625 0.6296875 0.071875 0.0203125
14 0.5671875 0.6328125 0.13125 0.0203125
14 0.728125 0.6328125 0.065625 0.025
14 0.865625 0.6328125 0.0875 0.01875
14 0.196875 0.6828125 0.128125 0.021875
14 0.3546875 0.68125 0.06875 0.01875
14 0.4859375 0.6828125 0.065625 0.021875
14 0.6484375 0.6828125 0.128125 0.01875
14 0.8359375 0.6828125 0.1234375 0.0203125
14 0.1890625 0.7328125 0.034375 0.0203125
14 0.3109375 0.7328125 0.0828125 0.0234375
14 0.4890625 0.7359375 0.14375 0.0125
14 0.65 0.7359375 0.05 0.0203125
14 0.8 0.734375 0.1171875 0.021875
5 0.096875 0.5296875 0.03125 0.03125
5 0.2203125 0.5296875 0.028125 0.0296875
5 0.365625 0.5296875 0.0296875 0.0296875
5 0.5375 0.5296875 0.0296875 0.0296875
5 0.6953125 0.5296875 0.028125 0.0296875
5 0.821875 0.5296875 0.028125 0.028125
5 0.15625 0.5796875 0.0296875 0.028125
5 0.2609375 0.58125 0.0296875 0.028125
5 0.4078125 0.5796875 0.0265625 0.028125
5 0.5359375 0.58125 0.028125 0.028125
5 0.65 0.578125 0.028125 0.025
5 0.78125 0.5796875 0.0265625 0.03125
5 0.1015625 0.63125 0.0296875 0.03125
5 0.240625 0.6296875 0.0390625 0.0265625
5 0.3546875 0.6296875 0.0265625 0.028125
5 0.4828125 0.6328125 0.0203125 0.025
5 0.6734375 0.634375 0.0296875 0.0234375
5 0.8046875 0.63125 0.0296875 0.028125
5 0.1140625 0.68125 0.0296875 0.0265625
5 0.303125 0.6828125 0.028125 0.0296875
5 0.4296875 0.6828125 0.0296875 0.028125
5 0.5609375 0.6828125 0.03125 0.0265625
5 0.7515625 0.684375 0.0296875 0.0296875
5 0.1515625 0.7328125 0.0296875 0.028125
5 0.2484375 0.7328125 0.03125 0.0296875
5 0.39375 0.7328125 0.0296875 0.028125
5 0.603125 0.7328125 0.028125 0.025
5 0.7171875 0.7328125 0.0296875 0.028125