16 0.5 0.71875 0.996875 0.06875
4 0.5 0.8171875 0.7234375 0.1140625
5 0.909375 0.71875 0.1734375 0.065625
14 0.746875 0.7171875 0.1125 0.0234375
14 0.6578125 0.7171875 0.0453125 0.0140625
14 0.571875 0.715625 0.0640625 0.0171875
14 0.5 0.71875 0.0453125 0.015625
14 0.425 0.7171875 0.04375 0.0140625
3 0.625 0.7171875 0.0125 0.0109375
3 0.4671875 0.71875 0.0125 0.00625
3 0.390625 0.71875 0.0140625 0.009375
5 0.2765625 0.71875 0.0328125 0.0359375
5 0.240625 0.7203125 0.0328125 0.0359375
5 0.203125 0.71875 0.0375 0.034375
5 0.1640625 0.71875 0.03125 0.040625
3 0.115625 0.71875 0.0328125 0.028125
3 0.0328125 0.7171875 0.0390625 0.0359375
12 0.65 0.7171875 0.065625 0.0234375
12 0.4921875 0.71875 0.0671875 0.0234375
12 0.4140625 0.715625 0.065625 0.025
14 0.48125 0.6671875 0.4890625 0.015625
9 0.4984375 0.6375 0.99375 0.028125
14 0.728125 0.6375 0.0390625 0.01875
14 0.65 0.6375 0.0984375 0.015625
14 0.5671875 0.6375 0.046875 0.0109375
14 0.509375 0.6359375 0.040625 0.0171875
14 0.453125 0.6375 0.0453125 0.015625
14 0.4046875 0.6375 0.03125 0.015625
14 0.325 0.6359375 0.1015625 0.015625
14 0.2203125 0.6359375 0.078125 0.01875
14 0.1359375 0.6359375 0.065625 0.0171875
14 0.046875 0.634375 0.0796875 0.0125
5 0.5 0.39375 0.9625 0.43125
14 0.4984375 0.1359375 0.8734375 0.015625