16 0.5 0.165625 0.9984375 0.078125
5 0.0734375 0.165625 0.084375 0.04375
14 0.2234375 0.1671875 0.071875 0.0125
14 0.3125 0.1671875 0.06875 0.0125
14 0.4046875 0.1671875 0.0734375 0.0125
14 0.5234375 0.1671875 0.1234375 0.0109375
14 0.6484375 0.16875 0.0875 0.015625
14 0.734375 0.1671875 0.0390625 0.0109375
14 0.7984375 0.1671875 0.0359375 0.0109375
3 0.8234375 0.1671875 0.0078125 0.009375
1 0.959375 0.165625 0.0796875 0.0796875
3 0.9578125 0.165625 0.0234375 0.0234375
14 0.5015625 0.3078125 0.28125 0.015625
6 0.5 0.3828125 0.509375 0.084375
3 0.2796875 0.38125 0.028125 0.028125
14 0.4 0.3828125 0.1828125 0.015625
5 0.5 0.740625 0.940625 0.265625
11 0.5 0.5625 0.9390625 0.0859375
14 0.3890625 0.559375 0.571875 0.0171875