16 0.5 0.1921875 0.996875 0.1328125
5 0.06875 0.1890625 0.0640625 0.06875
14 0.1515625 0.2 0.0515625 0.0171875
14 0.240625 0.2015625 0.0671875 0.0171875
14 0.3515625 0.2015625 0.10625 0.015625
14 0.4765625 0.2015625 0.0859375 0.015625
14 0.565625 0.2 0.0359375 0.01875
14 0.634375 0.2 0.0484375 0.0171875
14 0.71875 0.2015625 0.0640625 0.0140625
3 0.80625 0.2015625 0.0296875 0.0234375
3 0.8578125 0.2015625 0.025 0.025
3 0.9234375 0.2 0.0265625 0.0265625
0 0.5015625 0.5671875 0.9953125 0.6109375
3 0.978125 0.58125 0.01875 0.0421875
3 0.021875 0.584375 0.0265625 0.0390625
14 0.2546875 0.6125 0.109375 0.015625
14 0.328125 0.65625 0.2640625 0.0484375
14 0.4703125 0.7234375 0.5390625 0.071875
15 0.29375 0.8 0.1890625 0.065625
3 0.3671875 0.7984375 0.0203125 0.03125