11 0.5 0.1765625 0.9984375 0.1015625
14 0.43125 0.153125 0.8 0.0140625
15 0.0875 0.203125 0.1125 0.0375
15 0.184375 0.203125 0.075 0.0359375
14 0.184375 0.2046875 0.05 0.0171875
14 0.0875 0.203125 0.0859375 0.0140625
16 0.484375 0.3171875 0.9671875 0.115625
9 0.8125 0.2421875 0.371875 0.0265625
14 0.6484375 0.2453125 0.040625 0.0125
14 0.709375 0.246875 0.028125 0.015625
14 0.7875 0.2453125 0.071875 0.0125
14 0.8671875 0.246875 0.034375 0.015625
14 0.9390625 0.246875 0.053125 0.0125
6 0.790625 0.2953125 0.353125 0.0296875
14 0.684375 0.296875 0.1265625 0.0125
1 0.9515625 0.296875 0.028125 0.0265625
3 0.9515625 0.296875 0.0171875 0.0171875
5 0.146875 0.334375 0.2265625 0.0484375
14 0.50625 0.3390625 0.0515625 0.01875
14 0.596875 0.3390625 0.0609375 0.0171875
14 0.740625 0.3390625 0.1625 0.0171875
14 0.90625 0.3375 0.1203125 0.0140625
14 0.059375 0.4 0.1 0.0109375
5 0.3609375 0.546875 0.7015625 0.2609375
9 0.3203125 0.7171875 0.6203125 0.0421875
14 0.078125 0.7171875 0.115625 0.0109375
14 0.2296875 0.71875 0.1359375 0.0109375
14 0.371875 0.7171875 0.1 0.0109375
14 0.534375 0.7171875 0.1703125 0.0109375
14 0.065625 0.7765625 0.0765625 0.015625
14 0.346875 0.8015625 0.6328125 0.015625
14 0.078125 0.8171875 0.09375 0.0109375
14 0.4203125 0.8375 0.78125 0.0140625
14 0.1859375 0.8671875 0.3109375 0.0109375
14 0.9828125 0.3703125 0.0125 0.1265625
3 0.9828125 0.29375 0.0171875 0.0140625