16 0.5 0.16875 0.996875 0.0765625
5 0.1640625 0.16875 0.046875 0.0375
14 0.2828125 0.16875 0.175 0.0296875
14 0.7171875 0.1671875 0.053125 0.015625
14 0.8203125 0.1703125 0.053125 0.015625
3 0.6765625 0.171875 0.01875 0.0171875
3 0.8578125 0.16875 0.0046875 0.0078125
3 0.7765625 0.1703125 0.0171875 0.015625
12 0.8296875 0.1703125 0.0734375 0.021875
0 0.5 0.3734375 0.996875 0.3296875
14 0.20625 0.3296875 0.28125 0.0328125
14 0.525 0.2578125 0.03125 0.01875
14 0.803125 0.259375 0.084375 0.01875
14 0.6765625 0.4453125 0.1828125 0.0390625
5 0.6765625 0.3546875 0.109375 0.109375
14 0.1859375 0.5890625 0.0546875 0.021875
14 0.35 0.5921875 0.19375 0.0203125
14 0.6125 0.590625 0.1921875 0.0203125
14 0.178125 0.6515625 0.0828125 0.0234375
14 0.25625 0.840625 0.0453125 0.0203125
14 0.2578125 0.8703125 0.1578125 0.00625
14 0.5 0.86875 0.1484375 0.0078125
14 0.5 0.840625 0.0515625 0.015625
14 0.7453125 0.840625 0.046875 0.015625
14 0.8421875 0.7640625 0.0203125 0.0953125
3 0.8421875 0.7015625 0.0140625 0.01875
5 0.74375 0.7625 0.0859375 0.084375
5 0.5 0.7625 0.0828125 0.0828125
5 0.25625 0.7625 0.084375 0.0828125