5 0.034375 0.2359375 0.0421875 0.03125
3 0.9640625 0.2359375 0.028125 0.0234375
3 0.89375 0.2859375 0.0296875 0.025
3 0.9328125 0.2859375 0.0234375 0.0234375
3 0.9671875 0.2859375 0.028125 0.0234375
14 0.0453125 0.2890625 0.0640625 0.0171875
14 0.1578125 0.2859375 0.0515625 0.0125
14 0.2671875 0.2875 0.065625 0.0125
14 0.4015625 0.2890625 0.0953125 0.0171875
14 0.5484375 0.2875 0.1234375 0.0203125
9 0.5015625 0.284375 0.9953125 0.046875
12 0.0578125 0.2875 0.096875 0.0203125
12 0.1734375 0.2875 0.0828125 0.021875
12 0.2828125 0.2890625 0.0875 0.01875
3 0.2015625 0.2859375 0.015625 0.015625
3 0.096875 0.2859375 0.0203125 0.0125
3 0.315625 0.2859375 0.015625 0.0125
5 0.5 0.478125 0.996875 0.3375
5 0.16875 0.73125 0.3296875 0.1703125
5 0.5 0.7328125 0.3328125 0.175
14 0.4796875 0.8484375 0.4734375 0.01875
7 0.553125 0.846875 0.0890625 0.0203125
7 0.6703125 0.8484375 0.0859375 0.01875
1 0.971875 0.8453125 0.0328125 0.028125
3 0.9734375 0.8453125 0.0171875 0.01875
5 0.971875 0.753125 0.0390625 0.0390625