5 0.11875 0.1515625 0.09375 0.0203125
3 0.0359375 0.1515625 0.01875 0.0140625
6 0.4375 0.1515625 0.3953125 0.03125
3 0.665625 0.1515625 0.015625 0.0140625
14 0.2734375 0.1515625 0.046875 0.0140625
1 0.6671875 0.153125 0.0625 0.0296875
3 0.7609375 0.153125 0.01875 0.0125
3 0.8078125 0.153125 0.0171875 0.0171875
3 0.8546875 0.1515625 0.0046875 0.015625
15 0.9328125 0.1515625 0.103125 0.0390625
3 0.9046875 0.153125 0.0234375 0.0234375
14 0.9484375 0.153125 0.046875 0.0109375
14 0.1625 0.2265625 0.128125 0.015625
3 0.0359375 0.2109375 0.01875 0.0171875
14 0.0359375 0.234375 0.0265625 0.0078125
3 0.034375 0.2828125 0.0140625 0.01875
3 0.0359375 0.3546875 0.015625 0.01875
3 0.0359375 0.428125 0.0203125 0.0203125
3 0.034375 0.5 0.0203125 0.0171875
14 0.0359375 0.3078125 0.0390625 0.0109375
14 0.0359375 0.3796875 0.059375 0.009375
14 0.0359375 0.453125 0.028125 0.0109375
14 0.0359375 0.525 0.0296875 0.0109375
5 0.2359375 0.334375 0.2828125 0.159375
5 0.5359375 0.334375 0.284375 0.159375
5 0.834375 0.334375 0.284375 0.1609375
5 0.834375 0.6265625 0.284375 0.1609375
5 0.534375 0.6265625 0.284375 0.1609375
5 0.2359375 0.625 0.284375 0.1609375
5 0.1109375 0.44375 0.0359375 0.0375
5 0.4109375 0.4453125 0.0359375 0.0359375
5 0.7109375 0.44375 0.0359375 0.0359375
5 0.7109375 0.7375 0.0375 0.0359375
5 0.4125 0.7390625 0.034375 0.034375
5 0.1125 0.7375 0.034375 0.0359375
14 0.234375 0.4375 0.1859375 0.0140625
14 0.1640625 0.45625 0.0453125 0.0125
14 0.1796875 0.4796875 0.0765625 0.0125
14 0.215625 0.5 0.146875 0.0140625
14 0.5359375 0.4375 0.190625 0.0125
14 0.4625 0.45625 0.04375 0.0140625
14 0.4921875 0.48125 0.103125 0.0125
14 0.5140625 0.5 0.146875 0.0140625
14 0.828125 0.4359375 0.175 0.0125
14 0.7921875 0.4546875 0.1078125 0.0125
14 0.81875 0.490625 0.1578125 0.0328125
14 0.828125 0.73125 0.1796875 0.0140625
14 0.7828125 0.75 0.0890625 0.0140625
14 0.8203125 0.7828125 0.1625 0.03125
14 0.5421875 0.73125 0.2015625 0.015625
14 0.54375 0.7484375 0.2078125 0.0125
14 0.46875 0.7734375 0.0578125 0.0109375
14 0.5203125 0.7921875 0.1578125 0.015625
14 0.2328125 0.73125 0.184375 0.0140625
14 0.1734375 0.7546875 0.065625 0.0125
14 0.225 0.771875 0.1671875 0.015625
3 0.228125 0.48125 0.0109375 0.0109375
3 0.5546875 0.48125 0.0109375 0.0109375