5 0.05625 0.84375 0.0734375 0.028125
14 0.1359375 0.8421875 0.078125 0.021875
14 0.0828125 0.771875 0.0421875 0.0125
14 0.10625 0.7265625 0.0890625 0.015625
14 0.1359375 0.6859375 0.1484375 0.015625
14 0.0890625 0.640625 0.0578125 0.015625
14 0.1171875 0.5984375 0.1109375 0.0171875
14 0.1484375 0.55625 0.1703125 0.0125
3 0.0359375 0.771875 0.01875 0.0234375
3 0.034375 0.728125 0.028125 0.01875
3 0.0359375 0.684375 0.0203125 0.0125
3 0.0359375 0.64375 0.015625 0.0171875
3 0.0359375 0.596875 0.0203125 0.0171875
3 0.0359375 0.55625 0.0234375 0.0203125
3 0.809375 0.84375 0.0203125 0.01875
3 0.8546875 0.84375 0.0203125 0.01875
15 0.934375 0.8421875 0.09375 0.0359375
14 0.934375 0.84375 0.0453125 0.015625
14 0.6390625 0.6125 0.5765625 0.065625
14 0.6390625 0.5390625 0.58125 0.0421875
14 0.634375 0.4734375 0.04375 0.015625
15 0.6375 0.475 0.090625 0.034375
14 0.6359375 0.3984375 0.1578125 0.0140625