5 0.071875 0.8515625 0.1078125 0.0359375
16 0.5 0.8515625 0.996875 0.0453125
14 0.6234375 0.8484375 0.128125 0.0140625
14 0.7359375 0.8484375 0.0546875 0.0140625
14 0.8390625 0.8484375 0.0796875 0.0140625
14 0.940625 0.85 0.0515625 0.0109375
15 0.840625 0.8515625 0.1140625 0.0421875
15 0.6359375 0.6984375 0.115625 0.0328125
14 0.634375 0.6984375 0.078125 0.0140625
14 0.75 0.7625 0.3421875 0.0640625
0 0.5 0.740625 0.996875 0.1734375
14 0.5 0.5421875 0.365625 0.0359375
14 0.4984375 0.4859375 0.5515625 0.015625
5 0.5 0.2578125 0.7140625 0.2625