16 0.5 0.84375 0.9984375 0.0578125
5 0.965625 0.846875 0.0390625 0.0359375
14 0.896875 0.846875 0.0390625 0.0125
14 0.8265625 0.846875 0.04375 0.0125
14 0.7515625 0.8453125 0.046875 0.0125
14 0.66875 0.8453125 0.0625 0.0125
14 0.59375 0.846875 0.0296875 0.0125
14 0.5390625 0.8453125 0.028125 0.015625
14 0.478125 0.8453125 0.034375 0.015625
5 0.39375 0.84375 0.0765625 0.0234375
3 0.315625 0.84375 0.0234375 0.0234375
15 0.0578125 0.84375 0.0875 0.0296875
14 0.059375 0.8453125 0.0484375 0.009375
14 0.175 0.8453125 0.10625 0.0125
15 0.175 0.8453125 0.1265625 0.034375
0 0.5 0.540625 0.9984375 0.5484375
15 0.871875 0.4296875 0.1609375 0.034375
14 0.8703125 0.4296875 0.1171875 0.0125
10 0.8921875 0.36875 0.1109375 0.0140625
14 0.8734375 0.296875 0.1578125 0.0265625
5 0.84375 0.19375 0.2140625 0.134375
5 0.6140625 0.19375 0.2140625 0.134375
5 0.3859375 0.19375 0.2140625 0.134375
5 0.15625 0.19375 0.215625 0.134375
3 0.065625 0.3078125 0.034375 0.034375
14 0.89375 0.6125 0.1140625 0.015625
14 0.8859375 0.53125 0.13125 0.021875
14 0.93125 0.5046875 0.0375 0.0171875