14 0.5 0.1640625 0.6265625 0.025
0 0.5 0.1546875 0.996875 0.0546875
6 0.8046875 0.1953125 0.15625 0.021875
12 0.934375 0.19375 0.09375 0.0171875
3 0.971875 0.1921875 0.00625 0.00625
14 0.921875 0.19375 0.0609375 0.009375
14 0.8046875 0.19375 0.1140625 0.009375
14 0.6953125 0.1953125 0.0390625 0.015625
14 0.08125 0.19375 0.125 0.0125
5 0.41875 0.60625 0.4375 0.3375
5 0.8734375 0.778125 0.25 0.190625
11 0.0734375 0.3984375 0.14375 0.378125
14 0.4203125 0.334375 0.4171875 0.015625
14 0.4125 0.384375 0.4515625 0.0296875
14 0.4203125 0.8109375 0.45 0.040625
14 0.4140625 0.8609375 0.4546875 0.0125
14 0.834375 0.3046875 0.178125 0.0140625
14 0.8734375 0.3578125 0.2515625 0.0796875
14 0.865625 0.59375 0.2390625 0.0140625
14 0.8734375 0.6421875 0.2515625 0.0421875
14 0.071875 0.234375 0.084375 0.025
14 0.071875 0.2796875 0.0421875 0.009375
14 0.071875 0.3234375 0.04375 0.0125
14 0.071875 0.3671875 0.0609375 0.0109375
14 0.071875 0.4109375 0.071875 0.0234375
14 0.0703125 0.4546875 0.025 0.009375
14 0.071875 0.5 0.03125 0.0125
14 0.071875 0.5421875 0.0296875 0.0109375
14 0.8734375 0.4515625 0.25 0.0421875
14 0.8734375 0.51875 0.25 0.046875