5 0.834375 0.5296875 0.33125 0.1640625
14 0.9421875 0.634375 0.0890625 0.0203125
14 0.8453125 0.4109375 0.28125 0.0390625
5 0.365625 0.521875 0.55625 0.2734375
14 0.365625 0.3609375 0.509375 0.021875
14 0.3640625 0.3359375 0.1546875 0.0203125
14 0.93125 0.3359375 0.10625 0.01875
14 0.78125 0.2765625 0.175 0.03125
14 0.784375 0.178125 0.16875 0.046875
5 0.934375 0.178125 0.103125 0.075
5 0.93125 0.275 0.090625 0.075
5 0.509375 0.234375 0.2703125 0.125
3 0.646875 0.153125 0.0125 0.0171875
14 0.5140625 0.1515625 0.2171875 0.0140625
5 0.3640625 0.153125 0.0390625 0.021875
11 0.5 0.153125 0.3328125 0.0375
5 0.221875 0.2140625 0.2703125 0.165625
5 0.03125 0.3296875 0.0609375 0.084375
14 0.0234375 0.2546875 0.0453125 0.0140625
14 0.01875 0.2140625 0.025 0.0109375
14 0.0140625 0.178125 0.025 0.0125
14 0.0140625 0.159375 0.025 0.0109375
14 0.0140625 0.13125 0.025 0.009375
14 0.03125 0.3859375 0.0609375 0.015625
16 0.5 0.8359375 0.9984375 0.0765625
3 0.0984375 0.8234375 0.0234375 0.0203125
3 0.0515625 0.8234375 0.0234375 0.021875
3 0.0109375 0.8234375 0.0171875 0.028125
14 0.040625 0.85625 0.0171875 0.0078125
14 0.096875 0.8578125 0.0359375 0.009375
14 0.16875 0.85625 0.0484375 0.009375
14 0.24375 0.8578125 0.0375 0.009375
14 0.3046875 0.85625 0.0265625 0.009375
14 0.3640625 0.85625 0.0265625 0.009375
14 0.41875 0.85625 0.021875 0.0078125
5 0.446875 0.8625 0.0265625 0.0140625
14 0.490625 0.85625 0.0609375 0.009375
14 0.5640625 0.85625 0.0265625 0.009375
14 0.6265625 0.85625 0.040625 0.0078125
14 0.6953125 0.8578125 0.034375 0.009375
14 0.753125 0.8578125 0.01875 0.0109375
14 0.8140625 0.85625 0.0453125 0.009375
14 0.88125 0.85625 0.0265625 0.009375
5 0.95 0.81875 0.0984375 0.0171875
14 0.815625 0.8171875 0.1015625 0.0109375
14 0.715625 0.81875 0.0515625 0.0109375
14 0.6421875 0.81875 0.05 0.0109375
14 0.5734375 0.81875 0.0390625 0.0109375
14 0.509375 0.81875 0.0453125 0.0125
14 0.4375 0.81875 0.0515625 0.0125
14 0.35625 0.81875 0.0609375 0.0109375
14 0.28125 0.81875 0.04375 0.0109375
14 0.2046875 0.81875 0.059375 0.0109375
14 0.1515625 0.8140625 0.01875 0.0046875
4 0.5 0.7296875 0.996875 0.1296875