11 0.5 0.49375 0.3515625 0.178125
15 0.5 0.5484375 0.246875 0.0296875
14 0.5 0.5484375 0.2328125 0.0125
14 0.4984375 0.4421875 0.2875 0.015625
14 0.5 0.4703125 0.2734375 0.0171875
14 0.5 0.5 0.2171875 0.0171875
4 0.5 0.8296875 0.996875 0.0890625
14 0.0515625 0.7125 0.0703125 0.01875
5 0.1703125 0.7609375 0.3109375 0.04375
5 0.5 0.7609375 0.3109375 0.0421875
5 0.8296875 0.7609375 0.3109375 0.040625
14 0.8234375 0.5640625 0.2765625 0.0703125
14 0.7046875 0.4921875 0.046875 0.0140625
14 0.7046875 0.2671875 0.046875 0.0109375
14 0.8140625 0.3390625 0.25625 0.0703125
5 0.334375 0.4625 0.6390625 0.421875
3 0.9390625 0.153125 0.01875 0.021875
3 0.9734375 0.153125 0.021875 0.021875
5 0.5015625 0.1515625 0.2203125 0.0328125
15 0.5 0.203125 0.234375 0.03125
14 0.5015625 0.2046875 0.184375 0.0125
3 0.0296875 0.1515625 0.03125 0.021875