3 0.0296875 0.153125 0.034375 0.0171875
14 0.1203125 0.284375 0.090625 0.0546875
14 0.115625 0.4359375 0.1125 0.0078125
14 0.15625 0.4890625 0.1953125 0.015625
14 0.1265625 0.5265625 0.1328125 0.0109375
14 0.1625 0.653125 0.20625 0.1421875
14 0.378125 0.509375 0.0390625 0.0078125
14 0.5890625 0.5703125 0.459375 0.084375
14 0.6546875 0.6296875 0.5921875 0.01875
14 0.3796875 0.6578125 0.04375 0.015625
5 0.45625 0.8 0.1953125 0.1484375
5 0.8 0.8 0.2828125 0.146875
5 0.678125 0.30625 0.640625 0.3609375