16 0.5 0.8515625 0.9984375 0.0453125
5 0.9296875 0.8515625 0.1078125 0.0328125
14 0.3765625 0.85 0.128125 0.0125
14 0.2625 0.85 0.05625 0.009375
15 0.159375 0.8515625 0.1171875 0.0453125
14 0.1609375 0.85 0.0796875 0.009375
14 0.059375 0.85 0.05 0.0109375
15 0.05 0.8515625 0.0984375 0.0453125
14 0.8 0.753125 0.3359375 0.028125
9 0.7 0.6796875 0.55625 0.034375
14 0.9234375 0.684375 0.1015625 0.0109375
14 0.8109375 0.684375 0.059375 0.0109375
14 0.70625 0.684375 0.084375 0.009375
14 0.5765625 0.684375 0.109375 0.009375
14 0.4625 0.684375 0.053125 0.009375
5 0.4984375 0.4015625 0.65625 0.44375
5 0.6671875 0.1453125 0.3171875 0.0390625
5 0.33125 0.1453125 0.3171875 0.0390625