5 0.309375 0.175 0.1703125 0.0703125
14 0.6265625 0.1703125 0.2890625 0.05625
14 0.2859375 0.5828125 0.1015625 0.0328125
14 0.33125 0.721875 0.1890625 0.028125
14 0.509375 0.640625 0.5484375 0.0609375
14 0.5140625 0.7609375 0.55625 0.04375
7 0.5 0.8078125 0.1953125 0.0171875
14 0.2859375 0.4203125 0.103125 0.015625
14 0.3828125 0.4640625 0.3 0.034375
14 0.2875 0.5109375 0.1078125 0.0296875
14 0.39375 0.3609375 0.2375 0.01875
6 0.6265625 0.3609375 0.178125 0.0234375
14 0.290625 0.2359375 0.1375 0.0171875
6 0.45625 0.2609375 0.4609375 0.0203125
15 0.7328125 0.259375 0.0828125 0.028125
14 0.734375 0.2609375 0.0640625 0.0140625
14 0.4 0.284375 0.3515625 0.0140625
14 0.3625 0.3078125 0.2328125 0.0140625
7 0.54375 0.3078125 0.1234375 0.0203125
2 0.2375 0.3046875 0.0171875 0.0203125