5 0.9109375 0.1578125 0.0984375 0.0234375
3 0.240625 0.15625 0.0203125 0.0171875
14 0.171875 0.15625 0.0484375 0.0125
14 0.078125 0.15625 0.0484375 0.0109375
15 0.078125 0.15625 0.0796875 0.03125
14 0.915625 0.2125 0.0546875 0.01875
14 0.8296875 0.2109375 0.0578125 0.0125
14 0.74375 0.2125 0.053125 0.015625
14 0.665625 0.2109375 0.040625 0.0171875
14 0.5484375 0.2109375 0.0796875 0.01875
14 0.446875 0.2109375 0.053125 0.0171875
3 0.409375 0.2109375 0.0109375 0.009375
14 0.921875 0.2625 0.0453125 0.0171875
12 0.4375 0.2125 0.071875 0.01875
14 0.85625 0.2625 0.040625 0.0140625
16 0.5 0.18125 0.996875 0.1109375
3 0.06875 0.2109375 0.015625 0.015625
9 0.5 0.2625 0.996875 0.05
12 0.0765625 0.2609375 0.0609375 0.01875
3 0.0515625 0.2609375 0.0109375 0.0078125
14 0.084375 0.2609375 0.040625 0.015625
14 0.7953125 0.2609375 0.0296875 0.015625
14 0.7390625 0.2625 0.028125 0.0140625
14 0.671875 0.2609375 0.0546875 0.0140625
14 0.5890625 0.2625 0.05625 0.015625
14 0.4859375 0.2609375 0.0984375 0.0171875
14 0.371875 0.2625 0.078125 0.01875
14 0.275 0.2625 0.0546875 0.015625
14 0.88125 0.3515625 0.159375 0.0234375
5 0.6625 0.575 0.596875 0.3125
5 0.184375 0.4703125 0.2765625 0.0984375
14 0.2265625 0.5453125 0.1640625 0.0171875
14 0.26875 0.5734375 0.0390625 0.0125
14 0.190625 0.609375 0.23125 0.03125
14 0.209375 0.7859375 0.1984375 0.025
14 0.2734375 0.8140625 0.0328125 0.015625
14 0.1875 0.8515625 0.2375 0.0421875
14 0.6703125 0.7859375 0.575 0.0515625
14 0.890625 0.834375 0.046875 0.0140625
14 0.828125 0.834375 0.0578125 0.0140625
14 0.7515625 0.8359375 0.0671875 0.0140625
14 0.68125 0.8359375 0.0484375 0.0109375
14 0.93125 0.8359375 0.0125 0.009375
3 0.953125 0.8359375 0.0125 0.0140625
3 0.3 0.8125 0.0140625 0.0109375
5 0.0984375 0.784375 0.0109375 0.015625
5 0.1296875 0.5453125 0.0125 0.0140625
3 0.053125 0.346875 0.0140625 0.0171875
3 0.3 0.5734375 0.0109375 0.0109375