5 0.0625 0.8390625 0.096875 0.0375
12 0.4609375 0.840625 0.08125 0.03125
12 0.55625 0.8375 0.090625 0.03125
14 0.6546875 0.8375 0.071875 0.0203125
14 0.740625 0.8359375 0.059375 0.0203125
14 0.8 0.834375 0.03125 0.0171875
14 0.8765625 0.834375 0.0421875 0.028125
14 0.9453125 0.8359375 0.05625 0.025
16 0.5015625 0.8375 0.9921875 0.065625
14 0.453125 0.8359375 0.0515625 0.0171875
3 0.4890625 0.8359375 0.0140625 0.0125
3 0.590625 0.834375 0.009375 0.0125
14 0.5484375 0.8359375 0.0640625 0.0140625
14 0.503125 0.684375 0.7359375 0.0765625
14 0.5015625 0.6171875 0.571875 0.0359375
6 0.459375 0.5671875 0.2671875 0.0328125
14 0.39375 0.565625 0.1171875 0.0203125
15 0.6375 0.565625 0.078125 0.034375
14 0.6390625 0.5671875 0.05 0.0171875
14 0.5015625 0.525 0.3609375 0.025
14 0.290625 0.3015625 0.1359375 0.171875
5 0.50625 0.30625 0.1859375 0.1734375
5 0.7203125 0.3109375 0.1671875 0.1671875
5 0.29375 0.3078125 0.1515625 0.1578125
14 0.2859375 0.203125 0.109375 0.0140625
14 0.5015625 0.203125 0.04375 0.0140625
14 0.715625 0.1984375 0.134375 0.0265625
11 0.5015625 0.1453125 0.921875 0.03125
14 0.7515625 0.1421875 0.0390625 0.0171875
14 0.8890625 0.1421875 0.0546875 0.0171875
14 0.8265625 0.140625 0.0515625 0.0203125
14 0.246875 0.14375 0.0625 0.0171875
3 0.075 0.1421875 0.0578125 0.0203125
3 0.1203125 0.1390625 0.0203125 0.01875
3 0.1515625 0.1421875 0.0203125 0.0171875
5 0.2 0.14375 0.01875 0.0140625
3 0.7875 0.140625 0.0140625 0.015625
3 0.9359375 0.1421875 0.0359375 0.0140625