4 0.5 0.828125 0.9984375 0.0890625
5 0.065625 0.55 0.0703125 0.0953125
14 0.1625 0.5359375 0.0671875 0.0140625
14 0.275 0.5375 0.0875 0.0140625
14 0.396875 0.5359375 0.0890625 0.0140625
14 0.5203125 0.5375 0.0921875 0.0140625
14 0.6328125 0.5375 0.065625 0.0171875
3 0.815625 0.5375 0.0203125 0.01875
14 0.16875 0.7 0.2765625 0.1234375
5 0.25 0.290625 0.5 0.3296875
14 0.7640625 0.6109375 0.025 0.0171875
12 0.8359375 0.609375 0.0859375 0.028125
15 0.9234375 0.6078125 0.0578125 0.0328125
14 0.9234375 0.6078125 0.0359375 0.0203125
5 0.7 0.68125 0.596875 0.2
14 0.7359375 0.20625 0.415625 0.10625
15 0.6125 0.440625 0.1609375 0.0421875
14 0.615625 0.4421875 0.1234375 0.015625
14 0.9109375 0.5375 0.0625 0.0203125
14 0.7453125 0.33125 0.4265625 0.109375
1 0.975 0.8296875 0.0234375 0.0234375
3 0.975 0.8296875 0.0109375 0.0125
15 0.8671875 0.8296875 0.1484375 0.0328125
14 0.41875 0.8296875 0.7359375 0.053125