5 0.5015625 0.7515625 0.4546875 0.2453125
5 0.3703125 0.25625 0.209375 0.05625
9 0.5125 0.50625 0.971875 0.03125
14 0.10625 0.503125 0.0359375 0.0140625
14 0.1421875 0.503125 0.021875 0.0125
14 0.1828125 0.50625 0.040625 0.015625
14 0.2203125 0.50625 0.0234375 0.0171875
14 0.2609375 0.5078125 0.0421875 0.0140625
14 0.3125 0.5046875 0.0421875 0.0171875
14 0.3546875 0.503125 0.0328125 0.0125
14 0.3984375 0.50625 0.0390625 0.015625
14 0.4421875 0.5046875 0.0328125 0.021875
14 0.48125 0.5046875 0.0328125 0.0109375
14 0.51875 0.50625 0.021875 0.0140625
14 0.5578125 0.5046875 0.0359375 0.0140625
14 0.59375 0.5046875 0.0265625 0.0140625
14 0.6296875 0.50625 0.028125 0.015625
14 0.665625 0.50625 0.0296875 0.015625
14 0.7109375 0.5046875 0.0578125 0.01875
14 0.775 0.5046875 0.059375 0.0171875
14 0.8421875 0.5046875 0.0578125 0.0171875
14 0.89375 0.50625 0.0328125 0.009375
16 0.5015625 0.4453125 0.99375 0.0890625
14 0.0921875 0.46875 0.1265625 0.0171875
14 0.4984375 0.409375 0.146875 0.0125
14 0.934375 0.4703125 0.075 0.01875
3 0.0875 0.4109375 0.0140625 0.0140625
12 0.046875 0.4140625 0.01875 0.0171875
5 0.496875 0.4515625 0.440625 0.0640625
15 0.8359375 0.4125 0.115625 0.03125
15 0.934375 0.4109375 0.059375 0.028125
14 0.8328125 0.4125 0.0953125 0.0140625
14 0.9296875 0.4109375 0.0421875 0.0171875
9 0.5 0.5625 0.996875 0.0734375
5 0.05625 0.5609375 0.0578125 0.053125
5 0.553125 0.5609375 0.05 0.053125
14 0.1796875 0.565625 0.175 0.046875
14 0.4 0.565625 0.184375 0.046875
14 0.6625 0.5609375 0.1515625 0.04375
14 0.890625 0.5546875 0.103125 0.0296875
3 0.8203125 0.5609375 0.0265625 0.0203125
14 0.1390625 0.7453125 0.2359375 0.2515625
14 0.840625 0.63125 0.1609375 0.015625
14 0.8640625 0.765625 0.215625 0.2125
3 0.0453125 0.415625 0.01875 0.0140625