15 0.26875 0.4171875 0.215625 0.0484375
15 0.5 0.41875 0.21875 0.0484375
15 0.73125 0.415625 0.215625 0.0484375
16 0.503125 0.7921875 0.9921875 0.15625
9 0.50625 0.7703125 0.50625 0.040625
14 0.2984375 0.7703125 0.065625 0.028125
14 0.415625 0.771875 0.103125 0.025
14 0.5015625 0.8171875 0.2828125 0.0265625
14 0.4984375 0.846875 0.0734375 0.0296875
14 0.5234375 0.771875 0.046875 0.021875
14 0.6078125 0.7703125 0.053125 0.0265625
14 0.696875 0.771875 0.0640625 0.025
5 0.4234375 0.725 0.028125 0.028125
5 0.45625 0.7265625 0.028125 0.0265625
15 0.534375 0.725 0.1109375 0.025
14 0.496875 0.571875 0.50625 0.0953125
14 0.39375 0.4921875 0.1140625 0.0171875
14 0.5 0.334375 0.6390625 0.0203125
14 0.4984375 0.2578125 0.69375 0.0203125
3 0.4703125 0.49375 0.0234375 0.0171875
3 0.4921875 0.49375 0.01875 0.01875
3 0.5125 0.4953125 0.015625 0.021875
14 0.590625 0.4921875 0.1359375 0.0125
5 0.5 0.1671875 0.6984375 0.0765625
3 0.490625 0.725 0.0203125 0.0203125