4 0.5 0.2953125 0.7125 0.0921875
4 0.5 0.8421875 0.996875 0.0609375
3 0.03125 0.1640625 0.0265625 0.028125
3 0.9671875 0.2171875 0.021875 0.0203125
14 0.090625 0.215625 0.059375 0.015625
14 0.0265625 0.215625 0.0359375 0.0203125
5 0.85 0.1640625 0.1796875 0.05
16 0.5 0.1796875 0.9953125 0.109375
14 0.8015625 0.38125 0.38125 0.0203125
14 0.303125 0.384375 0.178125 0.0234375
14 0.2078125 0.4375 0.36875 0.0484375
14 0.209375 0.5015625 0.3671875 0.04375
14 0.2109375 0.578125 0.3671875 0.059375
14 0.203125 0.66875 0.38125 0.05625
14 0.203125 0.7453125 0.3828125 0.0421875
14 0.703125 0.678125 0.5890625 0.103125
5 0.703125 0.7765625 0.578125 0.0671875
14 0.20625 0.8 0.36875 0.0203125
5 0.715625 0.50625 0.5625 0.1984375