16 0.5015625 0.175 0.9953125 0.09375
9 0.5 0.24375 0.996875 0.0390625
5 0.121875 0.7796875 0.1171875 0.0921875
5 0.5265625 0.6375 0.0671875 0.0703125
5 0.3984375 0.78125 0.125 0.090625
5 0.5375 0.7765625 0.121875 0.0890625
10 0.8296875 0.5671875 0.15625 0.025
14 0.3734375 0.6359375 0.2234375 0.0625
14 0.6046875 0.634375 0.06875 0.053125
14 0.1265625 0.63125 0.1390625 0.028125
14 0.23125 0.478125 0.2984375 0.03125
14 0.1796875 0.2453125 0.1328125 0.01875
3 0.0609375 0.2421875 0.0234375 0.0234375
3 0.2578125 0.2421875 0.0234375 0.01875
3 0.8453125 0.146875 0.025 0.0203125
3 0.8890625 0.1453125 0.025 0.0234375
3 0.934375 0.1453125 0.0296875 0.0265625
3 0.7984375 0.146875 0.0234375 0.0296875
3 0.7515625 0.1453125 0.021875 0.028125
3 0.56875 0.24375 0.0171875 0.015625
3 0.6640625 0.24375 0.015625 0.0140625
3 0.4359375 0.2453125 0.0125 0.0109375
14 0.2859375 0.3609375 0.3953125 0.0828125
14 0.803125 0.734375 0.275 0.0609375
14 0.365625 0.24375 0.1171875 0.01875
14 0.51875 0.24375 0.0765625 0.0171875
14 0.6296875 0.2421875 0.0421875 0.009375
14 0.625 0.1484375 0.1828125 0.0140625
3 0.871875 0.240625 0.0203125 0.0171875
14 0.9265625 0.2421875 0.0625 0.015625
14 0.246875 0.85625 0.1 0.034375
14 0.1046875 0.846875 0.0875 0.0328125
14 0.390625 0.8421875 0.109375 0.01875
14 0.5296875 0.85 0.1015625 0.0203125
5 0.2609375 0.78125 0.1234375 0.09375
14 0.2109375 0.175 0.3625 0.053125
5 0.4984375 0.425 0.928125 0.325
6 0.765625 0.2421875 0.1421875 0.0234375
14 0.728125 0.2390625 0.0390625 0.0125
14 0.8390625 0.634375 0.084375 0.0109375
14 0.109375 0.7109375 0.15625 0.015625
14 0.565625 0.7109375 0.0734375 0.01875
3 0.90625 0.634375 0.0203125 0.0171875
14 0.7671875 0.8609375 0.146875 0.0171875
3 0.928125 0.8578125 0.0265625 0.0234375
15 0.8140625 0.8578125 0.2875 0.03125
3 0.5125 0.1453125 0.0265625 0.01875
14 0.9 0.1953125 0.109375 0.0171875
1 0.871875 0.2421875 0.034375 0.028125
12 0.1890625 0.24375 0.1578125 0.021875
12 0.378125 0.24375 0.1359375 0.0203125
12 0.528125 0.246875 0.096875 0.01875
12 0.6390625 0.24375 0.0703125 0.0203125