14 0.24375 0.40625 0.4 0.0390625
16 0.5 0.1515625 0.996875 0.0515625
14 0.8234375 0.1484375 0.05 0.015625
15 0.9109375 0.15 0.0875 0.0328125
5 0.0921875 0.7765625 0.065625 0.065625
5 0.1859375 0.778125 0.0625 0.0625
5 0.278125 0.7796875 0.065625 0.0625
5 0.4046875 0.7765625 0.0671875 0.065625
5 0.5 0.7796875 0.0625 0.0640625
5 0.5921875 0.7765625 0.0609375 0.0625
5 0.7234375 0.778125 0.0625 0.0609375
5 0.815625 0.7796875 0.0609375 0.0625
5 0.90625 0.7765625 0.0578125 0.0625
5 0.721875 0.421875 0.5140625 0.31875
5 0.075 0.15 0.0671875 0.0234375
14 0.2921875 0.2953125 0.484375 0.0296875
14 0.296875 0.3453125 0.5046875 0.05625
14 0.1734375 0.4640625 0.2171875 0.0140625
14 0.5015625 0.659375 0.3359375 0.025
14 0.4078125 0.821875 0.0453125 0.0109375
14 0.5 0.821875 0.065625 0.0125
14 0.59375 0.821875 0.059375 0.015625
14 0.71875 0.821875 0.0546875 0.0109375
14 0.8140625 0.821875 0.03125 0.0109375
14 0.9078125 0.8234375 0.0546875 0.0171875
14 0.0921875 0.825 0.0265625 0.0046875
14 0.1859375 0.81875 0.03125 0.0109375
14 0.2765625 0.8234375 0.0328125 0.0109375
14 0.184375 0.73125 0.1078125 0.009375
14 0.4984375 0.73125 0.1546875 0.0109375
14 0.8140625 0.73125 0.178125 0.0078125
15 0.13125 0.5203125 0.165625 0.040625
15 0.3078125 0.521875 0.1546875 0.0421875
3 0.0515625 0.465625 0.015625 0.0140625
15 0.4359375 0.2140625 0.071875 0.01875
14 0.2640625 0.215625 0.2375 0.015625
14 0.246875 0.15 0.0328125 0.0140625
14 0.3421875 0.146875 0.034375 0.0171875
14 0.428125 0.1484375 0.0546875 0.0171875
14 0.515625 0.146875 0.0359375 0.0140625
14 0.61875 0.1484375 0.0828125 0.01875
3 0.275 0.153125 0.025 0.01875
14 0.090625 0.2125 0.078125 0.0171875
12 0.25625 0.15 0.059375 0.0171875