14 0.371875 0.5328125 0.4890625 0.015625
14 0.3046875 0.56875 0.3703125 0.0453125
14 0.3015625 0.6453125 0.3609375 0.0125
14 0.259375 0.6203125 0.271875 0.015625
14 0.26875 0.4890625 0.3015625 0.015625
14 0.21875 0.465625 0.184375 0.0171875
14 0.3015625 0.4265625 0.3484375 0.028125
14 0.31875 0.4 0.384375 0.0109375
9 0.5046875 0.725 0.9875 0.0296875
16 0.4984375 0.8328125 0.9890625 0.0734375
12 0.8921875 0.85 0.1828125 0.015625
5 0.1515625 0.821875 0.225 0.05
14 0.390625 0.8125 0.2296875 0.034375
14 0.5015625 0.7578125 0.384375 0.0234375
14 0.7953125 0.5953125 0.2515625 0.0140625
14 0.765625 0.5640625 0.1890625 0.015625
14 0.7671875 0.53125 0.19375 0.009375
14 0.79375 0.2375 0.2453125 0.1046875
14 0.7640625 0.1375 0.1859375 0.0171875
6 0.58125 0.8484375 0.13125 0.01875
15 0.6765625 0.8484375 0.0453125 0.01875
14 0.4375 0.721875 0.0484375 0.0109375
14 0.5078125 0.7234375 0.0609375 0.0140625
5 0.0875 0.634375 0.046875 0.040625
5 0.0921875 0.56875 0.04375 0.0421875
5 0.0921875 0.48125 0.0359375 0.034375
5 0.0921875 0.4140625 0.040625 0.040625
5 0.09375 0.3515625 0.034375 0.034375
5 0.09375 0.2859375 0.0515625 0.0421875
14 0.7953125 0.496875 0.25 0.015625
14 0.578125 0.721875 0.046875 0.015625
14 0.634375 0.721875 0.0265625 0.0125
14 0.759375 0.85 0.0671875 0.015625
14 0.3546875 0.3359375 0.459375 0.015625
14 0.31875 0.2734375 0.3859375 0.015625
14 0.3046875 0.2984375 0.3578125 0.0203125
14 0.7640625 0.321875 0.190625 0.0359375
14 0.7203125 0.3859375 0.0984375 0.015625
14 0.6828125 0.7234375 0.046875 0.0109375
14 0.7453125 0.721875 0.046875 0.0125
14 0.0390625 0.7234375 0.0390625 0.0171875
14 0.825 0.721875 0.0828125 0.0140625
14 0.9328125 0.721875 0.10625 0.01875
14 0.6828125 0.4796875 0.0265625 0.0125
14 0.71875 0.4609375 0.0953125 0.0109375
14 0.765625 0.4484375 0.1921875 0.009375
14 0.884375 0.35625 0.0796875 0.015625
14 0.175 0.2421875 0.0625 0.0109375
14 0.2609375 0.2421875 0.05 0.0078125
14 0.3328125 0.2421875 0.028125 0.0109375
14 0.403125 0.2421875 0.04375 0.009375
5 0.1328125 0.246875 0.0203125 0.0203125
5 0.2234375 0.246875 0.015625 0.0203125
5 0.30625 0.246875 0.0203125 0.0125
5 0.3703125 0.246875 0.015625 0.0109375
5 0.1328125 0.1578125 0.084375 0.03125