14 0.84375 0.4515625 0.24375 0.0703125
14 0.921875 0.40625 0.0921875 0.015625
14 0.8984375 0.5796875 0.1375 0.028125
14 0.8578125 0.5453125 0.2109375 0.028125
14 0.8484375 0.5046875 0.234375 0.015625
14 0.6 0.58125 0.0671875 0.021875
14 0.534375 0.546875 0.1890625 0.0328125
14 0.5234375 0.5046875 0.2203125 0.01875
14 0.503125 0.4609375 0.253125 0.053125
14 0.5640625 0.421875 0.13125 0.015625
14 0.178125 0.534375 0.2484375 0.125
14 0.1703125 0.4203125 0.253125 0.0671875
15 0.2171875 0.3515625 0.153125 0.0359375
15 0.2234375 0.30625 0.153125 0.0328125
14 0.6078125 0.8453125 0.4953125 0.015625
3 0.875 0.8453125 0.0203125 0.01875
3 0.921875 0.846875 0.0296875 0.021875
3 0.965625 0.8453125 0.034375 0.01875
3 0.046875 0.8453125 0.025 0.01875
0 0.8328125 0.4703125 0.3328125 0.6859375
0 0.5015625 0.471875 0.3328125 0.6828125
0 0.1671875 0.4703125 0.3265625 0.6890625
6 0.4828125 0.8421875 0.8125 0.0359375
10 0.2125 0.19375 0.196875 0.01875