14 0.5015625 0.8078125 0.9671875 0.078125
14 0.5015625 0.865625 0.3875 0.0140625
0 0.5 0.65625 0.9953125 0.434375
14 0.5 0.634375 0.86875 0.0609375
14 0.503125 0.7265625 0.1390625 0.040625
5 0.5015625 0.5421875 0.0734375 0.0765625
14 0.115625 0.3515625 0.1796875 0.0203125
14 0.3390625 0.3515625 0.2046875 0.0171875
14 0.509375 0.3515625 0.0640625 0.01875
14 0.5953125 0.35 0.053125 0.015625
14 0.1578125 0.2921875 0.2765625 0.0171875
3 0.96875 0.278125 0.021875 0.0234375
16 0.5015625 0.2546875 0.99375 0.121875
12 0.9359375 0.221875 0.0890625 0.03125
3 0.971875 0.221875 0.0125 0.0109375
14 0.815625 0.225 0.128125 0.0171875
14 0.45625 0.15 0.8828125 0.0203125
15 0.9453125 0.1578125 0.075 0.0359375
14 0.040625 0.1703125 0.0546875 0.015625
6 0.8625 0.2796875 0.2421875 0.0390625
14 0.784375 0.2796875 0.0703125 0.015625
12 0.6859375 0.2796875 0.1078125 0.0359375
3 0.7265625 0.2796875 0.0125 0.0109375
5 0.13125 0.2453125 0.2265625 0.071875
14 0.678125 0.28125 0.059375 0.0125
9 0.5 0.3484375 0.996875 0.0640625