5 0.5015625 0.6125 0.965625 0.31875
14 0.4234375 0.8171875 0.8171875 0.0390625
14 0.0875 0.846875 0.140625 0.01875
15 0.915625 0.8203125 0.13125 0.040625
3 0.5015625 0.76875 0.0484375 0.0390625
14 0.10625 0.409375 0.1859375 0.0125
14 0.096875 0.4328125 0.153125 0.0203125
14 0.5015625 0.2265625 0.971875 0.0171875
14 0.503125 0.2578125 0.971875 0.015625
4 0.5015625 0.3046875 0.96875 0.0609375
4 0.5015625 0.3546875 0.971875 0.0484375
5 0.0890625 0.1734375 0.1296875 0.053125
6 0.3671875 0.178125 0.3703125 0.034375
14 0.29375 0.178125 0.2046875 0.0171875
3 0.7 0.171875 0.0265625 0.01875
3 0.778125 0.1703125 0.034375 0.028125
3 0.859375 0.1703125 0.025 0.0203125
3 0.9375 0.1703125 0.0328125 0.0265625
14 0.703125 0.190625 0.0421875 0.0125
14 0.7828125 0.190625 0.0640625 0.0140625
14 0.859375 0.19375 0.05625 0.015625
14 0.9390625 0.190625 0.0625 0.01875
3 0.5328125 0.178125 0.0265625 0.0265625
16 0.4953125 0.171875 0.9796875 0.084375