14 0.3140625 0.8109375 0.496875 0.0484375
14 0.1984375 0.7609375 0.26875 0.0203125
15 0.7703125 0.790625 0.3203125 0.0796875
16 0.5015625 0.1546875 0.9953125 0.0546875
5 0.64375 0.45 0.69375 0.5265625
14 0.3921875 0.6265625 0.6859375 0.0859375
14 0.2578125 0.534375 0.415625 0.084375
14 0.2421875 0.4390625 0.3640625 0.1015625
3 0.075 0.153125 0.034375 0.03125
14 0.128125 0.1546875 0.071875 0.0171875
14 0.128125 0.234375 0.1453125 0.0296875
15 0.75 0.153125 0.1484375 0.0375
15 0.884375 0.153125 0.1 0.034375