14 0.6859375 0.1890625 0.496875 0.0484375
14 0.8015625 0.2390625 0.26875 0.0203125
15 0.2296875 0.209375 0.3203125 0.0796875
16 0.4984375 0.8453125 0.9953125 0.0546875
5 0.35625 0.55 0.69375 0.5265625
14 0.6078125 0.3734375 0.6859375 0.0859375
14 0.7421875 0.465625 0.415625 0.084375
14 0.7578125 0.5609375 0.3640625 0.1015625
3 0.925 0.846875 0.034375 0.03125
14 0.871875 0.8453125 0.071875 0.0171875
14 0.871875 0.765625 0.1453125 0.0296875
15 0.25 0.846875 0.1484375 0.0375
15 0.115625 0.846875 0.1 0.034375