3 0.9203125 0.6515625 0.021875 0.021875
5 0.39375 0.3484375 0.0984375 0.10625
14 0.4953125 0.55625 0.7796875 0.0203125
16 0.5 0.1546875 0.9953125 0.0578125
3 0.978125 0.153125 0.0296875 0.0234375
5 0.0703125 0.1546875 0.121875 0.034375
14 0.4984375 0.4421875 0.465625 0.034375
14 0.4984375 0.4953125 0.4359375 0.0421875
14 0.5015625 0.7609375 0.884375 0.075
15 0.253125 0.7921875 0.1171875 0.0203125
14 0.1515625 0.671875 0.190625 0.025
14 0.54375 0.35 0.190625 0.0921875
14 0.91875 0.6765625 0.040625 0.0125