14 0.609375 0.15625 0.0546875 0.0125
14 0.5125 0.15625 0.0671875 0.0109375
14 0.4359375 0.1578125 0.0421875 0.015625
14 0.2125 0.1578125 0.0359375 0.0125
14 0.18125 0.1578125 0.0140625 0.0109375
14 0.0875 0.15625 0.096875 0.0140625
3 0.025 0.15625 0.0109375 0.009375
15 0.08125 0.15625 0.1609375 0.0390625
5 0.946875 0.159375 0.1046875 0.0296875
14 0.6640625 0.6 0.078125 0.0125
14 0.9 0.5984375 0.16875 0.015625
3 0.6109375 0.6 0.0109375 0.009375
15 0.6578125 0.6 0.165625 0.05
6 0.8765625 0.5984375 0.24375 0.05
14 0.8578125 0.6484375 0.2796875 0.0140625
14 0.7203125 0.375 0.553125 0.090625
14 0.74375 0.490625 0.5109375 0.078125
5 0.8328125 0.815625 0.3328125 0.115625
5 0.4984375 0.815625 0.3328125 0.115625
5 0.1671875 0.815625 0.33125 0.115625
14 0.621875 0.221875 0.0296875 0.0140625
3 0.571875 0.1578125 0.009375 0.0078125
12 0.6015625 0.15625 0.06875 0.0125
16 0.5 0.178125 0.9984375 0.1046875
5 0.4 0.5421875 0.1734375 0.3578125
5 0.21875 0.5 0.4359375 0.4390625