5 0.0921875 0.1640625 0.0484375 0.0234375
14 0.3578125 0.1671875 0.0953125 0.0109375
14 0.478125 0.1671875 0.103125 0.0140625
14 0.584375 0.1671875 0.0640625 0.009375
14 0.6671875 0.1671875 0.059375 0.009375
14 0.74375 0.1671875 0.053125 0.009375
14 0.8046875 0.165625 0.025 0.0109375
14 0.8859375 0.1640625 0.0375 0.0109375
15 0.8859375 0.165625 0.0953125 0.028125
14 0.2234375 0.253125 0.215625 0.015625
14 0.30625 0.3328125 0.3734375 0.084375
14 0.240625 0.4125 0.253125 0.0203125
14 0.1578125 0.490625 0.0453125 0.0125
14 0.328125 0.49375 0.1875 0.0125
15 0.1578125 0.4921875 0.0859375 0.046875
15 0.3375 0.49375 0.2453125 0.0453125
3 0.4359375 0.4921875 0.0140625 0.0078125
0 0.5 0.4 0.996875 0.546875