5 0.03125 0.1578125 0.0625 0.0609375
14 0.1421875 0.159375 0.11875 0.0140625
14 0.253125 0.1578125 0.0546875 0.0140625
14 0.359375 0.1578125 0.096875 0.0140625
14 0.4625 0.1578125 0.05 0.0140625
14 0.5375 0.1578125 0.0375 0.0140625
14 0.6046875 0.159375 0.0375 0.015625
14 0.7015625 0.159375 0.096875 0.015625
14 0.821875 0.1578125 0.08125 0.0140625
14 0.9265625 0.1578125 0.0671875 0.015625
3 0.9765625 0.15625 0.01875 0.015625
6 0.9390625 0.15625 0.1078125 0.0359375
16 0.5 0.15625 0.9984375 0.0609375
14 0.5 0.3484375 0.5875 0.0953125
14 0.5 0.41875 0.1 0.0140625
0 0.4984375 0.359375 0.996875 0.34375
14 0.1296875 0.5859375 0.215625 0.065625
14 0.35 0.5859375 0.146875 0.040625
14 0.6140625 0.5859375 0.196875 0.065625
14 0.8640625 0.584375 0.2234375 0.0421875
14 0.5 0.671875 0.096875 0.0109375
4 0.5015625 0.7328125 0.7140625 0.0859375
14 0.0765625 0.84375 0.10625 0.015625