16 0.5 0.1703125 0.996875 0.0890625
5 0.9546875 0.1703125 0.046875 0.05
6 0.784375 0.16875 0.1578125 0.0296875
3 0.89375 0.1703125 0.0265625 0.0328125
3 0.671875 0.165625 0.028125 0.0296875
3 0.5125 0.1703125 0.0328125 0.028125
3 0.0453125 0.1703125 0.0125 0.025
5 0.31875 0.16875 0.0171875 0.025
5 0.1828125 0.171875 0.021875 0.0234375
14 0.2609375 0.171875 0.078125 0.028125
14 0.121875 0.1703125 0.084375 0.025
15 0.275 0.171875 0.1296875 0.0390625
15 0.1359375 0.1703125 0.128125 0.0359375
14 0.4625 0.1703125 0.0484375 0.015625
14 0.39375 0.1703125 0.0578125 0.015625
14 0.6140625 0.1703125 0.0703125 0.015625
14 0.784375 0.1703125 0.14375 0.0203125
5 0.75 0.54375 0.4984375 0.6546875
5 0.25 0.5421875 0.4953125 0.653125
14 0.6015625 0.2359375 0.1546875 0.0203125
14 0.0890625 0.2390625 0.1234375 0.015625
14 0.9203125 0.7 0.1390625 0.0140625
14 0.4265625 0.725 0.1234375 0.0109375
14 0.7671875 0.7609375 0.415625 0.0421875
14 0.3375 0.775 0.2765625 0.021875
14 0.88125 0.8328125 0.0984375 0.015625
14 0.2625 0.8359375 0.3296875 0.015625
5 0.4546875 0.834375 0.028125 0.025
5 0.9578125 0.8328125 0.0265625 0.025
15 0.5 0.85625 0.0734375 0.034375
3 0.5 0.8609375 0.0328125 0.0078125