5 0.925 0.146875 0.13125 0.0296875
14 0.103125 0.146875 0.0375 0.0140625
3 0.05 0.1484375 0.0203125 0.01875
3 0.0171875 0.1484375 0.0203125 0.015625
15 0.103125 0.146875 0.0609375 0.025
16 0.5 0.1453125 0.9984375 0.040625
14 0.9015625 0.1953125 0.1296875 0.0140625
14 0.9171875 0.234375 0.14375 0.0140625
14 0.9296875 0.2625 0.075 0.0140625
14 0.9234375 0.2921875 0.0890625 0.0140625
14 0.9703125 0.33125 0.0375 0.0125
14 0.9109375 0.359375 0.1125 0.0140625
14 0.9109375 0.3890625 0.1125 0.0140625
14 0.9203125 0.41875 0.0921875 0.0140625
14 0.909375 0.446875 0.115625 0.0140625
14 0.9453125 0.4875 0.0875 0.0125
14 0.89375 0.515625 0.146875 0.015625
14 0.90625 0.54375 0.1234375 0.0140625
14 0.9234375 0.5734375 0.0890625 0.0125
14 0.9234375 0.603125 0.0875 0.0140625
14 0.9328125 0.63125 0.0671875 0.015625
14 0.946875 0.6609375 0.040625 0.0140625
14 0.9640625 0.7015625 0.05 0.0140625
14 0.8953125 0.728125 0.14375 0.0140625
14 0.9 0.7578125 0.134375 0.0140625
14 0.9328125 0.7859375 0.06875 0.0140625
14 0.9265625 0.815625 0.0828125 0.0125
14 0.915625 0.8625 0.1015625 0.015625
3 0.98125 0.1953125 0.0125 0.0125
3 0.8140625 0.1953125 0.0140625 0.0125
3 0.98125 0.2625 0.0140625 0.015625
3 0.98125 0.2921875 0.0140625 0.0140625
3 0.9828125 0.3578125 0.0140625 0.0125
3 0.9828125 0.3875 0.0140625 0.0140625
3 0.9828125 0.4171875 0.0140625 0.0140625
3 0.98125 0.4453125 0.0125 0.0140625
3 0.98125 0.5140625 0.0140625 0.0140625
3 0.98125 0.54375 0.015625 0.0140625
3 0.98125 0.5734375 0.015625 0.0140625
3 0.98125 0.6015625 0.01875 0.0125
3 0.98125 0.6328125 0.0140625 0.0125
3 0.98125 0.6609375 0.0125 0.0125
3 0.98125 0.728125 0.0125 0.0140625
3 0.98125 0.75625 0.0140625 0.0125
3 0.98125 0.7875 0.0125 0.0125
3 0.98125 0.815625 0.0125 0.0140625
3 0.98125 0.8625 0.0140625 0.0109375
3 0.7515625 0.359375 0.01875 0.015625
3 0.7515625 0.3953125 0.015625 0.015625
3 0.7515625 0.428125 0.0171875 0.01875
3 0.7515625 0.4640625 0.015625 0.0171875
3 0.75 0.6859375 0.015625 0.015625
3 0.75 0.7453125 0.015625 0.0140625
3 0.75 0.803125 0.015625 0.0140625
3 0.7484375 0.8625 0.015625 0.0140625
3 0.0453125 0.6875 0.0125 0.0140625
3 0.04375 0.7453125 0.0140625 0.0125
3 0.0453125 0.803125 0.0140625 0.0125
3 0.04375 0.8625 0.0125 0.0140625
3 0.1078125 0.6234375 0.0140625 0.0125
14 0.6328125 0.2125 0.2546875 0.015625
14 0.71875 0.25625 0.059375 0.015625
14 0.4015625 0.3109375 0.715625 0.0359375
14 0.621875 0.359375 0.2328125 0.0171875
14 0.5734375 0.3953125 0.334375 0.01875
14 0.528125 0.43125 0.4203125 0.0203125
14 0.6203125 0.465625 0.2375 0.01875
3 0.74375 0.4984375 0.0078125 0.00625
3 0.74375 0.5203125 0.00625 0.0078125
3 0.74375 0.5421875 0.009375 0.0078125
14 0.5 0.4984375 0.465625 0.0140625
14 0.496875 0.5203125 0.46875 0.015625
14 0.51875 0.5421875 0.425 0.0140625
14 0.7 0.6234375 0.121875 0.015625
14 0.071875 0.621875 0.0484375 0.0125
15 0.08125 0.6234375 0.0921875 0.028125
14 0.609375 0.6859375 0.25 0.0359375
14 0.1171875 0.675 0.11875 0.0109375
14 0.65 0.74375 0.16875 0.0359375
14 0.1140625 0.734375 0.1109375 0.0140625
14 0.596875 0.8015625 0.271875 0.0359375
14 0.1171875 0.7921875 0.121875 0.0125
14 0.6328125 0.8578125 0.2015625 0.03125
14 0.1171875 0.8515625 0.1203125 0.0125
9 0.9234375 0.278125 0.0890625 0.046875
9 0.909375 0.403125 0.1171875 0.103125
9 0.89375 0.5875 0.146875 0.1609375
9 0.8953125 0.771875 0.1453125 0.103125
15 0.8984375 0.19375 0.2 0.025