14 0.4078125 0.1578125 0.775 0.0359375
14 0.840625 0.15625 0.0578125 0.015625
14 0.9390625 0.1546875 0.0359375 0.015625
14 0.8390625 0.2265625 0.0484375 0.015625
14 0.9328125 0.228125 0.0546875 0.0203125
14 0.7421875 0.2265625 0.0359375 0.0171875
14 0.659375 0.228125 0.0703125 0.015625
14 0.56875 0.225 0.0453125 0.0171875
14 0.0984375 0.228125 0.084375 0.0171875
14 0.4984375 0.3796875 0.353125 0.053125
14 0.5046875 0.45625 0.44375 0.046875
10 0.5 0.53125 0.0765625 0.0109375
5 0.5015625 0.7359375 0.99375 0.265625
1 0.5 0.8203125 0.0484375 0.0484375
3 0.5 0.81875 0.028125 0.0203125
5 0.0359375 0.2265625 0.0328125 0.0296875
15 0.840625 0.1578125 0.084375 0.040625
15 0.9375 0.15625 0.0890625 0.040625
15 0.840625 0.228125 0.071875 0.040625
15 0.93125 0.228125 0.0828125 0.0359375