4 0.5 0.15625 0.9953125 0.0578125
16 0.5 0.2140625 0.9953125 0.053125
5 0.0828125 0.215625 0.1203125 0.0375
14 0.421875 0.215625 0.0671875 0.0171875
14 0.5203125 0.2171875 0.0578125 0.01875
14 0.6078125 0.2171875 0.046875 0.0125
15 0.8484375 0.2140625 0.0890625 0.0296875
12 0.7546875 0.2125 0.075 0.0296875
3 0.9203125 0.2125 0.0296875 0.0234375
3 0.9703125 0.2171875 0.028125 0.0234375
3 0.3765625 0.215625 0.015625 0.009375
3 0.7734375 0.2109375 0.0109375 0.00625
3 0.8171875 0.2109375 0.0140625 0.015625
3 0.7234375 0.2109375 0.015625 0.01875
14 0.7578125 0.2125 0.0328125 0.0125
14 0.853125 0.2109375 0.0546875 0.0203125
15 0.771875 0.83125 0.1390625 0.0453125
3 0.7203125 0.83125 0.0234375 0.025
14 0.7859375 0.83125 0.103125 0.0390625
14 0.3265625 0.8328125 0.525 0.0328125
14 0.34375 0.8671875 0.5640625 0.009375
0 0.5 0.5546875 0.996875 0.628125
5 0.2625 0.521875 0.2234375 0.453125
14 0.54375 0.490625 0.171875 0.0171875
14 0.5046875 0.5171875 0.0859375 0.01875
14 0.5171875 0.5484375 0.1140625 0.015625