14 0.7078125 0.140625 0.5578125 0.0171875
14 0.3765625 0.140625 0.0609375 0.0109375
14 0.2984375 0.1390625 0.0296875 0.009375
15 0.378125 0.140625 0.075 0.0203125
15 0.3 0.1390625 0.0453125 0.0203125
15 0.0640625 0.184375 0.0671875 0.028125
15 0.1140625 0.39375 0.13125 0.0359375
15 0.1453125 0.7453125 0.0828125 0.0265625
14 0.7265625 0.1828125 0.05 0.0109375
14 0.8734375 0.2359375 0.109375 0.015625
14 0.909375 0.2828125 0.040625 0.0171875
14 0.88125 0.3296875 0.0953125 0.015625
14 0.9046875 0.378125 0.0453125 0.015625
14 0.90625 0.4234375 0.046875 0.015625
14 0.8984375 0.4703125 0.059375 0.01875
14 0.9515625 0.5203125 0.053125 0.015625
14 0.9203125 0.546875 0.1109375 0.009375
14 0.9234375 0.5765625 0.10625 0.0078125
14 0.953125 0.60625 0.0484375 0.0125
14 0.9390625 0.6359375 0.078125 0.009375
14 0.94375 0.665625 0.0671875 0.0109375
14 0.9296875 0.6953125 0.0953125 0.0125
14 0.9375 0.721875 0.0796875 0.015625
14 0.6859375 0.615625 0.1203125 0.01875
14 0.728125 0.6359375 0.0390625 0.009375
14 0.5546875 0.615625 0.05625 0.015625
14 0.5609375 0.634375 0.0375 0.015625
14 0.3828125 0.6140625 0.065625 0.015625
14 0.396875 0.6375 0.0375 0.0109375
14 0.2 0.6171875 0.0984375 0.0203125
14 0.225 0.6375 0.046875 0.0140625
14 0.628125 0.68125 0.0390625 0.0125
14 0.459375 0.68125 0.0296875 0.0125
14 0.2921875 0.68125 0.03125 0.0109375
14 0.1296875 0.68125 0.0390625 0.0125
14 0.584375 0.31875 0.3421875 0.0203125
14 0.6390625 0.3484375 0.2359375 0.015625
14 0.8625 0.1859375 0.1359375 0.028125
14 0.1890625 0.28125 0.2109375 0.0359375
14 0.1765625 0.33125 0.2421875 0.0296875
14 0.240625 0.39375 0.0796875 0.0140625
14 0.1125 0.39375 0.090625 0.0171875
14 0.0625 0.1828125 0.040625 0.0109375
3 0.1984375 0.184375 0.021875 0.015625
3 0.125 0.184375 0.01875 0.01875
3 0.134375 0.234375 0.015625 0.009375
3 0.06875 0.2359375 0.015625 0.0125
3 0.959375 0.4703125 0.0234375 0.0171875
3 0.9609375 0.4234375 0.01875 0.021875
3 0.9609375 0.378125 0.0203125 0.0203125
3 0.9609375 0.3296875 0.01875 0.015625
3 0.959375 0.284375 0.0234375 0.0203125
3 0.9625 0.2375 0.01875 0.0234375
3 0.740625 0.68125 0.0109375 0.0109375
3 0.728125 0.68125 0.0078125 0.009375
3 0.7140625 0.6796875 0.009375 0.0109375
3 0.7015625 0.68125 0.0078125 0.009375
3 0.6875 0.6796875 0.0078125 0.009375
3 0.575 0.68125 0.00625 0.0078125
3 0.5625 0.6796875 0.00625 0.0078125
3 0.546875 0.68125 0.009375 0.0109375
3 0.5328125 0.68125 0.0078125 0.0109375
3 0.51875 0.6796875 0.009375 0.009375
3 0.4078125 0.68125 0.0078125 0.0078125
3 0.39375 0.68125 0.0078125 0.0078125
3 0.38125 0.68125 0.0078125 0.009375
3 0.36875 0.6796875 0.0078125 0.0078125
3 0.3546875 0.6796875 0.0078125 0.009375
3 0.2421875 0.68125 0.0078125 0.0109375
3 0.228125 0.68125 0.0078125 0.0078125
3 0.215625 0.6796875 0.0078125 0.009375
3 0.2015625 0.6796875 0.0078125 0.0078125
3 0.1890625 0.6796875 0.0078125 0.0109375
6 0.49375 0.1828125 0.534375 0.03125
1 0.1984375 0.1828125 0.0578125 0.0296875
14 0.1453125 0.7453125 0.059375 0.0140625
5 0.3359375 0.334375 0.04375 0.04375
5 0.9546875 0.184375 0.0328125 0.034375
5 0.678125 0.484375 0.1578125 0.225
5 0.5125 0.4859375 0.15625 0.225
5 0.3453125 0.4859375 0.1546875 0.2234375
5 0.1796875 0.5125 0.1546875 0.1703125
5 0.678125 0.8265625 0.15625 0.0953125
5 0.5140625 0.8265625 0.1546875 0.0953125
5 0.346875 0.8265625 0.1546875 0.0953125
5 0.1796875 0.825 0.153125 0.096875
1 0.134375 0.2296875 0.0359375 0.0140625
1 0.065625 0.2328125 0.0546875 0.01875