5 0.9578125 0.8328125 0.0421875 0.040625
14 0.890625 0.8296875 0.078125 0.0234375
3 0.7296875 0.846875 0.0109375 0.015625
3 0.6828125 0.8453125 0.015625 0.01875
3 0.9640625 0.7703125 0.01875 0.0234375
3 0.965625 0.73125 0.01875 0.0234375
3 0.965625 0.690625 0.0203125 0.0203125
3 0.5 0.1828125 0.009375 0.0125
3 0.4515625 0.18125 0.015625 0.0125
3 0.40625 0.18125 0.015625 0.0109375
3 0.59375 0.18125 0.015625 0.015625
3 0.546875 0.1828125 0.015625 0.015625
1 0.5 0.1828125 0.0328125 0.03125
15 0.1265625 0.2484375 0.20625 0.0359375
14 0.128125 0.2484375 0.109375 0.015625
14 0.1078125 0.846875 0.0578125 0.0109375
14 0.2328125 0.8453125 0.059375 0.0109375
14 0.66875 0.784375 0.1515625 0.0234375
14 0.6859375 0.5828125 0.078125 0.0140625
14 0.7171875 0.459375 0.05625 0.021875
14 0.8890625 0.365625 0.0453125 0.0109375
14 0.8875 0.3296875 0.0390625 0.015625
14 0.9171875 0.240625 0.1203125 0.015625
14 0.8109375 0.1859375 0.33125 0.075
14 0.4703125 0.2359375 0.2984375 0.015625
3 0.6421875 0.2421875 0.0171875 0.0140625
15 0.1078125 0.8453125 0.1203125 0.040625
14 0.059375 0.4609375 0.0515625 0.0109375
5 0.659375 0.35 0.128125 0.128125
5 0.4765625 0.35 0.1234375 0.125
5 0.296875 0.35 0.1265625 0.1234375
5 0.1140625 0.35 0.125 0.128125
14 0.325 0.146875 0.0234375 0.0109375
5 0.659375 0.675 0.1296875 0.128125