16 0.5 0.1546875 0.996875 0.0578125
12 0.165625 0.1546875 0.0640625 0.0109375
12 0.50625 0.15625 0.0765625 0.015625
5 0.06875 0.1546875 0.1078125 0.0359375
5 0.525 0.746875 0.58125 0.0796875
3 0.19375 0.1546875 0.0109375 0.0078125
3 0.7375 0.1546875 0.01875 0.0203125
3 0.5390625 0.1546875 0.0078125 0.0078125
14 0.1609375 0.1546875 0.053125 0.0125
14 0.240625 0.1546875 0.05 0.0109375
14 0.303125 0.15625 0.040625 0.0109375
14 0.39375 0.1546875 0.1078125 0.0109375
14 0.5015625 0.15625 0.065625 0.015625
14 0.6 0.15625 0.0703125 0.0140625
14 0.69375 0.15625 0.0390625 0.0125
14 0.8703125 0.15625 0.0375 0.0140625
14 0.9375 0.15625 0.0703125 0.0109375
14 0.5015625 0.3765625 0.8625 0.146875
14 0.5015625 0.509375 0.7421875 0.05
15 0.5 0.603125 0.2671875 0.0515625
15 0.70625 0.15625 0.0953125 0.028125
14 0.5015625 0.60625 0.18125 0.021875
14 0.4671875 0.8125 0.9140625 0.0328125
14 0.028125 0.853125 0.0234375 0.015625
15 0.0265625 0.853125 0.03125 0.025