9 0.5 0.146875 0.996875 0.040625
16 0.5 0.19375 0.996875 0.05
14 0.5015625 0.2546875 0.46875 0.015625
14 0.49375 0.315625 0.1796875 0.0234375
14 0.525 0.3421875 0.2375 0.0203125
14 0.4265625 0.3640625 0.0421875 0.015625
14 0.4171875 0.3921875 0.028125 0.0140625
14 0.2234375 0.565625 0.125 0.01875
14 0.3265625 0.5671875 0.0453125 0.0125
14 0.378125 0.5671875 0.0328125 0.0140625
14 0.45 0.5671875 0.078125 0.0125
14 0.4109375 0.759375 0.4984375 0.0296875
14 0.190625 0.803125 0.0578125 0.0140625
14 0.346875 0.8203125 0.3515625 0.0140625
14 0.646875 0.8203125 0.0328125 0.009375
3 0.6109375 0.3140625 0.025 0.0140625
5 0.26875 0.396875 0.2109375 0.209375
14 0.121875 0.146875 0.0265625 0.0125
14 0.2234375 0.146875 0.0296875 0.0125
14 0.334375 0.1484375 0.0453125 0.0171875
14 0.4484375 0.146875 0.0453125 0.015625
14 0.55 0.146875 0.0203125 0.015625
14 0.6515625 0.1484375 0.04375 0.0140625
14 0.7703125 0.146875 0.0515625 0.015625
3 0.8765625 0.146875 0.0203125 0.01875
3 0.9703125 0.1453125 0.0203125 0.0203125
3 0.028125 0.1453125 0.0203125 0.021875
5 0.26875 0.64375 0.2109375 0.096875
5 0.5015625 0.6421875 0.2125 0.096875
5 0.7296875 0.6421875 0.2109375 0.0984375
5 0.10625 0.1953125 0.165625 0.0265625