5 0.11875 0.2875 0.20625 0.290625
6 0.3640625 0.16875 0.1984375 0.034375
14 0.3515625 0.16875 0.1453125 0.01875
3 0.446875 0.165625 0.0171875 0.0140625
5 0.94375 0.1703125 0.059375 0.0828125
14 0.8484375 0.1625 0.0984375 0.01875
14 0.7703125 0.1671875 0.03125 0.015625
14 0.696875 0.165625 0.078125 0.0140625
14 0.6203125 0.1671875 0.0484375 0.015625
14 0.5359375 0.165625 0.0625 0.015625
3 0.5765625 0.16875 0.0140625 0.0109375
14 0.290625 0.246875 0.0671875 0.0171875
14 0.365625 0.2484375 0.0625 0.015625
14 0.4359375 0.246875 0.0515625 0.01875
14 0.5390625 0.2484375 0.1171875 0.015625
14 0.64375 0.2484375 0.059375 0.021875
14 0.71875 0.25 0.059375 0.0171875
14 0.7828125 0.2484375 0.046875 0.0171875
14 0.9046875 0.2484375 0.16875 0.0171875
14 0.0875 0.465625 0.1515625 0.015625
14 0.1046875 0.515625 0.1859375 0.059375
14 0.090625 0.5640625 0.1609375 0.0203125
14 0.0375 0.628125 0.05625 0.015625
14 0.0984375 0.675 0.1734375 0.059375
14 0.1078125 0.728125 0.1875 0.0140625
14 0.0625 0.7921875 0.103125 0.0109375
14 0.11875 0.8390625 0.209375 0.059375
5 0.625 0.7078125 0.7171875 0.33125
14 0.3265625 0.325 0.05 0.0109375
14 0.5546875 0.3609375 0.515625 0.0421875
14 0.35625 0.4109375 0.1109375 0.015625
14 0.6015625 0.4859375 0.6109375 0.0421875