5 0.1375 0.796875 0.1234375 0.028125
14 0.1703125 0.709375 0.1875 0.021875
14 0.2703125 0.6484375 0.3859375 0.021875
2 0.103125 0.5703125 0.028125 0.0265625
14 0.171875 0.5703125 0.0859375 0.0140625
5 0.33125 0.578125 0.03125 0.03125
14 0.334375 0.55 0.05625 0.0203125
14 0.4828125 0.475 0.8140625 0.0359375
14 0.253125 0.40625 0.3546875 0.0234375
14 0.4109375 0.353125 0.59375 0.021875
14 0.26875 0.3296875 0.3109375 0.0171875
14 0.4953125 0.265625 0.834375 0.040625
14 0.29375 0.196875 0.43125 0.015625