14 0.303125 0.171875 0.5125 0.05625
14 0.7078125 0.1734375 0.0953125 0.015625
3 0.646875 0.1703125 0.0078125 0.015625
3 0.8171875 0.1703125 0.0109375 0.0125
3 0.975 0.171875 0.0109375 0.009375
1 0.9734375 0.171875 0.0234375 0.0234375
14 0.875 0.171875 0.0953125 0.015625
15 0.8671875 0.171875 0.1484375 0.0328125
0 0.5 0.39375 0.996875 0.35625
14 0.5 0.29375 0.7859375 0.090625
14 0.5 0.3734375 0.728125 0.01875
14 0.5015625 0.4265625 0.1203125 0.0203125
15 0.5015625 0.425 0.1546875 0.0453125
14 0.4484375 0.5375 0.53125 0.015625
14 0.765625 0.5390625 0.0875 0.0109375
15 0.765625 0.5390625 0.0984375 0.021875
14 0.1921875 0.615625 0.3015625 0.0328125
14 0.2734375 0.6609375 0.4640625 0.0171875
5 0.2640625 0.784375 0.4390625 0.178125
5 0.5796875 0.7296875 0.09375 0.06875
5 0.5734375 0.8640625 0.034375 0.0203125
14 0.696875 0.7 0.0484375 0.015625
14 0.7953125 0.73125 0.240625 0.0375
14 0.8125 0.79375 0.278125 0.053125
14 0.7015625 0.8515625 0.059375 0.0125
14 0.7953125 0.8671875 0.24375 0.0109375