5 0.9125 0.8484375 0.128125 0.0359375
12 0.7796875 0.8515625 0.0515625 0.0203125
3 0.7609375 0.8515625 0.00625 0.0078125
14 0.784375 0.8515625 0.0328125 0.0125
14 0.6453125 0.853125 0.028125 0.009375
15 0.6453125 0.853125 0.0359375 0.0171875
3 0.3046875 0.8515625 0.0171875 0.015625
3 0.2796875 0.853125 0.009375 0.015625
3 0.215625 0.85 0.01875 0.015625
14 0.115625 0.8515625 0.15625 0.0109375
1 0.2171875 0.8515625 0.0296875 0.0234375
15 0.115625 0.8515625 0.171875 0.0234375
16 0.5 0.85 0.996875 0.046875
15 0.6078125 0.68125 0.1828125 0.0375
14 0.6078125 0.6796875 0.115625 0.015625
14 0.3765625 0.6796875 0.2109375 0.0140625
4 0.5 0.5171875 0.9421875 0.0859375
14 0.8078125 0.409375 0.1828125 0.025
14 0.809375 0.384375 0.1296875 0.0109375
14 0.809375 0.3578125 0.16875 0.0171875
14 0.8453125 0.321875 0.0296875 0.0109375
14 0.7703125 0.3234375 0.05 0.009375
14 0.3734375 0.4296875 0.23125 0.015625
14 0.4609375 0.409375 0.059375 0.0125
14 0.2625 0.3515625 0.45625 0.034375
14 0.4296875 0.3234375 0.1203125 0.015625
14 0.29375 0.2734375 0.3984375 0.0359375
14 0.40625 0.2421875 0.165625 0.0140625
14 0.29375 0.1921875 0.3953125 0.0359375
14 0.3640625 0.1625 0.2546875 0.0140625
5 0.5265625 0.4265625 0.03125 0.0265625
5 0.5296875 0.35625 0.0453125 0.046875
5 0.5296875 0.275 0.0453125 0.0453125
5 0.53125 0.19375 0.0484375 0.0453125
5 0.53125 0.13125 0.0453125 0.009375
4 0.803125 0.1984375 0.2890625 0.14375
3 0.871875 0.3234375 0.0109375 0.0109375
3 0.80625 0.3234375 0.0125 0.0125
15 0.853125 0.3234375 0.0546875 0.0203125
15 0.7765625 0.3234375 0.0828125 0.0171875