16 0.5 0.15625 0.9953125 0.0625
5 0.5 0.4765625 0.9953125 0.5734375
14 0.871875 0.7890625 0.0859375 0.0203125
14 0.7578125 0.7859375 0.0625 0.009375
3 0.9328125 0.7875 0.0234375 0.015625
3 0.803125 0.7875 0.0203125 0.0171875
5 0.5078125 0.15625 0.196875 0.0359375
14 0.121875 0.15625 0.046875 0.015625
14 0.0421875 0.159375 0.04375 0.01875
14 0.953125 0.15625 0.05 0.0171875
14 0.8734375 0.15625 0.0921875 0.0203125
3 0.0875 0.15625 0.0140625 0.015625
14 0.5 0.84375 0.55 0.0328125
14 0.5046875 0.86875 0.69375 0.009375