4 0.5 0.5 0.4984375 0.375
14 0.5015625 0.3703125 0.3609375 0.053125
14 0.5015625 0.4375 0.378125 0.0359375
6 0.496875 0.4953125 0.403125 0.0515625
14 0.5 0.496875 0.140625 0.0203125
15 0.5 0.5453125 0.3984375 0.040625
14 0.5 0.546875 0.128125 0.0234375
14 0.5 0.59375 0.1234375 0.0140625
14 0.4984375 0.6484375 0.378125 0.03125
7 0.3515625 0.6421875 0.075 0.0109375
7 0.50625 0.6578125 0.09375 0.0125
3 0.2734375 0.340625 0.0296875 0.0265625
14 0.915625 0.1515625 0.06875 0.025
14 0.8484375 0.15 0.0421875 0.0125
14 0.7921875 0.15 0.0328125 0.015625
14 0.6875 0.1515625 0.134375 0.0109375
14 0.5671875 0.153125 0.06875 0.0140625
14 0.4828125 0.15 0.053125 0.0171875
3 0.171875 0.1453125 0.015625 0.015625
3 0.14375 0.14375 0.01875 0.015625
15 0.0875 0.1453125 0.0671875 0.0328125
14 0.0875 0.1453125 0.059375 0.0171875
5 0.803125 0.2078125 0.2953125 0.046875
14 0.5828125 0.21875 0.121875 0.0140625
14 0.4671875 0.2171875 0.096875 0.0203125
14 0.38125 0.2203125 0.040625 0.015625
6 0.2109375 0.2078125 0.2015625 0.034375
3 0.3015625 0.209375 0.0171875 0.01875
14 0.2390625 0.2109375 0.0875 0.0140625
15 0.0828125 0.209375 0.0515625 0.0359375
14 0.0796875 0.2109375 0.0265625 0.0171875
3 0.934375 0.2578125 0.0203125 0.0234375
3 0.7609375 0.25625 0.0265625 0.028125
3 0.6390625 0.2578125 0.0203125 0.0265625
3 0.546875 0.259375 0.0171875 0.0203125
14 0.8609375 0.2578125 0.115625 0.015625
14 0.709375 0.2578125 0.0609375 0.0140625
14 0.603125 0.2578125 0.040625 0.015625
14 0.509375 0.2578125 0.034375 0.0140625
12 0.4390625 0.2578125 0.05625 0.0203125
14 0.4421875 0.25625 0.0421875 0.0140625
14 0.34375 0.2578125 0.0375 0.015625
14 0.2578125 0.259375 0.0359375 0.0140625
14 0.1765625 0.259375 0.03125 0.0140625
3 0.10625 0.259375 0.0203125 0.028125
14 0.0765625 0.2578125 0.028125 0.0140625
0 0.846875 0.4953125 0.1984375 0.39375
14 0.6953125 0.7765625 0.496875 0.1484375
0 0.1578125 0.5171875 0.1796875 0.1703125
14 0.2359375 0.6890625 0.16875 0.115625
14 0.2296875 0.821875 0.1828125 0.0765625
3 0.109375 0.6640625 0.040625 0.0359375
0 0.0953125 0.803125 0.0453125 0.046875