5 0.9390625 0.8484375 0.11875 0.028125
16 0.5 0.834375 0.9984375 0.08125
14 0.953125 0.8140625 0.0890625 0.0234375
14 0.8609375 0.8109375 0.075 0.01875
14 0.7984375 0.8125 0.0203125 0.0140625
14 0.715625 0.8484375 0.309375 0.01875
15 0.3421875 0.8453125 0.2984375 0.0390625
14 0.3453125 0.846875 0.271875 0.021875
6 0.09375 0.8484375 0.1859375 0.03125
14 0.11875 0.846875 0.1125 0.0140625
9 0.5 0.775 0.9984375 0.0375
14 0.846875 0.778125 0.028125 0.0203125
14 0.778125 0.7734375 0.0796875 0.0140625
14 0.69375 0.7765625 0.05 0.015625
14 0.628125 0.7734375 0.040625 0.0140625
14 0.5625 0.775 0.0578125 0.021875
14 0.48125 0.771875 0.0828125 0.025
14 0.3875 0.775 0.0765625 0.021875
14 0.2828125 0.7734375 0.0890625 0.0234375
14 0.1953125 0.771875 0.0515625 0.01875
14 0.1296875 0.775 0.0375 0.0203125
14 0.06875 0.7734375 0.05625 0.01875
14 0.75625 0.70625 0.0578125 0.0203125
14 0.6046875 0.709375 0.1109375 0.021875
14 0.45 0.709375 0.071875 0.0171875
14 0.2984375 0.7078125 0.109375 0.01875
14 0.1453125 0.7078125 0.115625 0.0203125
5 0.9046875 0.61875 0.1421875 0.071875
5 0.71875 0.61875 0.1421875 0.075
5 0.5421875 0.6046875 0.11875 0.078125
5 0.3609375 0.6171875 0.0828125 0.0859375
5 0.1765625 0.6234375 0.1734375 0.1
5 0.021875 0.621875 0.0390625 0.1046875
14 0.9078125 0.5375 0.1640625 0.0640625
14 0.9078125 0.475 0.165625 0.053125
3 0.98125 0.490625 0.0125 0.0203125
14 0.7265625 0.5375 0.159375 0.0546875
14 0.734375 0.475 0.15 0.0546875
3 0.8 0.49375 0.0203125 0.0234375
3 0.6140625 0.4921875 0.015625 0.0140625
3 0.43125 0.4890625 0.0140625 0.01875
3 0.246875 0.4890625 0.0203125 0.01875
3 0.065625 0.490625 0.015625 0.01875
14 0.5421875 0.5328125 0.1515625 0.05625
14 0.3625 0.5375 0.1546875 0.05625
14 0.1796875 0.5328125 0.1546875 0.059375
14 0.18125 0.4703125 0.1578125 0.06875
14 0.365625 0.475 0.1546875 0.065625
14 0.5453125 0.475 0.1484375 0.0578125
14 0.0359375 0.534375 0.06875 0.05625
14 0.0390625 0.475 0.075 0.05625
14 0.890625 0.375 0.2171875 0.0390625
14 0.8671875 0.30625 0.2609375 0.071875
14 0.915625 0.25 0.165625 0.0359375
3 0.9921875 0.2609375 0.0140625 0.0203125
5 0.6765625 0.303125 0.1015625 0.0609375
14 0.4859375 0.303125 0.253125 0.0640625
14 0.55625 0.25 0.115625 0.0375
3 0.6046875 0.2609375 0.0171875 0.0171875
5 0.2875 0.3078125 0.0625 0.0703125
14 0.86875 0.175 0.2578125 0.0640625
3 0.99375 0.1359375 0.009375 0.0171875
14 0.9640625 0.134375 0.0328125 0.0171875
5 0.684375 0.178125 0.078125 0.0640625
14 0.4859375 0.1796875 0.2515625 0.0640625
3 0.6015625 0.134375 0.0171875 0.0171875
14 0.571875 0.134375 0.034375 0.015625
5 0.2828125 0.178125 0.115625 0.0703125
14 0.0859375 0.35 0.16875 0.05625
5 0.1578125 0.29375 0.0375 0.0203125
5 0.15625 0.2328125 0.034375 0.034375
5 0.15625 0.1703125 0.034375 0.0421875
14 0.06875 0.29375 0.1359375 0.0375
14 0.06875 0.2359375 0.134375 0.0390625
14 0.090625 0.171875 0.078125 0.04375