0 0.5015625 0.4984375 0.99375 0.7421875
5 0.5 0.2703125 0.1859375 0.178125
14 0.4984375 0.4078125 0.3046875 0.03125
14 0.3359375 0.4453125 0.1453125 0.015625
14 0.5015625 0.734375 0.26875 0.0171875
14 0.3703125 0.49375 0.1140625 0.021875
14 0.3875 0.540625 0.1453125 0.028125
14 0.375 0.5859375 0.1171875 0.0140625
14 0.3640625 0.634375 0.096875 0.015625
14 0.3640625 0.6796875 0.1015625 0.015625
5 0.284375 0.4953125 0.040625 0.0390625
5 0.284375 0.540625 0.046875 0.0390625
5 0.2859375 0.5859375 0.0421875 0.040625
5 0.2859375 0.634375 0.040625 0.0390625
5 0.284375 0.6828125 0.0390625 0.0359375