14 0.53125 0.25625 0.884375 0.04375
14 0.9390625 0.159375 0.040625 0.015625
14 0.878125 0.159375 0.0328125 0.0171875
14 0.221875 0.3859375 0.1453125 0.025
14 0.2015625 0.45 0.1875 0.0453125
14 0.1984375 0.525 0.1953125 0.0421875
14 0.209375 0.6 0.1671875 0.04375
14 0.2 0.675 0.1953125 0.040625
14 0.2 0.7640625 0.1921875 0.0703125
5 0.646875 0.5421875 0.6265625 0.415625
14 0.734375 0.8359375 0.3796875 0.075
16 0.5 0.1578125 0.99375 0.0640625
14 0.821875 0.7046875 0.14375 0.0171875
14 0.8234375 0.725 0.121875 0.0171875
14 0.5484375 0.7015625 0.1875 0.0125
14 0.55 0.715625 0.209375 0.0125
14 0.534375 0.7296875 0.3546875 0.015625