14 0.8640625 0.159375 0.10625 0.015625
14 0.76875 0.1578125 0.059375 0.0140625
14 0.6734375 0.159375 0.1046875 0.015625
14 0.565625 0.159375 0.0875 0.01875
14 0.4828125 0.159375 0.053125 0.015625
14 0.4046875 0.159375 0.075 0.015625
14 0.3109375 0.159375 0.0875 0.0171875
14 0.215625 0.1609375 0.0484375 0.0140625
5 0.178125 0.3515625 0.315625 0.175
5 0.178125 0.53125 0.3171875 0.178125
5 0.659375 0.440625 0.6375 0.3546875
14 0.503125 0.721875 0.6984375 0.075
14 0.7671875 0.771875 0.1734375 0.0171875
15 0.678125 0.81875 0.3484375 0.05
15 0.321875 0.81875 0.3484375 0.05
5 0.9578125 0.1578125 0.05 0.0484375
5 0.059375 0.1609375 0.0796875 0.0296875
16 0.5 0.1640625 0.9984375 0.0765625
6 0.1984375 0.159375 0.0984375 0.034375
1 0.13125 0.159375 0.034375 0.0328125
3 0.1296875 0.159375 0.01875 0.01875
11 0.5 0.7625 0.996875 0.21875