5 0.784375 0.2265625 0.1984375 0.0828125
5 0.509375 0.54375 0.98125 0.496875
15 0.1546875 0.41875 0.2296875 0.05625
15 0.15625 0.4890625 0.228125 0.0578125
14 0.5015625 0.8328125 0.9453125 0.065625
14 0.3203125 0.2265625 0.0390625 0.015625
3 0.0625 0.2265625 0.0203125 0.0203125
6 0.196875 0.2265625 0.3140625 0.0375
15 0.94375 0.2234375 0.0578125 0.0515625
14 0.94375 0.215625 0.0375 0.0109375
3 0.94375 0.23125 0.0390625 0.0125
3 0.70625 0.146875 0.0171875 0.015625
14 0.6609375 0.146875 0.0515625 0.0125
3 0.625 0.146875 0.0078125 0.00625
3 0.465625 0.1484375 0.009375 0.00625
14 0.528125 0.1484375 0.1046875 0.0125
14 0.3703125 0.146875 0.1 0.0125
3 0.3125 0.146875 0.0109375 0.00625
3 0.1859375 0.146875 0.0078125 0.0046875
14 0.25 0.146875 0.034375 0.01875
3 0.2125 0.1484375 0.025 0.015625
3 0.134375 0.1453125 0.01875 0.015625
3 0.1078125 0.14375 0.0109375 0.0171875
3 0.0796875 0.14375 0.0140625 0.015625
3 0.0484375 0.1453125 0.01875 0.0171875
16 0.5 0.20625 0.9984375 0.159375
14 0.140625 0.4203125 0.1515625 0.015625
14 0.1640625 0.4890625 0.109375 0.015625
3 0.2421875 0.4171875 0.0203125 0.0203125
3 0.2421875 0.490625 0.0203125 0.0171875
14 0.859375 0.725 0.209375 0.015625
14 0.5625 0.775 0.815625 0.034375