4 0.5015625 0.8046875 0.78125 0.1359375
0 0.5015625 0.5234375 0.99375 0.6765625
5 0.1546875 0.4609375 0.2671875 0.103125
5 0.096875 0.2296875 0.1515625 0.025
14 0.79375 0.2265625 0.115625 0.025
14 0.921875 0.2265625 0.1 0.0203125
14 0.1828125 0.575 0.3328125 0.03125
15 0.1140625 0.6859375 0.1890625 0.040625
14 0.1265625 0.6875 0.1484375 0.021875
3 0.0328125 0.6890625 0.01875 0.021875
15 0.2890625 0.6859375 0.1296875 0.0359375
14 0.290625 0.6875 0.1125 0.0171875
14 0.05625 0.8234375 0.084375 0.0234375
14 0.9703125 0.825 0.05625 0.0171875
14 0.909375 0.821875 0.0296875 0.0203125
16 0.5 0.1546875 0.9921875 0.0546875
5 0.0828125 0.1546875 0.0875 0.0421875
5 0.2 0.15625 0.0734375 0.0421875
5 0.2734375 0.15625 0.05 0.0421875
5 0.34375 0.15625 0.065625 0.0390625
5 0.428125 0.15625 0.084375 0.0359375
5 0.5234375 0.1546875 0.090625 0.0296875
5 0.640625 0.1546875 0.1234375 0.028125
5 0.74375 0.1546875 0.0609375 0.040625
3 0.7875 0.15625 0.015625 0.0390625
3 0.1453125 0.15625 0.0125 0.0421875