5 0.0296875 0.8421875 0.034375 0.04375
12 0.125 0.8390625 0.11875 0.0375
14 0.1140625 0.840625 0.0921875 0.0203125
3 0.1734375 0.8375 0.0125 0.0203125
14 0.2140625 0.840625 0.0359375 0.0203125
14 0.2859375 0.8359375 0.071875 0.0234375
12 0.371875 0.840625 0.078125 0.025
14 0.3609375 0.8390625 0.05625 0.0140625
3 0.4 0.8390625 0.0140625 0.0140625
14 0.465625 0.8390625 0.084375 0.0203125
12 0.5546875 0.840625 0.071875 0.025
14 0.5453125 0.840625 0.05 0.015625
3 0.5796875 0.840625 0.0109375 0.0109375
6 0.7203125 0.8390625 0.2375 0.0390625
14 0.653125 0.8390625 0.09375 0.01875
1 0.81875 0.8421875 0.028125 0.034375
3 0.8171875 0.8390625 0.0125 0.025
14 0.875 0.840625 0.05 0.025
15 0.9515625 0.840625 0.0734375 0.0328125
14 0.9515625 0.840625 0.0578125 0.0140625
14 0.190625 0.5796875 0.3375 0.1265625
14 0.2546875 0.4359375 0.4765625 0.115625
14 0.6203125 0.709375 0.0703125 0.0171875
14 0.6046875 0.6265625 0.0421875 0.0203125
14 0.61875 0.5359375 0.065625 0.0171875
14 0.76875 0.453125 0.371875 0.0359375
7 0.790625 0.4421875 0.0578125 0.0125
15 0.76875 0.371875 0.36875 0.065625
14 0.7703125 0.371875 0.1296875 0.021875
14 0.7734375 0.290625 0.3734375 0.0328125
7 0.884375 0.3015625 0.090625 0.015625
7 0.6375 0.28125 0.0953125 0.015625
6 0.7703125 0.66875 0.36875 0.046875
6 0.771875 0.584375 0.3703125 0.05
6 0.76875 0.496875 0.3703125 0.04375
16 0.496875 0.8421875 0.99375 0.065625