5 0.7265625 0.475 0.5265625 0.4484375
1 0.9421875 0.8171875 0.0625 0.071875
14 0.215625 0.35 0.39375 0.1
14 0.228125 0.5 0.4109375 0.075
16 0.4984375 0.2078125 0.996875 0.0671875
14 0.45 0.1484375 0.4328125 0.015625
15 0.7265625 0.146875 0.090625 0.0296875
14 0.209375 0.2140625 0.0609375 0.0140625
14 0.3 0.2125 0.0546875 0.015625
14 0.3921875 0.2140625 0.0703125 0.0171875
14 0.4875 0.2140625 0.0515625 0.015625
14 0.5671875 0.2125 0.04375 0.0171875
3 0.6484375 0.215625 0.0109375 0.0171875
14 0.696875 0.215625 0.0828125 0.0125
15 0.690625 0.215625 0.115625 0.0390625
5 0.0859375 0.2125 0.121875 0.0265625
6 0.140625 0.596875 0.2359375 0.0421875
14 0.1015625 0.596875 0.1328125 0.0203125
15 0.31875 0.5953125 0.125 0.0453125
14 0.8328125 0.2140625 0.0390625 0.0140625
15 0.9234375 0.2109375 0.10625 0.040625
5 0.778125 0.215625 0.028125 0.0203125
5 0.0359375 0.4296875 0.034375 0.0125