14 0.8453125 0.2828125 0.1890625 0.0140625
14 0.6390625 0.465625 0.6015625 0.0578125
14 0.8453125 0.5109375 0.1921875 0.015625
14 0.64375 0.553125 0.5953125 0.0296875
14 0.6390625 0.640625 0.603125 0.0921875
14 0.6390625 0.79375 0.603125 0.1609375
14 0.1796875 0.7515625 0.190625 0.0296875
14 0.1703125 0.69375 0.090625 0.0109375
14 0.23125 0.628125 0.028125 0.0109375
14 0.2234375 0.575 0.0453125 0.0109375
14 0.225 0.5234375 0.0390625 0.0109375
14 0.2015625 0.465625 0.084375 0.0140625
5 0.8 0.234375 0.2828125 0.0453125
5 0.228125 0.6921875 0.0140625 0.0125
3 0.2640625 0.4640625 0.01875 0.01875
3 0.271875 0.5234375 0.0203125 0.0203125
3 0.2734375 0.5765625 0.0203125 0.0171875
3 0.271875 0.6296875 0.01875 0.01875
3 0.0875 0.5765625 0.009375 0.00625
3 0.0875 0.5234375 0.0109375 0.00625
6 0.1796875 0.4640625 0.2078125 0.0328125
15 0.1796875 0.6921875 0.121875 0.0203125
11 0.1796875 0.609375 0.240625 0.3546875