14 0.5 0.784375 0.334375 0.028125
4 0.5 0.3515625 0.7109375 0.0890625
14 0.7671875 0.8484375 0.0515625 0.0140625
14 0.6890625 0.85 0.075 0.015625
14 0.6 0.85 0.06875 0.015625
14 0.5171875 0.85 0.0828125 0.015625
14 0.428125 0.85 0.0640625 0.015625
14 0.3046875 0.846875 0.053125 0.01875
14 0.2171875 0.846875 0.0859375 0.01875
14 0.1 0.8484375 0.09375 0.015625
14 0.884375 0.8484375 0.1078125 0.025
14 0.7796875 0.7296875 0.15625 0.0171875
14 0.171875 0.73125 0.0640625 0.015625
14 0.5 0.6765625 0.0625 0.01875
14 0.553125 0.6453125 0.0765625 0.0125
14 0.5484375 0.6078125 0.0828125 0.0125
14 0.54375 0.56875 0.096875 0.0140625
14 0.5609375 0.53125 0.0609375 0.0125
14 0.55 0.49375 0.08125 0.0125
14 0.5 0.4625 0.0765625 0.0109375
14 0.578125 0.4265625 0.1265625 0.0109375
14 0.4015625 0.425 0.1 0.0109375
14 0.5 0.4046875 0.4703125 0.0109375
14 0.734375 0.2546875 0.190625 0.015625
14 0.890625 0.2234375 0.0453125 0.01875
14 0.884375 0.1953125 0.0609375 0.0140625
14 0.8671875 0.165625 0.0921875 0.0203125
14 0.8765625 0.1359375 0.0734375 0.01875
14 0.6125 0.225 0.134375 0.015625
14 0.6125 0.1953125 0.134375 0.0140625
14 0.640625 0.1671875 0.078125 0.015625
14 0.60625 0.1359375 0.146875 0.01875
6 0.55 0.73125 0.653125 0.0453125
15 0.1734375 0.73125 0.0984375 0.04375
4 0.265625 0.2046875 0.3328125 0.1234375
3 0.1671875 0.8484375 0.009375 0.00625
12 0.2109375 0.8484375 0.0984375 0.01875
16 0.5015625 0.85 0.996875 0.05
6 0.5 0.646875 0.2078125 0.0328125
6 0.5 0.6078125 0.2078125 0.03125
6 0.5 0.5703125 0.2078125 0.0328125
6 0.5 0.53125 0.2078125 0.03125
6 0.5 0.49375 0.2078125 0.03125