4 0.5 0.7515625 0.9484375 0.24375
3 0.9578125 0.571875 0.021875 0.0203125
1 0.9578125 0.571875 0.0421875 0.0421875
14 0.853125 0.5734375 0.1046875 0.015625
5 0.5 0.5734375 0.4546875 0.0828125
14 0.2109375 0.575 0.0796875 0.0140625
5 0.0890625 0.5671875 0.1171875 0.096875
14 0.9 0.5015625 0.0375 0.0140625
3 0.934375 0.5 0.015625 0.0125
14 0.8265625 0.5015625 0.040625 0.0140625
14 0.7375 0.5015625 0.0203125 0.0125
14 0.6453125 0.5015625 0.05 0.0140625
14 0.534375 0.503125 0.053125 0.0125
14 0.421875 0.5015625 0.0515625 0.0125
14 0.315625 0.5015625 0.0421875 0.0125
14 0.2109375 0.5015625 0.0484375 0.0109375
14 0.090625 0.5015625 0.025 0.0125
5 0.11875 0.5015625 0.0203125 0.0203125
16 0.5 0.5046875 0.996875 0.0265625
14 0.9265625 0.43125 0.1078125 0.0578125
14 0.9390625 0.3453125 0.0859375 0.0109375
14 0.9203125 0.3125 0.1203125 0.03125
14 0.928125 0.228125 0.1046875 0.0109375
14 0.9109375 0.1765625 0.1375 0.06875
14 0.165625 0.4265625 0.153125 0.034375
14 0.1578125 0.371875 0.2109375 0.025
14 0.1484375 0.3140625 0.2296875 0.0265625
14 0.15625 0.2546875 0.2171875 0.025
14 0.1921875 0.196875 0.1453125 0.0125
14 0.1484375 0.140625 0.2328125 0.028125
5 0.2875 0.371875 0.025 0.0234375
5 0.2890625 0.3125 0.025 0.0234375
5 0.2890625 0.2546875 0.025 0.025
5 0.2875 0.1953125 0.025 0.025
5 0.2875 0.1390625 0.0234375 0.021875
5 0.575 0.2921875 0.484375 0.3328125
11 0.165625 0.2640625 0.29375 0.275