5 0.096875 0.740625 0.1546875 0.0453125
14 0.3484375 0.7359375 0.228125 0.0140625
3 0.5625 0.734375 0.0140625 0.015625
6 0.4015625 0.7359375 0.359375 0.0328125
14 0.725 0.7671875 0.184375 0.0140625
14 0.8578125 0.7671875 0.0421875 0.009375
14 0.9359375 0.7671875 0.0546875 0.0125
14 0.6828125 0.7265625 0.1 0.0109375
14 0.78125 0.7265625 0.01875 0.0109375
14 0.846875 0.7265625 0.0390625 0.0140625
14 0.9515625 0.7265625 0.09375 0.0140625
14 0.99375 0.76875 0.009375 0.0125
16 0.5 0.7375 0.996875 0.0953125
5 0.5 0.5390625 0.9984375 0.3015625
10 0.26875 0.3984375 0.196875 0.0109375
14 0.10625 0.3390625 0.1640625 0.015625
14 0.1125 0.303125 0.196875 0.0125
5 0.1015625 0.2 0.175 0.146875
5 0.2875 0.2 0.1765625 0.146875
5 0.4734375 0.2 0.1765625 0.146875
5 0.659375 0.2 0.175 0.146875
5 0.8453125 0.2 0.175 0.146875
5 0.971875 0.175 0.053125 0.0953125
14 0.978125 0.303125 0.040625 0.0140625