5 0.06875 0.159375 0.0578125 0.0375
14 0.0703125 0.2 0.0609375 0.0125
14 0.15 0.2 0.0640625 0.0125
14 0.225 0.2015625 0.0453125 0.015625
14 0.3203125 0.2 0.103125 0.0125
14 0.4109375 0.2 0.0390625 0.0125
14 0.46875 0.159375 0.078125 0.0109375
14 0.546875 0.1609375 0.046875 0.0125
14 0.6203125 0.1609375 0.0421875 0.0125
14 0.7046875 0.1609375 0.0671875 0.0125
3 0.65 0.1609375 0.009375 0.00625
3 0.746875 0.1609375 0.0078125 0.00625
3 0.5796875 0.159375 0.0109375 0.00625
12 0.5546875 0.1609375 0.0609375 0.0125
12 0.6265625 0.1609375 0.05625 0.0125
12 0.7109375 0.1609375 0.08125 0.0125
14 0.865625 0.159375 0.1515625 0.0109375
15 0.865625 0.159375 0.1921875 0.0296875
14 0.50625 0.2 0.1140625 0.0125
14 0.640625 0.2015625 0.11875 0.0140625
14 0.7953125 0.2 0.1484375 0.0125
14 0.9 0.2 0.0234375 0.0125
3 0.925 0.2 0.0125 0.0171875
3 0.9515625 0.2 0.0171875 0.015625
16 0.5 0.175 0.9984375 0.096875
14 0.08125 0.24375 0.0828125 0.0125
14 0.2 0.24375 0.0578125 0.0109375
14 0.2828125 0.24375 0.05 0.0109375
14 0.3828125 0.2453125 0.090625 0.0125
14 0.575 0.24375 0.0890625 0.0125
14 0.678125 0.24375 0.059375 0.0109375
3 0.7171875 0.24375 0.009375 0.0046875
3 0.765625 0.2453125 0.0296875 0.0109375
14 0.478125 0.2453125 0.0421875 0.0140625
9 0.5 0.2453125 0.996875 0.0421875
5 0.8140625 0.7375 0.29375 0.1640625
14 0.759375 0.8390625 0.165625 0.0125
14 0.165625 0.328125 0.2546875 0.0359375
14 0.359375 0.371875 0.640625 0.0203125
14 0.1859375 0.44375 0.153125 0.0109375
14 0.5 0.4453125 0.1609375 0.0140625
15 0.5 0.44375 0.2953125 0.0296875
15 0.1875 0.44375 0.2953125 0.0296875
0 0.878125 0.384375 0.2296875 0.2328125
11 0.4984375 0.384375 0.99375 0.234375
14 0.8828125 0.546875 0.071875 0.0109375
14 0.0796875 0.5265625 0.059375 0.0109375
14 0.2453125 0.5484375 0.390625 0.015625
14 0.225 0.571875 0.3515625 0.0140625
15 0.8828125 0.5484375 0.134375 0.0328125
11 0.5 0.5484375 0.9984375 0.0921875
14 0.3359375 0.765625 0.5953125 0.2109375
11 0.8140625 0.7578125 0.29375 0.2046875