5 0.9328125 0.8390625 0.0578125 0.0390625
5 0.1859375 0.2625 0.2953125 0.1625
14 0.53125 0.840625 0.078125 0.0109375
14 0.453125 0.8390625 0.046875 0.0125
14 0.3796875 0.8390625 0.0421875 0.0125
14 0.296875 0.8390625 0.0671875 0.0125
3 0.4203125 0.8390625 0.009375 0.00625
3 0.3484375 0.8390625 0.009375 0.00625
3 0.253125 0.8390625 0.009375 0.00625
14 0.134375 0.840625 0.153125 0.0109375
15 0.134375 0.840625 0.190625 0.0296875
12 0.4453125 0.8390625 0.0609375 0.0125
12 0.371875 0.8390625 0.05625 0.0125
12 0.2890625 0.8390625 0.08125 0.0125
14 0.9296875 0.8 0.059375 0.0140625
14 0.8484375 0.8 0.0640625 0.0140625
14 0.775 0.7984375 0.046875 0.015625
14 0.6796875 0.8 0.103125 0.0125
14 0.5890625 0.8 0.0375 0.0125
14 0.49375 0.8 0.1140625 0.0125
14 0.359375 0.7984375 0.11875 0.015625
14 0.20625 0.8 0.1484375 0.0125
14 0.1 0.8 0.0234375 0.0125
3 0.075 0.8 0.0125 0.0171875
3 0.0484375 0.8 0.0171875 0.015625
14 0.91875 0.75625 0.0828125 0.0125
14 0.8 0.75625 0.05625 0.0109375
14 0.7171875 0.7546875 0.05 0.0109375
14 0.6171875 0.7546875 0.0921875 0.0125
14 0.521875 0.7546875 0.0421875 0.0125
14 0.4265625 0.7546875 0.0890625 0.0125
14 0.321875 0.75625 0.059375 0.0109375
14 0.234375 0.7546875 0.0296875 0.0125
3 0.2828125 0.75625 0.0078125 0.0046875
9 0.5 0.7578125 0.996875 0.0359375
16 0.5 0.825 0.996875 0.096875
14 0.6609375 0.2328125 0.5875 0.209375
14 0.2390625 0.159375 0.165625 0.0109375
14 0.1171875 0.4515625 0.0703125 0.009375
15 0.1171875 0.4515625 0.134375 0.0328125
14 0.9203125 0.4734375 0.0578125 0.009375
14 0.7765625 0.440625 0.3453125 0.0375
14 0.8328125 0.671875 0.25625 0.0359375
14 0.640625 0.628125 0.6390625 0.0203125
14 0.8140625 0.55625 0.1515625 0.0109375
14 0.5 0.55625 0.1609375 0.0109375
15 0.8140625 0.55625 0.296875 0.0296875
15 0.5 0.55625 0.296875 0.0296875
0 0.1453125 0.6140625 0.284375 0.23125
11 0.5 0.615625 0.996875 0.234375
11 0.5 0.4515625 0.9984375 0.0921875
11 0.1859375 0.2421875 0.2953125 0.2046875