14 0.1890625 0.8578125 0.2765625 0.0125
14 0.8 0.7984375 0.0375 0.0125
14 0.8640625 0.796875 0.05625 0.015625
14 0.9453125 0.7984375 0.06875 0.0125
14 0.94375 0.7640625 0.046875 0.0125
14 0.740625 0.7625 0.15 0.0171875
14 0.075 0.690625 0.103125 0.0125
14 0.21875 0.690625 0.140625 0.015625
14 0.36875 0.690625 0.1125 0.015625
14 0.4703125 0.6921875 0.0453125 0.0125
14 0.53125 0.6921875 0.0328125 0.0140625
14 0.6015625 0.690625 0.0640625 0.015625
14 0.69375 0.6921875 0.0734375 0.0125
14 0.784375 0.6921875 0.0640625 0.0125
14 0.88125 0.6921875 0.084375 0.0140625
9 0.5 0.6921875 0.975 0.0390625
14 0.1375 0.6328125 0.1890625 0.025
14 0.2515625 0.53125 0.109375 0.0609375
14 0.5640625 0.53125 0.1390625 0.0609375
14 0.8609375 0.4953125 0.140625 0.13125
14 0.26875 0.35 0.1421875 0.1046875
14 0.55625 0.371875 0.1203125 0.059375
14 0.846875 0.35 0.1109375 0.1046875
14 0.2671875 0.2265625 0.140625 0.0609375
14 0.25 0.18125 0.10625 0.0140625
3 0.309375 0.1796875 0.009375 0.0078125
14 0.5640625 0.2265625 0.1390625 0.059375
14 0.8578125 0.225 0.13125 0.0625
5 0.71875 0.196875 0.1265625 0.1265625
5 0.421875 0.1953125 0.1265625 0.1265625
5 0.125 0.1953125 0.1265625 0.1265625
5 0.1234375 0.3421875 0.128125 0.128125
5 0.4203125 0.3421875 0.128125 0.128125
5 0.71875 0.340625 0.1265625 0.1265625
5 0.71875 0.5 0.128125 0.1265625
5 0.421875 0.5 0.1265625 0.1265625
5 0.1234375 0.5 0.128125 0.1265625
5 0.0265625 0.85625 0.0234375 0.0234375
6 0.7796875 0.7640625 0.2484375 0.0359375
15 0.9453125 0.7625 0.0765625 0.0375
11 0.5 0.3546875 0.9171875 0.4578125
14 0.1359375 0.7546875 0.2 0.028125
14 0.134375 0.7953125 0.2203125 0.0421875
9 0.8796875 0.796875 0.1984375 0.015625