14 0.5015625 0.853125 0.8953125 0.01875
11 0.5 0.8546875 0.996875 0.0390625
5 0.8984375 0.7796875 0.14375 0.0625
14 0.665625 0.75 0.084375 0.01875
14 0.5515625 0.75 0.1 0.01875
14 0.41875 0.7484375 0.1234375 0.0171875
14 0.303125 0.7484375 0.0671875 0.0171875
14 0.2125 0.75 0.0703125 0.0140625
14 0.1296875 0.75 0.0515625 0.0140625
14 0.0625 0.75 0.04375 0.0140625
3 0.0546875 0.8015625 0.00625 0.009375
3 0.0453125 0.7984375 0.0125 0.0140625
6 0.1078125 0.7984375 0.1546875 0.03125
14 0.30625 0.8 0.0296875 0.0140625
14 0.2359375 0.8 0.0859375 0.0125
14 0.5 0.66875 0.6640625 0.0203125
14 0.334375 0.5859375 0.475 0.05
14 0.440625 0.51875 0.2625 0.015625
14 0.4765625 0.465625 0.1921875 0.0203125
3 0.365625 0.46875 0.0171875 0.0171875
3 0.2953125 0.5203125 0.0171875 0.0171875
5 0.7671875 0.515625 0.3515625 0.2046875
11 0.503125 0.5171875 0.9296875 0.2484375
5 0.86875 0.3125 0.2046875 0.0875
5 0.625 0.3125 0.20625 0.0875
5 0.3859375 0.3125 0.2046875 0.0890625
5 0.14375 0.3125 0.2015625 0.0890625
14 0.5 0.209375 0.1640625 0.0234375
14 0.8484375 0.1328125 0.209375 0.0109375
14 0.3625 0.1328125 0.2078125 0.0125
9 0.375 0.7484375 0.6703125 0.021875
11 0.5 0.2109375 0.9375 0.046875