14 0.4390625 0.8484375 0.29375 0.0171875
14 0.6328125 0.85 0.028125 0.0125
15 0.634375 0.85 0.0484375 0.0234375
3 0.6953125 0.85 0.0140625 0.0140625
1 0.6953125 0.8515625 0.025 0.0234375
4 0.5 0.85 0.996875 0.0484375
14 0.225 0.78125 0.2984375 0.0234375
14 0.2296875 0.7359375 0.3125 0.0390625
14 0.18125 0.69375 0.2109375 0.0171875
14 0.1234375 0.6484375 0.059375 0.0109375
15 0.1234375 0.646875 0.1 0.0296875
0 0.7484375 0.71875 0.378125 0.2109375
11 0.5 0.71875 0.946875 0.2125
14 0.303125 0.5375 0.390625 0.0359375
5 0.0609375 0.540625 0.053125 0.0390625
14 0.0609375 0.4796875 0.0375 0.015625
14 0.15 0.4796875 0.0671875 0.0140625
14 0.2484375 0.478125 0.059375 0.01875
14 0.3359375 0.4796875 0.0484375 0.0140625
14 0.4375 0.4796875 0.08125 0.0140625
14 0.8203125 0.540625 0.071875 0.0125
15 0.8203125 0.5421875 0.1140625 0.0375
3 0.9109375 0.5421875 0.01875 0.01875
3 0.9515625 0.5421875 0.01875 0.015625
14 0.8671875 0.48125 0.13125 0.0125
3 0.9515625 0.48125 0.0109375 0.0078125
5 0.5 0.275 0.4625 0.296875
5 0.1375 0.3890625 0.2 0.06875
14 0.0515625 0.3296875 0.028125 0.0125
14 0.0515625 0.2796875 0.0265625 0.0109375
14 0.1125 0.246875 0.1484375 0.03125
14 0.075 0.2046875 0.075 0.0125
14 0.0890625 0.1546875 0.0625 0.0109375
14 0.11875 0.13125 0.1640625 0.0109375
5 0.04375 0.1546875 0.015625 0.009375
3 0.084375 0.328125 0.0125 0.0078125
14 0.8609375 0.38125 0.1875 0.0796875
14 0.7984375 0.278125 0.0609375 0.0140625
14 0.809375 0.2421875 0.08125 0.0125
14 0.8625 0.1609375 0.190625 0.0703125
5 0.925 0.296875 0.0578125 0.059375
5 0.778125 0.303125 0.021875 0.021875
5 0.8671875 0.24375 0.015625 0.009375
12 0.8796875 0.48125 0.15625 0.0125
12 0.0640625 0.3296875 0.053125 0.0140625
9 0.2609375 0.478125 0.4359375 0.0171875