5 0.090625 0.1515625 0.1625 0.01875
14 0.2546875 0.1515625 0.10625 0.0125
14 0.371875 0.1515625 0.0875 0.0109375
14 0.465625 0.1515625 0.0625 0.0109375
14 0.546875 0.1515625 0.0609375 0.0109375
14 0.6390625 0.1515625 0.084375 0.0109375
14 0.721875 0.1515625 0.040625 0.0109375
14 0.7828125 0.153125 0.0421875 0.0109375
14 0.90625 0.1515625 0.0640625 0.0109375
3 0.8125 0.1515625 0.0109375 0.0078125
3 0.96875 0.153125 0.01875 0.0171875
3 0.8625 0.153125 0.0140625 0.0140625
12 0.7890625 0.153125 0.05625 0.0109375
16 0.5 0.1515625 0.996875 0.053125
14 0.5046875 0.2140625 0.4796875 0.0203125
14 0.1890625 0.5265625 0.3125 0.075
14 0.0640625 0.471875 0.0640625 0.0078125
14 0.5359375 0.3703125 0.20625 0.046875
14 0.453125 0.3296875 0.04375 0.0078125
14 0.7515625 0.3296875 0.065625 0.0078125
14 0.8328125 0.371875 0.2234375 0.0515625
14 0.059375 0.6828125 0.0796875 0.0203125
14 0.45 0.8015625 0.31875 0.103125
14 0.321875 0.7328125 0.0625 0.0078125
14 0.753125 0.6828125 0.103125 0.0203125
14 0.74375 0.825 0.06875 0.009375
14 0.8203125 0.85625 0.221875 0.034375
14 0.5515625 0.546875 0.2359375 0.053125
14 0.4640625 0.50625 0.065625 0.0078125
14 0.8328125 0.5484375 0.228125 0.0515625
14 0.75 0.50625 0.0625 0.0078125
0 0.55625 0.4578125 0.271875 0.0578125
0 0.84375 0.4578125 0.271875 0.05625
0 0.55625 0.2828125 0.271875 0.0578125
0 0.2125 0.353125 0.384375 0.1984375
0 0.8453125 0.2828125 0.2734375 0.0578125
11 0.2125 0.41875 0.3859375 0.33125
11 0.55625 0.509375 0.2734375 0.159375
11 0.84375 0.509375 0.2734375 0.1609375
11 0.84375 0.334375 0.2734375 0.1609375
11 0.55625 0.334375 0.2734375 0.1609375
5 0.1390625 0.8 0.2390625 0.146875
0 0.8390625 0.76875 0.2796875 0.084375
11 0.840625 0.8 0.28125 0.146875
11 0.5 0.4046875 0.9984375 0.4484375