5 0.115625 0.153125 0.1125 0.025
3 0.0296875 0.153125 0.0203125 0.0125
14 0.921875 0.1546875 0.0515625 0.0171875
15 0.921875 0.1515625 0.115625 0.0421875
0 0.6859375 0.459375 0.53125 0.4578125
14 0.171875 0.2984375 0.246875 0.1375
14 0.190625 0.409375 0.2828125 0.0421875
14 0.1625 0.471875 0.165625 0.0171875
15 0.1625 0.4703125 0.2265625 0.04375
14 0.1625 0.509375 0.10625 0.0140625
14 0.2203125 0.575 0.3421875 0.0484375
5 0.20625 0.76875 0.0328125 0.0359375
5 0.403125 0.7640625 0.0359375 0.0328125
5 0.5984375 0.7640625 0.040625 0.0359375
5 0.79375 0.7640625 0.0296875 0.034375
14 0.2078125 0.8109375 0.11875 0.0171875
14 0.2078125 0.8546875 0.128125 0.0296875
14 0.403125 0.8125 0.0734375 0.0171875
14 0.4015625 0.8546875 0.140625 0.0265625
14 0.5984375 0.8125 0.140625 0.0171875
14 0.5984375 0.8484375 0.14375 0.0140625
14 0.79375 0.8125 0.1296875 0.0171875
14 0.7921875 0.8484375 0.1515625 0.015625
11 0.5 0.7609375 0.9984375 0.225