16 0.5 0.853125 0.996875 0.040625
14 0.2328125 0.853125 0.05625 0.0140625
14 0.884375 0.8546875 0.0671875 0.015625
3 0.9546875 0.853125 0.015625 0.0140625
5 0.1765625 0.7265625 0.2921875 0.165625
14 0.1640625 0.56875 0.2671875 0.1
14 0.1703125 0.484375 0.28125 0.040625
14 0.0859375 0.44375 0.109375 0.015625
5 0.3875 0.775 0.06875 0.0671875
5 0.3875 0.6875 0.06875 0.06875
5 0.3875 0.5984375 0.0671875 0.0671875
5 0.3875 0.5109375 0.0671875 0.06875
14 0.5203125 0.7828125 0.1671875 0.0421875
14 0.4921875 0.75 0.1140625 0.0140625
14 0.528125 0.6953125 0.184375 0.04375
14 0.484375 0.6625 0.096875 0.015625
14 0.5328125 0.6078125 0.1921875 0.0421875
14 0.4875 0.575 0.103125 0.0140625
14 0.53125 0.509375 0.1921875 0.0640625
14 0.53125 0.4625 0.1890625 0.0140625
4 0.5 0.3375 0.709375 0.0859375
4 0.8234375 0.6875 0.2921875 0.2421875
14 0.8234375 0.5375 0.2421875 0.015625
6 0.81875 0.4921875 0.2359375 0.03125
14 0.809375 0.490625 0.1890625 0.0125
15 0.8203125 0.4515625 0.2359375 0.0328125
14 0.81875 0.4515625 0.0734375 0.0109375
14 0.8234375 0.425 0.0484375 0.0078125
14 0.075 0.246875 0.0609375 0.0140625
14 0.5 0.1734375 0.9671875 0.0125
14 0.475 0.1515625 0.2296875 0.0125
15 0.61875 0.1515625 0.0359375 0.0234375
14 0.61875 0.153125 0.0140625 0.0109375
14 0.7625 0.20625 0.178125 0.01875