9 0.5 0.85 0.996875 0.0484375
5 0.065625 0.8515625 0.034375 0.0328125
14 0.171875 0.85 0.115625 0.0109375
14 0.3265625 0.85 0.134375 0.0109375
14 0.4375 0.85 0.028125 0.0140625
5 0.7546875 0.8515625 0.0234375 0.021875
14 0.8234375 0.85 0.1015625 0.0109375
15 0.928125 0.85 0.075 0.028125
14 0.928125 0.8484375 0.04375 0.0140625
5 0.178125 0.771875 0.253125 0.05
14 0.5265625 0.7703125 0.38125 0.028125
5 0.5203125 0.65625 0.096875 0.109375
14 0.2421875 0.65 0.384375 0.1234375
5 0.6453125 0.6484375 0.103125 0.103125
14 0.734375 0.690625 0.034375 0.0140625
14 0.796875 0.665625 0.159375 0.009375
14 0.821875 0.6140625 0.2078125 0.0609375
15 0.7921875 0.5546875 0.15 0.0265625
14 0.7921875 0.553125 0.121875 0.0125
5 0.9546875 0.6890625 0.028125 0.021875
15 0.7296875 0.384375 0.2640625 0.0578125
14 0.73125 0.3859375 0.184375 0.0125
14 0.6859375 0.334375 0.171875 0.0125
14 0.75 0.2375 0.3 0.13125
14 0.696875 0.1375 0.19375 0.0171875
3 0.8046875 0.1390625 0.009375 0.003125
4 0.3140625 0.3 0.4859375 0.271875