5 0.8765625 0.2484375 0.128125 0.0421875
14 0.684375 0.25 0.225 0.0390625
14 0.7015625 0.29375 0.478125 0.0140625
14 0.6390625 0.4625 0.6015625 0.0515625
14 0.8953125 0.5109375 0.0890625 0.0140625
14 0.6375 0.596875 0.6078125 0.046875
14 0.6375 0.753125 0.609375 0.20625
6 0.178125 0.4640625 0.2078125 0.03125
3 0.2640625 0.4640625 0.0171875 0.0171875
14 0.2015625 0.4640625 0.084375 0.0140625
3 0.271875 0.5234375 0.021875 0.0203125
12 0.1796875 0.5234375 0.2421875 0.0515625
3 0.0859375 0.5234375 0.0078125 0.0046875
12 0.1796875 0.5765625 0.2421875 0.053125
3 0.2734375 0.5765625 0.0203125 0.015625
14 0.2234375 0.575 0.04375 0.0109375
14 0.2265625 0.521875 0.0390625 0.0109375
3 0.0875 0.575 0.0078125 0.0046875
3 0.271875 0.6296875 0.0171875 0.0171875
14 0.23125 0.628125 0.028125 0.0109375
5 0.2390625 0.70625 0.0421875 0.0453125
14 0.1875 0.6890625 0.0375 0.0125
15 0.1515625 0.715625 0.1078125 0.0234375
15 0.1796875 0.75625 0.1125 0.0203125
15 0.1796875 0.7890625 0.059375 0.021875
5 0.1953125 0.7875 0.0125 0.0125
14 0.16875 0.790625 0.03125 0.009375
5 0.221875 0.75625 0.0140625 0.0109375
14 0.1703125 0.7578125 0.08125 0.0109375
5 0.190625 0.715625 0.015625 0.0125
14 0.1546875 0.715625 0.0453125 0.009375
14 0.1109375 0.7171875 0.0140625 0.0078125
14 0.1796875 0.8578125 0.190625 0.0296875