9 0.5015625 0.8390625 0.9765625 0.0515625
14 0.5234375 0.828125 0.1 0.0109375
14 0.409375 0.828125 0.0859375 0.0109375
14 0.3234375 0.828125 0.0453125 0.0109375
14 0.2546875 0.828125 0.05625 0.0125
14 0.1890625 0.828125 0.0328125 0.0109375
14 0.1234375 0.828125 0.05625 0.0125
14 0.053125 0.828125 0.0484375 0.0109375
5 0.4984375 0.746875 0.9765625 0.1234375
9 0.496875 0.6625 0.971875 0.0421875
14 0.9375 0.659375 0.0546875 0.0171875
15 0.9375 0.6609375 0.090625 0.0421875
15 0.8578125 0.6609375 0.06875 0.040625
14 0.8578125 0.659375 0.0328125 0.0171875
15 0.7796875 0.6609375 0.0828125 0.040625
14 0.78125 0.6609375 0.0484375 0.0140625
15 0.703125 0.6609375 0.06875 0.0421875
14 0.703125 0.6609375 0.0359375 0.0140625
15 0.5703125 0.6609375 0.1921875 0.040625
14 0.5703125 0.659375 0.1578125 0.0171875
15 0.4296875 0.6609375 0.0875 0.0421875
14 0.4296875 0.6609375 0.053125 0.0140625
6 0.2125 0.6609375 0.2140625 0.0265625
14 0.2609375 0.659375 0.109375 0.015625
14 0.0625 0.6609375 0.05625 0.0109375
3 0.0265625 0.6609375 0.0078125 0.009375
4 0.1703125 0.3296875 0.2921875 0.2421875
4 0.1765625 0.1609375 0.290625 0.0671875
14 0.175 0.621875 0.2859375 0.009375
14 0.25 0.5796875 0.1140625 0.015625
5 0.128125 0.5796875 0.0328125 0.03125
5 0.090625 0.5796875 0.0328125 0.03125
5 0.053125 0.5796875 0.0328125 0.03125
6 0.2328125 0.5328125 0.15 0.0234375
14 0.2484375 0.5328125 0.10625 0.009375
15 0.0984375 0.53125 0.115625 0.025
14 0.0984375 0.53125 0.090625 0.009375
14 0.1 0.4953125 0.1015625 0.0078125
3 0.0421875 0.4953125 0.00625 0.0078125
14 0.6875 0.5765625 0.5640625 0.0625
14 0.6796875 0.525 0.08125 0.0140625
14 0.6734375 0.5078125 0.0953125 0.0125
7 0.665625 0.5078125 0.0796875 0.0109375
14 0.6015625 0.5265625 0.0484375 0.0109375
5 0.615625 0.5078125 0.0140625 0.015625
5 0.55625 0.525 0.0171875 0.0109375
14 0.5328125 0.525 0.0234375 0.015625
5 0.853125 0.4765625 0.234375 0.1109375
14 0.5359375 0.44375 0.3703125 0.090625
14 0.9609375 0.390625 0.0203125 0.0125
14 0.940625 0.3515625 0.0578125 0.009375
14 0.8328125 0.3515625 0.103125 0.0078125
3 0.7765625 0.3515625 0.00625 0.009375
3 0.9046875 0.3515625 0.00625 0.009375
14 0.6578125 0.315625 0.0796875 0.0078125
3 0.6109375 0.3140625 0.00625 0.0078125
14 0.8359375 0.2578125 0.259375 0.05
14 0.925 0.2171875 0.0828125 0.0125
14 0.846875 0.2171875 0.0484375 0.0125
14 0.91875 0.2 0.09375 0.0125
7 0.9109375 0.2 0.0796875 0.0125
5 0.8609375 0.2 0.0140625 0.015625
5 0.8015625 0.2171875 0.01875 0.0125
14 0.7828125 0.2171875 0.015625 0.0140625
14 0.8390625 0.153125 0.2546875 0.0296875
14 0.521875 0.24375 0.2484375 0.0765625
14 0.6046875 0.1890625 0.08125 0.0125
14 0.5265625 0.190625 0.046875 0.0109375
14 0.5984375 0.171875 0.0953125 0.0125
7 0.590625 0.171875 0.0796875 0.0109375
5 0.540625 0.171875 0.0140625 0.015625
5 0.4828125 0.1890625 0.0171875 0.0109375
14 0.4625 0.1890625 0.015625 0.0140625
14 0.5078125 0.1359375 0.278125 0.0140625