16 0.5 0.1578125 0.9984375 0.0625
9 0.5 0.2109375 0.996875 0.040625
3 0.0609375 0.1578125 0.0171875 0.0109375
5 0.5 0.15625 0.2421875 0.025
15 0.8234375 0.1578125 0.1 0.03125
14 0.825 0.1578125 0.071875 0.009375
14 0.9015625 0.1609375 0.0328125 0.0109375
3 0.9390625 0.1578125 0.0171875 0.015625
14 0.0828125 0.2140625 0.0875 0.009375
14 0.1703125 0.2140625 0.0390625 0.009375
14 0.2296875 0.2140625 0.03125 0.0078125
14 0.3 0.2140625 0.0578125 0.009375
14 0.4078125 0.2140625 0.1046875 0.0078125
14 0.5140625 0.2140625 0.05625 0.009375
14 0.6109375 0.2140625 0.0875 0.009375
14 0.709375 0.2140625 0.0640625 0.009375
14 0.803125 0.2140625 0.0734375 0.009375
14 0.8921875 0.2140625 0.053125 0.009375
14 0.9515625 0.2140625 0.01875 0.0078125
14 0.0828125 0.2734375 0.084375 0.0359375
14 0.515625 0.275 0.7 0.040625
14 0.925 0.265625 0.0671875 0.009375
3 0.9015625 0.2796875 0.00625 0.0109375
4 0.5015625 0.6078125 0.5859375 0.4890625
14 0.065625 0.5375 0.053125 0.009375
14 0.1546875 0.5390625 0.1 0.0171875
14 0.0921875 0.5890625 0.10625 0.0140625
14 0.13125 0.6359375 0.1515625 0.0484375
14 0.0765625 0.6765625 0.046875 0.0109375
14 0.1296875 0.740625 0.153125 0.0515625
14 0.075 0.78125 0.04375 0.0109375
14 0.128125 0.8453125 0.1484375 0.0515625