5 0.509375 0.490625 0.3421875 0.425
16 0.5 0.1828125 0.996875 0.1140625
14 0.0328125 0.1421875 0.0515625 0.0140625
14 0.0875 0.1421875 0.025 0.0125
14 0.1390625 0.1421875 0.0515625 0.0125
3 0.1796875 0.1421875 0.0171875 0.015625
3 0.2046875 0.1421875 0.015625 0.015625
3 0.2296875 0.140625 0.015625 0.015625
3 0.0171875 0.1953125 0.0328125 0.0375
14 0.1 0.2 0.11875 0.0265625
14 0.221875 0.225 0.046875 0.0125
14 0.2828125 0.225 0.05 0.0125
14 0.3453125 0.225 0.046875 0.0125
14 0.4125 0.225 0.0625 0.0109375
14 0.4796875 0.225 0.046875 0.0140625
14 0.5515625 0.225 0.071875 0.0109375
14 0.6375 0.225 0.06875 0.0125
14 0.7828125 0.1421875 0.0515625 0.0140625
3 0.7453125 0.1421875 0.0140625 0.015625
3 0.8359375 0.1421875 0.0171875 0.0171875
14 0.875 0.1421875 0.05 0.0140625
14 0.93125 0.1421875 0.028125 0.0125
14 0.978125 0.1421875 0.025 0.0125
6 0.5703125 0.19375 0.74375 0.040625
1 0.909375 0.19375 0.05625 0.03125
3 0.909375 0.19375 0.0140625 0.0140625
14 0.2578125 0.19375 0.09375 0.0125
3 0.309375 0.19375 0.0046875 0.00625
3 0.9671875 0.2 0.025 0.025
5 0.3890625 0.3859375 0.7765625 0.228125
5 0.890625 0.3265625 0.2140625 0.1109375
4 0.890625 0.44375 0.2140625 0.1109375
5 0.5 0.7046875 0.9953125 0.1390625
14 0.0578125 0.5859375 0.046875 0.0140625
1 0.059375 0.55 0.04375 0.0421875
5 0.059375 0.55 0.034375 0.0171875
1 0.1765625 0.55 0.0453125 0.04375
14 0.175 0.5859375 0.0515625 0.015625
1 0.29375 0.55 0.04375 0.04375
5 0.29375 0.55 0.028125 0.0234375
14 0.2921875 0.5859375 0.0640625 0.0125
5 0.175 0.5515625 0.03125 0.0265625
1 0.6453125 0.5484375 0.0421875 0.04375
5 0.6453125 0.55 0.0171875 0.0328125
14 0.64375 0.5859375 0.0375 0.0125
1 0.7625 0.55 0.0453125 0.0421875
5 0.7625 0.55 0.0296875 0.0296875
14 0.7609375 0.5859375 0.053125 0.0140625
1 0.8796875 0.55 0.04375 0.04375
5 0.8796875 0.55 0.034375 0.028125
14 0.878125 0.584375 0.05 0.0125
1 0.9875 0.55 0.021875 0.040625
5 0.9890625 0.55 0.0171875 0.0296875
14 0.98125 0.5859375 0.034375 0.0140625