16 0.5015625 0.8484375 0.996875 0.053125
5 0.9 0.8484375 0.1546875 0.0234375
12 0.7640625 0.8453125 0.0609375 0.0109375
14 0.7703125 0.8453125 0.046875 0.0109375
3 0.7375 0.8453125 0.0078125 0.003125
12 0.68125 0.8453125 0.071875 0.0109375
14 0.6875 0.8453125 0.0578125 0.0109375
3 0.6484375 0.8453125 0.00625 0.003125
12 0.5859375 0.8453125 0.078125 0.0109375
14 0.5921875 0.8453125 0.065625 0.0109375
3 0.55 0.8453125 0.00625 0.003125
12 0.503125 0.8453125 0.0515625 0.009375
14 0.509375 0.8453125 0.0390625 0.009375
3 0.4796875 0.8453125 0.0046875 0.003125
14 0.3515625 0.84375 0.040625 0.0140625
3 0.3046875 0.8453125 0.0203125 0.0203125
14 0.2671875 0.84375 0.0421875 0.0140625
12 0.259375 0.84375 0.05625 0.0140625
3 0.234375 0.8453125 0.0078125 0.0046875
15 0.1875 0.846875 0.0609375 0.0390625
14 0.1875 0.8453125 0.0359375 0.0140625
15 0.1140625 0.846875 0.06875 0.0375
14 0.1140625 0.8453125 0.04375 0.0125
14 0.046875 0.8453125 0.03125 0.0109375
6 0.5 0.7890625 0.9515625 0.046875
3 0.9515625 0.790625 0.01875 0.0140625
12 0.884375 0.7875 0.084375 0.0140625
14 0.8921875 0.7875 0.0703125 0.0140625
3 0.8453125 0.7875 0.00625 0.0046875
14 0.7515625 0.7875 0.1203125 0.015625
3 0.046875 0.7875 0.01875 0.0203125
0 0.5 0.5796875 0.996875 0.5859375
14 0.4984375 0.6140625 0.478125 0.04375
15 0.4984375 0.4796875 0.309375 0.046875
14 0.4984375 0.478125 0.153125 0.0140625
14 0.5 0.4296875 0.06875 0.0125
1 0.95625 0.54375 0.0390625 0.0390625
3 0.95625 0.54375 0.0078125 0.0109375
1 0.0421875 0.54375 0.0390625 0.0375
3 0.0421875 0.54375 0.0078125 0.0109375
14 0.5 0.553125 0.7671875 0.05
14 0.5125 0.2359375 0.4859375 0.01875
15 0.5 0.184375 0.365625 0.0484375
14 0.5 0.18125 0.209375 0.015625
3 0.0234375 0.2609375 0.0140625 0.0140625