16 0.5 0.1875 0.996875 0.046875
14 0.5 0.1453125 0.2296875 0.015625
5 0.5046875 0.1875 0.2078125 0.0296875
3 0.03125 0.1875 0.015625 0.0125
3 0.971875 0.1875 0.0171875 0.0171875
5 0.496875 0.3359375 0.153125 0.1484375
14 0.5015625 0.4515625 0.3375 0.0515625
14 0.5015625 0.521875 0.2921875 0.0453125
14 0.5015625 0.5578125 0.13125 0.0171875
14 0.1015625 0.6671875 0.1546875 0.0203125
14 0.9484375 0.66875 0.05625 0.0140625
5 0.1015625 0.7875 0.1578125 0.1703125
5 0.290625 0.7875 0.1609375 0.1734375
5 0.48125 0.7890625 0.159375 0.1703125
5 0.671875 0.7875 0.1625 0.171875
5 0.8609375 0.7875 0.15625 0.1703125
1 0.959375 0.8265625 0.034375 0.08125
3 0.9609375 0.8265625 0.01875 0.034375