16 0.4984375 0.4015625 0.9953125 0.0625
4 0.5046875 0.2453125 0.9515625 0.2359375
14 0.4984375 0.7796875 0.934375 0.05
14 0.8015625 0.403125 0.0421875 0.0171875
5 0.7484375 0.5796875 0.4984375 0.2796875
14 0.68125 0.4046875 0.0734375 0.0125
3 0.7625 0.4046875 0.0234375 0.0140625
14 0.559375 0.4046875 0.0984375 0.0109375
14 0.4015625 0.4046875 0.0859375 0.015625
14 0.253125 0.4046875 0.078125 0.009375
14 0.1 0.403125 0.05 0.015625
3 0.0375 0.403125 0.01875 0.0171875
3 0.3421875 0.4046875 0.015625 0.0109375
3 0.4921875 0.403125 0.0140625 0.0109375
14 0.284375 0.553125 0.4265625 0.078125
14 0.359375 0.6296875 0.2828125 0.028125
14 0.365625 0.671875 0.2125 0.0234375
14 0.4015625 0.7 0.1421875 0.01875
5 0.93125 0.403125 0.08125 0.0390625
14 0.4953125 0.203125 0.28125 0.0984375
14 0.4984375 0.3 0.23125 0.05
15 0.1703125 0.2484375 0.196875 0.0640625
12 0.7859375 0.4046875 0.078125 0.0234375
12 0.5484375 0.4046875 0.1296875 0.0234375
12 0.3875 0.403125 0.115625 0.0234375