16 0.5 0.1953125 0.996875 0.05
3 0.9671875 0.146875 0.0234375 0.0234375
5 0.9171875 0.19375 0.10625 0.021875
14 0.7828125 0.1953125 0.0515625 0.01875
14 0.7109375 0.1953125 0.0625 0.0109375
12 0.63125 0.196875 0.04375 0.0125
3 0.6140625 0.2 0.00625 0.0046875
14 0.19375 0.196875 0.0859375 0.0125
12 0.0921875 0.196875 0.0515625 0.0125
3 0.0703125 0.2 0.0078125 0.0046875
14 0.053125 0.146875 0.0640625 0.0109375
14 0.603125 0.1484375 0.684375 0.0140625
0 0.5078125 0.4828125 0.95625 0.48125
14 0.7703125 0.3703125 0.28125 0.1234375
14 0.7609375 0.4703125 0.3 0.0203125
14 0.7375 0.5203125 0.346875 0.03125
15 0.81875 0.6046875 0.1875 0.05
14 0.81875 0.6046875 0.1234375 0.015625
14 0.8203125 0.6453125 0.0828125 0.0140625
5 0.74375 0.8125 0.4546875 0.1203125
5 0.2578125 0.8125 0.4578125 0.121875