16 0.5 0.221875 0.996875 0.1125
9 0.5 0.14375 0.996875 0.0359375
5 0.0515625 0.14375 0.075 0.015625
14 0.1234375 0.14375 0.021875 0.009375
14 0.2078125 0.14375 0.090625 0.0109375
14 0.30625 0.14375 0.0484375 0.009375
14 0.39375 0.14375 0.0703125 0.0109375
14 0.49375 0.1453125 0.0734375 0.0125
14 0.5953125 0.14375 0.075 0.0109375
14 0.675 0.1453125 0.025 0.0109375
5 0.8078125 0.14375 0.13125 0.0140625
5 0.94375 0.14375 0.0828125 0.0140625
3 0.846875 0.19375 0.0171875 0.01875
14 0.8828125 0.19375 0.0453125 0.0125
14 0.9609375 0.1953125 0.046875 0.015625
14 0.8765625 0.25 0.146875 0.0171875
14 0.5984375 0.2515625 0.1078125 0.0203125
14 0.7265625 0.2484375 0.0828125 0.01875
14 0.3390625 0.25 0.14375 0.01875
14 0.478125 0.25 0.06875 0.01875
5 0.125 0.24375 0.221875 0.065625
5 0.0265625 0.296875 0.0234375 0.0234375
14 0.1953125 0.296875 0.2984375 0.009375
5 0.5 0.453125 0.7109375 0.0890625
14 0.8390625 0.296875 0.06875 0.009375
3 0.9 0.2953125 0.0171875 0.0171875
3 0.9390625 0.2953125 0.0171875 0.015625
3 0.971875 0.2953125 0.009375 0.015625
5 0.1109375 0.696875 0.1921875 0.128125
14 0.059375 0.7765625 0.0890625 0.009375
14 0.10625 0.8234375 0.18125 0.0703125
5 0.5 0.753125 0.546875 0.2390625
14 0.846875 0.6390625 0.10625 0.009375
14 0.884375 0.665625 0.1828125 0.0265625
14 0.8296875 0.7078125 0.0734375 0.0109375
14 0.884375 0.740625 0.18125 0.040625
14 0.8265625 0.790625 0.0640625 0.009375
14 0.8765625 0.8234375 0.165625 0.0390625
14 0.8890625 0.86875 0.190625 0.009375