5 0.0609375 0.85 0.0359375 0.0359375
14 0.1375 0.85 0.0796875 0.015625
6 0.3328125 0.85 0.2453125 0.0265625
14 0.24375 0.85 0.04375 0.0140625
3 0.4390625 0.85 0.015625 0.0140625
15 0.771875 0.85 0.078125 0.028125
14 0.85625 0.85 0.034375 0.015625
14 0.921875 0.85 0.04375 0.015625
14 0.0609375 0.8125 0.034375 0.0109375
14 0.11875 0.8109375 0.0421875 0.0125
14 0.5890625 0.8125 0.121875 0.0109375
14 0.728125 0.8125 0.115625 0.009375
14 0.88125 0.8109375 0.1171875 0.0140625
9 0.5 0.8125 0.9984375 0.028125
0 0.5 0.653125 0.9984375 0.2875
14 0.4984375 0.74375 0.440625 0.034375
14 0.5 0.7 0.8109375 0.021875
14 0.5 0.6375 0.225 0.0203125
5 0.1875 0.4875 0.290625 0.1640625
5 0.5 0.4875 0.2921875 0.1640625
5 0.8125 0.503125 0.290625 0.190625
14 0.109375 0.3578125 0.11875 0.0109375
14 0.1765625 0.3234375 0.25 0.0359375
14 0.4171875 0.35625 0.1078125 0.015625
14 0.4828125 0.3359375 0.2390625 0.0125
14 0.7421875 0.3578125 0.1328125 0.0125
14 0.80625 0.3234375 0.2625 0.0359375
14 0.0921875 0.2703125 0.0828125 0.0125
3 0.2234375 0.2703125 0.0203125 0.01875
3 0.2640625 0.271875 0.01875 0.0171875
3 0.30625 0.2703125 0.0203125 0.01875
14 0.4046875 0.2703125 0.0828125 0.0125
3 0.5359375 0.2703125 0.01875 0.01875
3 0.5765625 0.271875 0.01875 0.0171875
3 0.61875 0.2703125 0.0203125 0.0171875
14 0.7171875 0.2703125 0.0828125 0.0125
3 0.846875 0.2703125 0.0203125 0.01875
3 0.890625 0.271875 0.0171875 0.0171875
3 0.93125 0.2703125 0.01875 0.01875
14 0.159375 0.1828125 0.234375 0.021875
14 0.9390625 0.18125 0.040625 0.0171875