5 0.1046875 0.15625 0.171875 0.0359375
9 0.478125 0.1578125 0.2875 0.0640625
14 0.3765625 0.1578125 0.05 0.0140625
14 0.44375 0.159375 0.040625 0.01875
14 0.4984375 0.159375 0.0296875 0.01875
12 0.5734375 0.1578125 0.08125 0.015625
14 0.5671875 0.1578125 0.0671875 0.0140625
3 0.6078125 0.1578125 0.009375 0.009375
15 0.7859375 0.1578125 0.103125 0.0375
14 0.8796875 0.1578125 0.0421875 0.0171875
3 0.921875 0.1578125 0.01875 0.0203125
3 0.9546875 0.15625 0.025 0.01875
14 0.5015625 0.3265625 0.8875 0.10625
14 0.5 0.4171875 0.6421875 0.021875
15 0.4203125 0.4828125 0.15625 0.040625
15 0.5828125 0.4828125 0.1515625 0.0421875
14 0.5921875 0.48125 0.084375 0.0140625
3 0.5375 0.48125 0.0125 0.0125
5 0.1375 0.6734375 0.253125 0.253125
14 0.1375 0.8171875 0.0921875 0.0125
14 0.4109375 0.81875 0.0375 0.0140625
14 0.684375 0.8171875 0.028125 0.0125
5 0.4109375 0.6734375 0.253125 0.2546875
5 0.6828125 0.728125 0.253125 0.1421875
5 0.9140625 0.7046875 0.16875 0.190625
14 0.9578125 0.81875 0.06875 0.015625