14 0.9078125 0.84375 0.109375 0.0171875
3 0.9734375 0.8453125 0.0171875 0.0140625
14 0.5 0.759375 0.15 0.015625
5 0.5 0.4953125 0.6234375 0.4671875
14 0.0484375 0.2375 0.0578125 0.0125
14 0.125 0.2359375 0.053125 0.0140625
14 0.25 0.234375 0.1515625 0.0140625
14 0.3921875 0.2359375 0.0921875 0.0140625
14 0.5078125 0.2359375 0.0921875 0.015625
14 0.6078125 0.2359375 0.0625 0.0109375
14 0.8640625 0.2359375 0.090625 0.0140625
14 0.9515625 0.234375 0.0390625 0.015625
14 0.428125 0.16875 0.8015625 0.0453125
15 0.903125 0.1671875 0.1359375 0.0375
9 0.5 0.2375 0.996875 0.0234375