4 0.5 0.7453125 0.9984375 0.2578125
5 0.5 0.5765625 0.1359375 0.0328125
6 0.14375 0.575 0.2375 0.0296875
3 0.0390625 0.575 0.0234375 0.025
14 0.0765625 0.575 0.0390625 0.0125
9 0.825 0.5765625 0.3234375 0.0328125
14 0.7015625 0.575 0.0625 0.0140625
14 0.7671875 0.575 0.04375 0.0109375
14 0.8328125 0.575 0.0609375 0.0125
14 0.9 0.575 0.05 0.0125
14 0.95625 0.5734375 0.0359375 0.0125
9 0.5 0.5328125 0.9453125 0.0265625
14 0.128125 0.5328125 0.0765625 0.0140625
14 0.2046875 0.5328125 0.0546875 0.0125
14 0.26875 0.5328125 0.0453125 0.0140625
14 0.346875 0.5328125 0.08125 0.0125
14 0.425 0.53125 0.046875 0.0125
14 0.4828125 0.5328125 0.04375 0.0140625
14 0.5578125 0.5328125 0.0765625 0.0109375
14 0.634375 0.5328125 0.0484375 0.0109375
14 0.6953125 0.5328125 0.0421875 0.0125
14 0.8203125 0.5328125 0.1828125 0.0109375
14 0.0875 0.484375 0.1 0.015625
14 0.3 0.484375 0.28125 0.015625
14 0.1 0.4375 0.1484375 0.015625
14 0.359375 0.4015625 0.66875 0.0390625
14 0.2921875 0.2 0.4890625 0.11875
1 0.90625 0.2 0.0671875 0.03125
14 0.915625 0.2 0.0171875 0.0109375
3 0.8984375 0.2 0.0125 0.0125
14 0.790625 0.196875 0.084375 0.0140625
3 0.7390625 0.2015625 0.0078125 0.0125
5 0.5 0.3234375 0.9765625 0.0875