5 0.1046875 0.8359375 0.128125 0.0421875
9 0.7421875 0.8359375 0.5125 0.0765625
14 0.553125 0.834375 0.065625 0.0171875
14 0.6359375 0.8328125 0.034375 0.0171875
14 0.7234375 0.834375 0.075 0.015625
14 0.8546875 0.8328125 0.0546875 0.0171875
14 0.9359375 0.8328125 0.046875 0.0203125
14 0.5015625 0.66875 0.9046875 0.159375
14 0.5 0.525 0.55625 0.0296875
14 0.4984375 0.3546875 0.6015625 0.03125
14 0.5 0.18125 0.4375 0.0765625
15 0.39375 0.428125 0.2109375 0.046875
15 0.609375 0.4265625 0.203125 0.0484375