5 0.49375 0.1515625 0.128125 0.034375
14 0.746875 0.1546875 0.053125 0.01875
15 0.8765625 0.153125 0.1 0.0265625
3 0.9625 0.1546875 0.0171875 0.0171875
14 0.0796875 0.1515625 0.04375 0.0140625
3 0.034375 0.1515625 0.0328125 0.0234375
5 0.5015625 0.284375 0.3578125 0.053125
14 0.5015625 0.3359375 0.421875 0.034375
15 0.4953125 0.39375 0.1546875 0.0421875
5 0.1640625 0.56875 0.125 0.0421875
5 0.490625 0.5671875 0.1625 0.0421875
5 0.81875 0.56875 0.225 0.04375
5 0.05625 0.659375 0.071875 0.071875
5 0.05625 0.659375 0.071875 0.071875
5 0.05625 0.659375 0.071875 0.071875
5 0.05625 0.7515625 0.071875 0.071875
5 0.0578125 0.840625 0.071875 0.0671875
5 0.384375 0.659375 0.071875 0.071875
5 0.384375 0.7515625 0.071875 0.071875
5 0.384375 0.7515625 0.071875 0.071875
5 0.3859375 0.840625 0.0703125 0.0671875
14 0.1875 0.65 0.1640625 0.046875
14 0.1546875 0.6890625 0.1 0.0125
14 0.3046875 0.684375 0.0109375 0.0078125
14 0.1875 0.740625 0.1625 0.046875
14 0.134375 0.7828125 0.059375 0.0125
14 0.3046875 0.778125 0.0109375 0.0078125
3 0.2890625 0.6859375 0.0125 0.0125
3 0.2890625 0.778125 0.0125 0.0125
14 0.1828125 0.8328125 0.15625 0.0484375
14 0.1515625 0.8703125 0.090625 0.00625
14 0.3078125 0.86875 0.00625 0.0078125
3 0.29375 0.86875 0.0109375 0.009375
14 0.5140625 0.6484375 0.165625 0.0484375
14 0.4859375 0.6890625 0.1078125 0.0125
14 0.63125 0.684375 0.0109375 0.0078125
3 0.615625 0.684375 0.0140625 0.0109375
14 0.509375 0.740625 0.153125 0.0453125
14 0.4828125 0.7828125 0.1015625 0.0109375
14 0.63125 0.778125 0.0109375 0.009375
3 0.615625 0.7765625 0.0140625 0.0125
14 0.5140625 0.8328125 0.165625 0.0453125
14 0.484375 0.8703125 0.10625 0.00625
14 0.63125 0.86875 0.0109375 0.0078125
3 0.615625 0.86875 0.0140625 0.009375
5 0.7109375 0.659375 0.071875 0.071875
5 0.7109375 0.753125 0.071875 0.071875
5 0.7109375 0.8484375 0.071875 0.053125
14 0.8359375 0.640625 0.15625 0.0328125
14 0.81875 0.6734375 0.121875 0.0109375
14 0.834375 0.75 0.1515625 0.065625
14 0.8 0.7984375 0.08125 0.0109375
14 0.8359375 0.8328125 0.1515625 0.028125
14 0.8 0.8671875 0.08125 0.0109375
14 0.9578125 0.66875 0.0125 0.0078125
14 0.9609375 0.7953125 0.00625 0.009375
14 0.95625 0.8625 0.0171875 0.009375
3 0.9421875 0.66875 0.0125 0.0125
3 0.946875 0.79375 0.0140625 0.0125
3 0.9390625 0.8625 0.0125 0.0125