14 0.6796875 0.665625 0.4125 0.0609375
15 0.815625 0.7625 0.1453125 0.040625
14 0.590625 0.853125 0.790625 0.0140625
15 0.146875 0.8546875 0.0796875 0.0171875
15 0.0625 0.8546875 0.06875 0.021875
5 0.21875 0.55 0.434375 0.5578125
14 0.6859375 0.390625 0.4109375 0.0765625
14 0.8125 0.49375 0.159375 0.0734375
14 0.70625 0.575 0.3703125 0.053125
5 0.5671875 0.2890625 0.26875 0.0296875
14 0.8875 0.2078125 0.0828125 0.0234375
3 0.9734375 0.2078125 0.0203125 0.01875
14 0.8171875 0.1546875 0.1828125 0.0234375
5 0.9484375 0.1515625 0.0734375 0.0234375
16 0.4984375 0.15625 0.99375 0.04375