5 0.121875 0.15 0.14375 0.03125
3 0.021875 0.1515625 0.0203125 0.015625
15 0.2484375 0.15 0.0828125 0.028125
14 0.3390625 0.1515625 0.0640625 0.0125
14 0.434375 0.1515625 0.0609375 0.0125
6 0.671875 0.1515625 0.35625 0.03125
14 0.5515625 0.1515625 0.053125 0.0109375
3 0.5109375 0.1515625 0.0203125 0.0203125
15 0.8953125 0.1515625 0.05625 0.03125
15 0.959375 0.1515625 0.0640625 0.0296875
5 0.5 0.41875 0.9984375 0.4875
14 0.4984375 0.340625 0.59375 0.0515625
14 0.4984375 0.43125 0.378125 0.0765625
15 0.4296875 0.515625 0.1359375 0.0421875
15 0.5734375 0.515625 0.1328125 0.040625
14 0.5 0.7484375 0.465625 0.034375
14 0.475 0.85 0.7390625 0.0140625
3 0.875 0.8484375 0.0171875 0.015625