11 0.8671875 0.5703125 0.2359375 0.4515625
14 0.921875 0.75625 0.0671875 0.0171875
14 0.8765625 0.715625 0.153125 0.015625
14 0.8734375 0.55625 0.1609375 0.2828125
14 0.875 0.3828125 0.159375 0.01875
14 0.6984375 0.775 0.0625 0.0140625
12 0.5875 0.775 0.2953125 0.040625
3 0.4546875 0.7765625 0.0078125 0.00625
3 0.028125 0.7765625 0.0078125 0.00625
14 0.196875 0.775 0.0609375 0.0140625
12 0.1265625 0.775 0.2203125 0.0390625
14 0.2625 0.8421875 0.0453125 0.01875
14 0.1921875 0.84375 0.059375 0.0203125
15 0.190625 0.8421875 0.0796875 0.0453125
3 0.121875 0.8453125 0.0171875 0.0171875
1 0.121875 0.84375 0.040625 0.0421875
1 0.075 0.84375 0.0390625 0.040625
3 0.0734375 0.8421875 0.01875 0.01875
3 0.025 0.84375 0.021875 0.0203125
1 0.025 0.84375 0.025 0.025
14 0.8875 0.8421875 0.1015625 0.0203125
5 0.9671875 0.84375 0.0359375 0.0390625
16 0.5 0.84375 0.996875 0.0578125
5 0.7140625 0.7296875 0.021875 0.021875
14 0.534375 0.7296875 0.3171875 0.015625
14 0.5375 0.70625 0.375 0.0171875
14 0.3875 0.6859375 0.675 0.0140625
3 0.7125 0.65625 0.01875 0.0171875
5 0.6890625 0.6546875 0.0171875 0.0171875
14 0.6484375 0.65625 0.0453125 0.015625
3 0.6171875 0.6578125 0.0078125 0.0046875
14 0.5625 0.65625 0.0203125 0.0125
3 0.5859375 0.65625 0.0109375 0.0046875
3 0.5125 0.65625 0.015625 0.015625
3 0.453125 0.6546875 0.015625 0.0140625
14 0.496875 0.65625 0.00625 0.0125
5 0.7140625 0.6109375 0.0234375 0.021875
14 0.54375 0.6109375 0.3015625 0.015625
14 0.5328125 0.5875 0.3671875 0.015625
14 0.4140625 0.565625 0.6203125 0.015625
3 0.7140625 0.534375 0.01875 0.0171875
5 0.690625 0.5359375 0.01875 0.0171875
14 0.6484375 0.5359375 0.0484375 0.0140625
3 0.6171875 0.5375 0.0078125 0.0046875
3 0.5859375 0.5359375 0.009375 0.00625
3 0.5109375 0.534375 0.015625 0.0171875
3 0.453125 0.534375 0.0125 0.0109375
14 0.4953125 0.5375 0.0078125 0.0125
14 0.5625 0.5359375 0.0203125 0.0109375
12 0.64375 0.65625 0.059375 0.015625
12 0.6421875 0.5359375 0.0625 0.0171875
5 0.7140625 0.490625 0.0234375 0.0234375
14 0.540625 0.490625 0.3046875 0.015625
14 0.3609375 0.465625 0.4484375 0.015625
14 0.3046875 0.446875 0.559375 0.0125
3 0.5734375 0.4140625 0.01875 0.0171875
3 0.5484375 0.4140625 0.0171875 0.0171875
14 0.5125 0.415625 0.0390625 0.0125
3 0.4828125 0.4171875 0.009375 0.0046875
12 0.5046875 0.415625 0.05625 0.0140625
3 0.4515625 0.4140625 0.0109375 0.00625
3 0.378125 0.415625 0.0171875 0.015625
3 0.3125 0.4140625 0.0140625 0.0125
14 0.359375 0.415625 0.0140625 0.0109375
14 0.428125 0.415625 0.021875 0.0140625
5 0.6609375 0.4375 0.1296875 0.075
5 0.7140625 0.3625 0.0234375 0.025
5 0.6625 0.3109375 0.128125 0.065625
5 0.6609375 0.1828125 0.128125 0.078125
5 0.7125 0.2359375 0.025 0.025
14 0.54375 0.3625 0.3 0.015625
14 0.4046875 0.3375 0.3640625 0.0171875
14 0.309375 0.31875 0.55 0.0171875
14 0.509375 0.234375 0.3703125 0.015625
14 0.3875 0.2109375 0.3953125 0.01875
14 0.303125 0.1921875 0.5625 0.015625
14 0.5109375 0.2890625 0.040625 0.0140625
14 0.4296875 0.2890625 0.0203125 0.0109375
14 0.3625 0.2890625 0.0078125 0.0109375
14 0.3625 0.1625 0.00625 0.0125
14 0.4296875 0.1625 0.0203125 0.0125
14 0.5125 0.1625 0.040625 0.015625
3 0.571875 0.2875 0.01875 0.0171875
3 0.5484375 0.2890625 0.0171875 0.015625
3 0.484375 0.290625 0.0078125 0.00625
3 0.4515625 0.2890625 0.0078125 0.0046875
3 0.378125 0.2890625 0.0140625 0.0140625
3 0.31875 0.2875 0.0140625 0.0109375
3 0.31875 0.159375 0.0125 0.0109375
3 0.378125 0.159375 0.015625 0.0140625
3 0.4515625 0.159375 0.0078125 0.00625
3 0.484375 0.1625 0.009375 0.0046875
3 0.5484375 0.159375 0.015625 0.0171875
3 0.5734375 0.159375 0.0171875 0.01875
12 0.5046875 0.2890625 0.0546875 0.0171875
12 0.5046875 0.1609375 0.05625 0.01875
1 0.4515625 0.653125 0.0171875 0.0171875
1 0.4515625 0.534375 0.015625 0.015625
1 0.3125 0.4125 0.01875 0.015625
1 0.31875 0.2859375 0.01875 0.0140625
1 0.31875 0.159375 0.0171875 0.015625