0 0.5 0.5 0.9984375 0.74375
14 0.496875 0.425 0.409375 0.165625
16 0.4984375 0.165625 0.9953125 0.0796875
5 0.0625 0.1671875 0.0359375 0.03125
14 0.121875 0.1671875 0.0703125 0.0234375
14 0.3203125 0.16875 0.040625 0.015625
14 0.40625 0.1671875 0.040625 0.015625
14 0.5125 0.16875 0.078125 0.01875
14 0.6390625 0.16875 0.084375 0.015625
9 0.490625 0.16875 0.384375 0.01875
14 0.8875 0.16875 0.084375 0.0140625
15 0.8875 0.16875 0.1328125 0.046875
14 0.903125 0.571875 0.1 0.015625
14 0.9109375 0.63125 0.0609375 0.0140625
14 0.9109375 0.653125 0.059375 0.0125
14 0.921875 0.703125 0.0375 0.0125
14 0.909375 0.7265625 0.0578125 0.015625
14 0.8984375 0.7796875 0.08125 0.015625
14 0.9171875 0.8015625 0.046875 0.015625
5 0.7953125 0.675 0.0921875 0.0796875
5 0.671875 0.8515625 0.071875 0.0453125
5 0.159375 0.6390625 0.1 0.1015625
14 0.8609375 0.659375 0.0203125 0.0078125
14 0.5890625 0.6078125 0.04375 0.0078125
5 0.5578125 0.590625 0.0765625 0.0921875
14 0.19375 0.6640625 0.0203125 0.009375
14 0.2125 0.7796875 0.059375 0.0140625
14 0.2125 0.8015625 0.025 0.0140625
14 0.1015625 0.7796875 0.0640625 0.0140625
14 0.103125 0.8015625 0.08125 0.0125
14 0.321875 0.7796875 0.0734375 0.0140625
14 0.321875 0.8015625 0.0140625 0.0125
14 0.421875 0.6984375 0.040625 0.009375
5 0.3796875 0.7671875 0.0578125 0.11875