5 0.8890625 0.821875 0.1484375 0.05625
14 0.7359375 0.8234375 0.046875 0.0171875
14 0.659375 0.8234375 0.0859375 0.01875
14 0.5796875 0.825 0.046875 0.015625
14 0.5125 0.8234375 0.0625 0.015625
15 0.21875 0.85625 0.109375 0.0265625
14 0.1453125 0.859375 0.0296875 0.015625
16 0.5015625 0.825 0.996875 0.096875
14 0.0859375 0.8578125 0.046875 0.0109375
3 0.0546875 0.85625 0.009375 0.0078125
12 0.0796875 0.8578125 0.0625 0.0140625
16 0.4984375 0.725 0.9140625 0.0328125
6 0.159375 0.7265625 0.2265625 0.028125
3 0.0578125 0.7265625 0.015625 0.01875
14 0.2015625 0.725 0.1078125 0.0171875
12 0.8015625 0.725 0.0703125 0.0140625
12 0.7109375 0.7265625 0.0796875 0.01875
3 0.7796875 0.725 0.0171875 0.0109375
12 0.9 0.725 0.0796875 0.0171875
3 0.8671875 0.725 0.0140625 0.0109375
3 0.678125 0.725 0.0078125 0.0078125
3 0.56875 0.7265625 0.0078125 0.0109375
14 0.7171875 0.7265625 0.05625 0.0109375
14 0.6125 0.725 0.0578125 0.015625
14 0.5140625 0.7265625 0.0390625 0.015625
14 0.4359375 0.7265625 0.0671875 0.0140625
0 0.5015625 0.55625 0.9890625 0.4375
5 0.65625 0.203125 0.59375 0.146875
5 0.2 0.1703125 0.303125 0.071875
14 0.2359375 0.25 0.2140625 0.0203125
14 0.840625 0.3015625 0.2328125 0.0109375