14 0.240625 0.5328125 0.45 0.0734375
14 0.346875 0.615625 0.646875 0.0421875
16 0.4984375 0.84375 0.9859375 0.05
5 0.7578125 0.359375 0.48125 0.446875
15 0.078125 0.409375 0.1140625 0.034375
15 0.228125 0.4109375 0.1359375 0.0328125
14 0.3359375 0.84375 0.065625 0.0171875
14 0.0484375 0.84375 0.0625 0.0296875
14 0.4421875 0.84375 0.075 0.0140625
14 0.55 0.8421875 0.065625 0.0234375
14 0.6453125 0.8421875 0.05625 0.0203125
14 0.9375 0.8453125 0.0421875 0.0140625
3 0.9734375 0.84375 0.009375 0.009375
0 0.5046875 0.503125 0.9890625 0.734375
15 0.096875 0.7078125 0.146875 0.0265625
3 0.1609375 0.709375 0.0109375 0.0140625