14 0.8125 0.1578125 0.03125 0.0109375
14 0.8453125 0.1578125 0.028125 0.0109375
14 0.896875 0.15625 0.065625 0.0125
14 0.9625 0.159375 0.0515625 0.0125
14 0.9359375 0.1828125 0.0328125 0.0140625
14 0.9765625 0.18125 0.025 0.0125
14 0.1125 0.259375 0.078125 0.0140625
14 0.184375 0.259375 0.040625 0.0125
14 0.246875 0.259375 0.06875 0.0125
14 0.31875 0.2609375 0.05625 0.015625
14 0.3890625 0.259375 0.065625 0.0125
14 0.45 0.259375 0.0390625 0.0140625
14 0.509375 0.259375 0.0609375 0.0125
14 0.571875 0.2609375 0.046875 0.015625
14 0.625 0.259375 0.0421875 0.0125
14 0.6953125 0.259375 0.078125 0.0125
14 0.7671875 0.259375 0.046875 0.0125
14 0.8171875 0.259375 0.0359375 0.0125
14 0.859375 0.259375 0.03125 0.0125
14 0.90625 0.259375 0.0421875 0.0109375
5 0.03125 0.1625 0.0234375 0.0234375
3 0.98125 0.2625 0.01875 0.01875
14 0.0359375 0.2515625 0.0078125 0.009375
3 0.021875 0.259375 0.0203125 0.0171875
14 0.0921875 0.1578125 0.075 0.0109375
14 0.3828125 0.825 0.7078125 0.05625
14 0.88125 0.825 0.0234375 0.0125
15 0.8796875 0.825 0.1828125 0.034375
4 0.5 0.8234375 0.9984375 0.0984375
5 0.5015625 0.6265625 0.9765625 0.2953125
14 0.1640625 0.44375 0.1859375 0.0203125
14 0.1359375 0.4125 0.028125 0.0125
5 0.0921875 0.4125 0.04375 0.0125
5 0.071875 0.346875 0.0578125 0.0203125
14 0.2640625 0.3484375 0.290625 0.0203125
14 0.8703125 0.34375 0.159375 0.0140625
15 0.8703125 0.34375 0.1765625 0.0203125
0 0.5015625 0.346875 0.9765625 0.046875
14 0.5015625 0.178125 0.4140625 0.0484375
14 0.396875 0.2203125 0.0546875 0.01875
14 0.484375 0.221875 0.075 0.021875
14 0.5859375 0.221875 0.08125 0.021875
9 0.5015625 0.259375 0.85625 0.015625
9 0.89375 0.159375 0.19375 0.0125
9 0.4984375 0.221875 0.2578125 0.021875
9 0.953125 0.1828125 0.06875 0.0140625