9 0.153125 0.1359375 0.303125 0.0203125
14 0.0359375 0.1359375 0.0609375 0.0140625
14 0.109375 0.1359375 0.0578125 0.0109375
14 0.178125 0.1359375 0.0484375 0.0109375
14 0.225 0.1359375 0.0140625 0.0125
14 0.2734375 0.1359375 0.053125 0.0109375
5 0.034375 0.184375 0.053125 0.053125
9 0.3453125 0.184375 0.5203125 0.0140625
16 0.7578125 0.1859375 0.16875 0.0203125
12 0.1109375 0.184375 0.0546875 0.0125
12 0.225 0.184375 0.1359375 0.015625
12 0.3390625 0.1828125 0.053125 0.0140625
12 0.4234375 0.184375 0.078125 0.0140625
12 0.54375 0.184375 0.125 0.015625
14 0.103125 0.1828125 0.0390625 0.0140625
14 0.2171875 0.184375 0.11875 0.015625
14 0.33125 0.184375 0.0375 0.0125
14 0.415625 0.1859375 0.0625 0.015625
14 0.5359375 0.184375 0.10625 0.015625
3 0.134375 0.1828125 0.0109375 0.0109375
3 0.2875 0.1828125 0.0109375 0.009375
3 0.3609375 0.1828125 0.0125 0.0078125
3 0.4578125 0.184375 0.0140625 0.009375
3 0.6 0.184375 0.0140625 0.009375
3 0.6828125 0.184375 0.01875 0.015625
12 0.7359375 0.184375 0.0421875 0.01875
3 0.725 0.184375 0.0203125 0.0203125
3 0.7515625 0.184375 0.0125 0.0109375
3 0.790625 0.1859375 0.0203125 0.0203125
3 0.8328125 0.1859375 0.01875 0.01875
12 0.928125 0.1828125 0.13125 0.05625
14 0.9171875 0.184375 0.0765625 0.015625
3 0.9671875 0.184375 0.0125 0.009375
14 0.496875 0.259375 0.6359375 0.021875
5 0.2640625 0.54375 0.3453125 0.3953125
14 0.59375 0.36875 0.1890625 0.015625
14 0.6453125 0.453125 0.284375 0.0953125
14 0.70625 0.5546875 0.415625 0.0390625
14 0.553125 0.63125 0.10625 0.015625
14 0.7078125 0.6984375 0.4203125 0.0359375
14 0.3515625 0.84375 0.6265625 0.0515625
16 0.5 0.184375 0.996875 0.0734375