5 0.746875 0.7765625 0.0578125 0.0484375
14 0.4984375 0.66875 0.5265625 0.1359375
14 0.29375 0.5625 0.090625 0.0125
14 0.403125 0.5640625 0.0703125 0.0109375
15 0.29375 0.5640625 0.1125 0.025
15 0.403125 0.5640625 0.09375 0.025
14 0.25625 0.3890625 0.0703125 0.0125
14 0.3375 0.3890625 0.046875 0.0109375
14 0.403125 0.3890625 0.0390625 0.0109375
14 0.4546875 0.3890625 0.0234375 0.0140625
14 0.5046875 0.3890625 0.03125 0.0109375
14 0.553125 0.3890625 0.01875 0.0125
14 0.596875 0.3890625 0.0234375 0.0125
14 0.6421875 0.3890625 0.025 0.0109375
14 0.6890625 0.3890625 0.0234375 0.0125
14 0.740625 0.3890625 0.0375 0.0125
9 0.5375 0.3890625 0.446875 0.0125
11 0.5015625 0.6453125 0.60625 0.2578125