14 0.4984375 0.69375 0.296875 0.0234375
14 0.503125 0.8609375 0.071875 0.015625
14 0.484375 0.7625 0.8765625 0.0109375
5 0.9359375 0.7625 0.0125 0.0109375
14 0.8375 0.809375 0.1515625 0.015625
5 0.9421875 0.8125 0.040625 0.0203125
12 0.4953125 0.8609375 0.0921875 0.01875
3 0.4546875 0.8578125 0.009375 0.00625
3 0.2671875 0.8125 0.01875 0.0234375
14 0.2265625 0.8125 0.040625 0.0125
14 0.1421875 0.8125 0.053125 0.0125
3 0.075 0.8125 0.0203125 0.0171875
14 0.0421875 0.8140625 0.0265625 0.009375
14 0.65625 0.6234375 0.2890625 0.0109375
6 0.525 0.625 0.58125 0.05625
1 0.2046875 0.6234375 0.0484375 0.053125
3 0.2046875 0.621875 0.0203125 0.021875
15 0.4875 0.578125 0.109375 0.0203125
14 0.5015625 0.5171875 0.1421875 0.0140625
14 0.49375 0.3796875 0.39375 0.025
14 0.94375 0.315625 0.0828125 0.0109375
14 0.971875 0.278125 0.0265625 0.0109375
14 0.9203125 0.2421875 0.1296875 0.0109375
14 0.4484375 0.3140625 0.0703125 0.0125
14 0.409375 0.278125 0.1484375 0.009375
14 0.446875 0.2421875 0.0765625 0.009375
15 0.0875 0.18125 0.115625 0.03125
4 0.4984375 0.16875 0.99375 0.08125
0 0.4984375 0.590625 0.9953125 0.2734375