5 0.95 0.71875 0.0625 0.0328125
3 0.03125 0.71875 0.021875 0.0171875
14 0.5453125 0.76875 0.0515625 0.0109375
5 0.509375 0.76875 0.0125 0.0125
14 0.8015625 0.58125 0.3375 0.109375
14 0.859375 0.5046875 0.2203125 0.0140625
14 0.9265625 0.1609375 0.0859375 0.015625
14 0.44375 0.6296875 0.2 0.071875
14 0.5 0.5734375 0.084375 0.0140625
14 0.4453125 0.4859375 0.1953125 0.1078125
14 0.5078125 0.4078125 0.071875 0.0140625
14 0.4609375 0.3578125 0.1640625 0.0359375
14 0.5 0.3203125 0.0859375 0.0109375
14 0.4484375 0.259375 0.190625 0.0546875
14 0.5046875 0.2109375 0.075 0.0125
14 0.225 0.6484375 0.1734375 0.0234375
14 0.175 0.6078125 0.2734375 0.0421875
14 0.2640625 0.5484375 0.096875 0.0328125
14 0.2453125 0.4953125 0.0921875 0.0140625
15 0.2453125 0.496875 0.13125 0.040625
5 0.771875 0.375 0.3984375 0.228125
14 0.925 0.65625 0.09375 0.015625