16 0.5 0.8484375 0.996875 0.0484375
5 0.9546875 0.8484375 0.065625 0.0265625
14 0.803125 0.84375 0.2078125 0.01875
14 0.578125 0.85 0.0515625 0.0109375
14 0.484375 0.85 0.071875 0.0109375
14 0.3890625 0.8484375 0.05625 0.0109375
14 0.2828125 0.8484375 0.090625 0.0109375
14 0.1796875 0.8484375 0.046875 0.0140625
15 0.0984375 0.8484375 0.078125 0.0484375
1 0.0296875 0.8484375 0.0546875 0.0484375
3 0.028125 0.8484375 0.0265625 0.0265625
14 0.31875 0.73125 0.5203125 0.078125
5 0.796875 0.7078125 0.296875 0.1109375
14 0.7953125 0.6203125 0.1609375 0.01875
15 0.51875 0.634375 0.125 0.0453125
14 0.5 0.4484375 0.3453125 0.0390625
14 0.5 0.396875 0.5546875 0.0234375
14 0.5 0.325 0.1671875 0.01875
14 0.0859375 0.14375 0.11875 0.0140625
3 0.1640625 0.1421875 0.01875 0.00625
14 0.1921875 0.1390625 0.009375 0.0109375
15 0.890625 0.253125 0.11875 0.040625
15 0.765625 0.2515625 0.09375 0.040625
15 0.65625 0.2515625 0.0859375 0.0421875
15 0.5484375 0.2515625 0.0984375 0.040625
15 0.853125 0.196875 0.08125 0.0390625
15 0.7515625 0.1953125 0.0859375 0.0390625
15 0.6125 0.1953125 0.1546875 0.0390625
15 0.459375 0.1953125 0.1140625 0.04375
15 0.83125 0.14375 0.171875 0.03125
15 0.65 0.1421875 0.1515625 0.03125
15 0.503125 0.1421875 0.1015625 0.03125
15 0.4109375 0.2515625 0.134375 0.04375
15 0.2734375 0.2515625 0.1140625 0.040625
15 0.13125 0.2515625 0.134375 0.0375
15 0.3109375 0.196875 0.146875 0.040625
15 0.16875 0.1953125 0.103125 0.0421875
15 0.390625 0.1421875 0.0890625 0.03125
15 0.28125 0.14375 0.0890625 0.0328125
0 0.4984375 0.3484375 0.99375 0.4390625
0 0.5 0.696875 0.996875 0.2515625