0 0.5 0.40625 0.996875 0.553125
5 0.7984375 0.1640625 0.2859375 0.075
5 0.5015625 0.1640625 0.2875 0.075
5 0.2 0.1625 0.284375 0.0734375
14 0.7015625 0.50625 0.44375 0.1171875
14 0.7671875 0.4078125 0.309375 0.0390625
14 0.8515625 0.3453125 0.090625 0.0125
15 0.8515625 0.3453125 0.14375 0.0421875
14 0.634375 0.728125 0.58125 0.0171875
14 0.85 0.8390625 0.0984375 0.01875
5 0.921875 0.8421875 0.04375 0.01875
14 0.7390625 0.8375 0.0828125 0.0140625
14 0.6265625 0.8375 0.08125 0.015625
14 0.50625 0.8359375 0.1015625 0.015625
14 0.4703125 0.7765625 0.0359375 0.0109375
14 0.5515625 0.778125 0.075 0.0125
14 0.65625 0.7796875 0.084375 0.0140625
14 0.7421875 0.778125 0.0390625 0.0125
14 0.825 0.7796875 0.0828125 0.0140625
14 0.915625 0.7765625 0.0546875 0.015625
9 0.696875 0.778125 0.4953125 0.021875
14 0.178125 0.840625 0.096875 0.0140625
14 0.078125 0.840625 0.0390625 0.015625
11 0.5 0.7296875 0.884375 0.053125