4 0.4984375 0.8203125 0.7125 0.1078125
16 0.5 0.6890625 0.9953125 0.1109375
9 0.5 0.6109375 0.996875 0.0421875
14 0.8328125 0.73125 0.2515625 0.0234375
14 0.815625 0.703125 0.2890625 0.021875
15 0.8984375 0.671875 0.121875 0.0328125
14 0.909375 0.671875 0.0765625 0.0171875
3 0.8546875 0.6703125 0.021875 0.01875
15 0.7703125 0.6703125 0.115625 0.0328125
14 0.7828125 0.671875 0.071875 0.0171875
3 0.7328125 0.66875 0.01875 0.01875
14 0.509375 0.728125 0.08125 0.015625
3 0.4390625 0.7296875 0.0203125 0.0203125
14 0.4015625 0.728125 0.046875 0.01875
12 0.315625 0.7296875 0.0609375 0.0203125
3 0.290625 0.728125 0.0078125 0.009375
14 0.321875 0.7296875 0.04375 0.0171875
3 0.359375 0.7296875 0.0203125 0.025
12 0.0875 0.7296875 0.09375 0.028125
3 0.0515625 0.728125 0.0125 0.0109375
14 0.0953125 0.728125 0.0703125 0.0203125
5 0.184375 0.69375 0.29375 0.096875
14 0.93125 0.6125 0.0578125 0.0203125
14 0.784375 0.6125 0.0890625 0.025
14 0.6671875 0.6125 0.059375 0.028125
14 0.528125 0.6125 0.0796875 0.025
14 0.390625 0.6125 0.090625 0.0265625
12 0.2734375 0.6125 0.0703125 0.034375
3 0.246875 0.6109375 0.0125 0.0140625
14 0.28125 0.6109375 0.046875 0.021875
14 0.8921875 0.56875 0.1359375 0.0234375
14 0.7953125 0.5703125 0.046875 0.01875
14 0.721875 0.56875 0.0921875 0.0203125
14 0.646875 0.56875 0.0484375 0.015625
14 0.578125 0.56875 0.0734375 0.0265625
14 0.5046875 0.5671875 0.0609375 0.0171875
14 0.4484375 0.56875 0.03125 0.01875
14 0.4 0.56875 0.0546875 0.021875
14 0.8890625 0.5125 0.1421875 0.028125
14 0.8703125 0.484375 0.1859375 0.0203125
14 0.8765625 0.4046875 0.1703125 0.034375
14 0.6390625 0.3484375 0.65 0.075
14 0.6453125 0.2765625 0.6375 0.0484375
12 0.8328125 0.234375 0.2609375 0.025
12 0.9109375 0.2078125 0.1015625 0.025
3 0.953125 0.2359375 0.0109375 0.0109375
3 0.9515625 0.2125 0.0125 0.0125
14 0.821875 0.234375 0.2328125 0.0171875
14 0.9015625 0.209375 0.075 0.01875
15 0.8609375 0.1578125 0.1953125 0.04375
15 0.7 0.1578125 0.103125 0.046875
14 0.7015625 0.15625 0.06875 0.0203125
14 0.846875 0.15625 0.125 0.021875
3 0.9328125 0.1578125 0.025 0.0203125