14 0.4890625 0.1515625 0.2 0.015625
3 0.978125 0.1484375 0.0140625 0.0140625
11 0.5 0.15 0.9984375 0.0484375
5 0.0859375 0.2 0.14375 0.0203125
14 0.6078125 0.2 0.04375 0.0125
14 0.6984375 0.2015625 0.06875 0.015625
14 0.8265625 0.2 0.075 0.0125
14 0.95 0.2 0.0421875 0.015625
3 0.903125 0.2015625 0.01875 0.01875
3 0.7734375 0.2015625 0.0140625 0.0140625
15 0.93125 0.1984375 0.1046875 0.046875
5 0.875 0.2765625 0.01875 0.015625
14 0.925 0.275 0.078125 0.0140625
14 0.10625 0.2546875 0.1828125 0.0171875
14 0.2484375 0.2546875 0.0390625 0.0140625
14 0.3171875 0.2546875 0.0421875 0.015625
14 0.3890625 0.2546875 0.040625 0.0140625
14 0.471875 0.25625 0.0640625 0.015625
14 0.5578125 0.2546875 0.05 0.015625
14 0.6421875 0.2546875 0.059375 0.015625
14 0.0375 0.30625 0.046875 0.0125
14 0.109375 0.3078125 0.059375 0.0125
14 0.1921875 0.30625 0.071875 0.0125
14 0.2671875 0.3078125 0.0421875 0.0140625
14 0.3234375 0.30625 0.0328125 0.0125
14 0.3828125 0.3078125 0.053125 0.0140625
14 0.4421875 0.30625 0.028125 0.0109375
14 0.50625 0.3078125 0.0640625 0.0109375
14 0.571875 0.3078125 0.03125 0.0109375
14 0.63125 0.3078125 0.053125 0.0140625
14 0.7109375 0.3078125 0.0703125 0.0140625
14 0.784375 0.3078125 0.0390625 0.0140625
14 0.853125 0.3078125 0.0625 0.015625
3 0.89375 0.30625 0.0109375 0.0109375
14 0.93125 0.3078125 0.028125 0.0125
14 0.5 0.390625 0.9515625 0.0390625
14 0.4984375 0.4296875 0.921875 0.021875
14 0.34375 0.496875 0.1875 0.0140625
3 0.73125 0.496875 0.0265625 0.025
6 0.5015625 0.4984375 0.5375 0.059375
14 0.5015625 0.6578125 0.58125 0.028125
14 0.5 0.7046875 0.9546875 0.0171875
5 0.06875 0.771875 0.078125 0.075
5 0.165625 0.7703125 0.078125 0.0765625
5 0.2609375 0.76875 0.0671875 0.0671875
5 0.35625 0.7703125 0.078125 0.078125
5 0.453125 0.7703125 0.0796875 0.078125
5 0.5484375 0.76875 0.08125 0.0796875
5 0.64375 0.7703125 0.078125 0.078125
5 0.740625 0.7703125 0.078125 0.078125
5 0.8359375 0.76875 0.0796875 0.08125
5 0.93125 0.7703125 0.0796875 0.078125
14 0.5 0.8546875 0.1625 0.0140625
15 0.5 0.85625 0.1984375 0.0328125
9 0.48125 0.3078125 0.9328125 0.0140625
15 0.9140625 0.275 0.140625 0.046875
9 0.34375 0.2546875 0.659375 0.015625