16 0.5 0.140625 0.996875 0.0296875
16 0.5015625 0.1796875 0.996875 0.04375
14 0.6984375 0.2171875 0.571875 0.0171875
3 0.403125 0.21875 0.0140625 0.0125
5 0.6640625 0.5 0.6546875 0.5296875
5 0.1703125 0.3640625 0.321875 0.2609375
5 0.16875 0.6359375 0.325 0.2609375
3 0.0234375 0.178125 0.021875 0.0203125
1 0.0265625 0.1796875 0.04375 0.040625
14 0.5921875 0.1796875 0.128125 0.0140625
14 0.70625 0.1765625 0.05625 0.01875
14 0.784375 0.1796875 0.0640625 0.0203125
14 0.8734375 0.18125 0.0734375 0.015625
14 0.9546875 0.1796875 0.053125 0.021875
14 0.9640625 0.140625 0.0359375 0.0140625
12 0.9109375 0.140625 0.05 0.01875
3 0.890625 0.140625 0.0078125 0.0078125
14 0.915625 0.1421875 0.040625 0.0125
12 0.840625 0.1421875 0.071875 0.021875
3 0.809375 0.140625 0.00625 0.0078125
14 0.8453125 0.1421875 0.0546875 0.0109375
14 0.778125 0.1390625 0.040625 0.015625
14 0.725 0.140625 0.04375 0.0140625
14 0.6328125 0.140625 0.1203125 0.0140625
14 0.2046875 0.140625 0.040625 0.0140625
14 0.1453125 0.140625 0.059375 0.015625
14 0.09375 0.1421875 0.028125 0.0140625
14 0.04375 0.1421875 0.0515625 0.0140625