5 0.5 0.2703125 0.996875 0.2875
16 0.5 0.4359375 0.996875 0.040625
3 0.0234375 0.434375 0.01875 0.0171875
3 0.071875 0.434375 0.01875 0.0203125
3 0.1265625 0.4359375 0.01875 0.0203125
3 0.159375 0.434375 0.0203125 0.01875
3 0.1875 0.4359375 0.0140625 0.0203125
3 0.221875 0.4359375 0.009375 0.009375
14 0.253125 0.434375 0.0359375 0.0234375
12 0.246875 0.434375 0.0671875 0.0328125
14 0.325 0.434375 0.065625 0.0234375
14 0.40625 0.434375 0.059375 0.025
14 0.478125 0.4328125 0.0390625 0.01875
3 0.5203125 0.4375 0.0109375 0.0078125
14 0.5859375 0.434375 0.1 0.0203125
12 0.5765625 0.4359375 0.1328125 0.028125
3 0.6625 0.4375 0.009375 0.0078125
14 0.7046875 0.4359375 0.0625 0.0234375
12 0.6984375 0.4359375 0.0875 0.028125
3 0.7609375 0.4359375 0.0109375 0.0078125
3 0.853125 0.4375 0.0109375 0.0078125
3 0.94375 0.4375 0.009375 0.0078125
14 0.8015625 0.4328125 0.053125 0.01875
14 0.89375 0.434375 0.05625 0.0203125
14 0.9734375 0.4328125 0.03125 0.0203125
12 0.79375 0.4359375 0.084375 0.028125
12 0.8859375 0.4328125 0.0828125 0.028125
12 0.9625 0.434375 0.0609375 0.0296875
4 0.5 0.5328125 0.7109375 0.0921875
5 0.825 0.7421875 0.3484375 0.2625
5 0.1515625 0.6953125 0.2953125 0.1671875
14 0.4765625 0.7390625 0.2890625 0.15625
14 0.5390625 0.6453125 0.16875 0.01875
14 0.16875 0.83125 0.2359375 0.0828125
14 0.5546875 0.8375 0.1390625 0.025
7 0.5375 0.8359375 0.0921875 0.015625