5 0.5 0.528125 0.996875 0.434375
5 0.903125 0.2828125 0.140625 0.04375
4 0.5 0.1875 0.946875 0.0875
1 0.3109375 0.2796875 0.034375 0.034375
1 0.2703125 0.2796875 0.0359375 0.0359375
1 0.2328125 0.28125 0.0328125 0.0359375
1 0.19375 0.2828125 0.0390625 0.0390625
1 0.1546875 0.28125 0.034375 0.0390625
3 0.084375 0.2828125 0.0234375 0.028125
3 0.04375 0.278125 0.025 0.025
3 0.15625 0.28125 0.015625 0.01875
3 0.1953125 0.2796875 0.0171875 0.0125
3 0.2328125 0.2796875 0.01875 0.0171875
3 0.275 0.28125 0.021875 0.0171875
3 0.3125 0.278125 0.0140625 0.0171875
16 0.5 0.28125 0.9953125 0.05625
14 0.9 0.7765625 0.196875 0.0109375
5 0.43125 0.7921875 0.1125 0.0453125
14 0.2640625 0.7796875 0.175 0.0171875
15 0.359375 0.8453125 0.1546875 0.0421875
14 0.3625 0.8453125 0.1 0.01875
3 0.0234375 0.8453125 0.01875 0.025
14 0.58125 0.8484375 0.265625 0.0265625