0 0.5 0.503125 0.996875 0.5046875
16 0.5 0.8140625 0.996875 0.109375
14 0.825 0.84375 0.2609375 0.01875
5 0.4984375 0.8453125 0.1796875 0.028125
14 0.259375 0.784375 0.0515625 0.0171875
14 0.35 0.784375 0.103125 0.01875
14 0.44375 0.784375 0.0609375 0.0171875
14 0.5171875 0.784375 0.0578125 0.01875
14 0.59375 0.784375 0.0734375 0.021875
14 0.68125 0.784375 0.071875 0.0171875
3 0.75 0.7828125 0.021875 0.0234375
14 0.5015625 0.48125 0.8796875 0.090625
6 0.428125 0.3734375 0.3 0.0515625
15 0.65 0.3734375 0.1375 0.0484375
14 0.65 0.371875 0.0859375 0.021875
14 0.3578125 0.375 0.1203125 0.021875
14 0.5015625 0.2140625 0.925 0.0375
7 0.5890625 0.203125 0.0875 0.015625
15 0.5 0.1609375 0.175 0.0390625
14 0.5 0.1625 0.0765625 0.01875