5 0.8921875 0.1484375 0.2015625 0.0234375
14 0.690625 0.1484375 0.0984375 0.0140625
14 0.5765625 0.1484375 0.065625 0.0140625
14 0.4890625 0.15 0.05 0.0171875
14 0.4140625 0.15 0.0328125 0.0171875
14 0.31875 0.1484375 0.09375 0.015625
14 0.2015625 0.1484375 0.078125 0.0140625
14 0.109375 0.1515625 0.046875 0.01875
5 0.0375 0.1484375 0.034375 0.0234375
16 0.5 0.1484375 0.9984375 0.0453125
3 0.7609375 0.48125 0.0171875 0.0171875
14 0.678125 0.4828125 0.103125 0.0140625
14 0.303125 0.48125 0.075 0.015625
15 0.3046875 0.4828125 0.1046875 0.0390625
6 0.5484375 0.48125 0.3796875 0.0375
14 0.5 0.590625 0.4390625 0.0453125
14 0.4984375 0.6578125 0.5875 0.03125
14 0.4984375 0.721875 0.09375 0.0125
15 0.4984375 0.7203125 0.2203125 0.0421875
14 0.4984375 0.809375 0.575 0.025
14 0.6609375 0.85 0.65 0.0171875
14 0.0671875 0.85 0.0421875 0.0125
15 0.06875 0.85 0.1359375 0.0484375
4 0.5 0.85 0.9984375 0.0484375
11 0.4984375 0.4828125 0.6375 0.103125
5 0.5 0.328125 0.9984375 0.309375