14 0.8546875 0.8375 0.215625 0.0203125
14 0.4984375 0.84375 0.1203125 0.0390625
3 0.9625 0.7875 0.021875 0.0140625
9 0.5 0.7875 0.765625 0.021875
14 0.8140625 0.7890625 0.1375 0.0140625
14 0.6265625 0.7890625 0.184375 0.015625
14 0.4515625 0.7890625 0.1109375 0.015625
14 0.3125 0.7875 0.115625 0.0140625
14 0.1609375 0.7890625 0.0828125 0.0140625
3 0.21875 0.7875 0.021875 0.021875
3 0.0546875 0.790625 0.0203125 0.01875
5 0.634375 0.5265625 0.7265625 0.409375
5 0.11875 0.665625 0.2359375 0.1328125
5 0.1203125 0.3234375 0.2375 0.1296875
14 0.1203125 0.5328125 0.2359375 0.0671875
14 0.121875 0.453125 0.2328125 0.0609375
14 0.321875 0.3125 0.096875 0.0109375
14 0.6359375 0.278125 0.04375 0.0140625
14 0.63125 0.2140625 0.671875 0.075
14 0.6359375 0.1484375 0.625 0.0203125
14 0.125 0.2046875 0.225 0.0421875
14 0.121875 0.1515625 0.23125 0.0359375