5 0.0609375 0.15625 0.078125 0.028125
9 0.40625 0.15625 0.36875 0.0171875
14 0.271875 0.15625 0.0953125 0.01875
14 0.3765625 0.1546875 0.05625 0.0171875
14 0.471875 0.15625 0.071875 0.01875
14 0.5640625 0.15625 0.053125 0.015625
5 0.240625 0.2171875 0.0390625 0.0390625
14 0.509375 0.21875 0.484375 0.015625
3 0.771875 0.21875 0.0171875 0.0140625
0 0.5 0.5078125 0.996875 0.5140625
14 0.5 0.521875 0.4421875 0.1015625
15 0.5 0.6171875 0.19375 0.0453125
14 0.5 0.615625 0.146875 0.0140625
14 0.3234375 0.8234375 0.609375 0.04375
7 0.409375 0.8359375 0.1125 0.0203125
14 0.7203125 0.825 0.0875 0.0171875
3 0.7828125 0.825 0.015625 0.0171875
15 0.91875 0.821875 0.1265625 0.046875
14 0.91875 0.821875 0.0828125 0.0171875
14 0.140625 0.15625 0.0765625 0.0203125