5 0.7078125 0.8265625 0.4109375 0.0609375
14 0.69375 0.78125 0.4375 0.0203125
9 0.503125 0.7296875 0.8109375 0.01875
14 0.86875 0.7296875 0.08125 0.01875
14 0.7578125 0.7296875 0.065625 0.0203125
14 0.625 0.73125 0.1265625 0.0203125
14 0.4609375 0.7296875 0.1296875 0.01875
3 0.3625 0.7296875 0.0234375 0.01875
14 0.2 0.7296875 0.04375 0.01875
14 0.128125 0.7296875 0.05625 0.015625
5 0.678125 0.56875 0.4671875 0.2453125
14 0.278125 0.6796875 0.2078125 0.01875
14 0.1921875 0.6328125 0.1921875 0.05625
14 0.2078125 0.546875 0.1625 0.0734375
14 0.1953125 0.4734375 0.1875 0.0359375
5 0.3390625 0.5546875 0.084375 0.0609375
5 0.340625 0.4625 0.08125 0.0625
5 0.2359375 0.3453125 0.2953125 0.065625
5 0.2359375 0.21875 0.2609375 0.053125
14 0.234375 0.275 0.11875 0.015625
14 0.8859375 0.340625 0.034375 0.0125
14 0.6796875 0.2828125 0.4609375 0.0578125
14 0.85 0.2265625 0.1234375 0.01875
14 0.7546875 0.2015625 0.3140625 0.0109375
14 0.51875 0.159375 0.875 0.0328125
14 0.0171875 0.178125 0.0140625 0.0140625