3 0.0359375 0.84375 0.021875 0.015625
5 0.0984375 0.84375 0.075 0.025
3 0.85625 0.84375 0.0203125 0.0203125
15 0.934375 0.84375 0.09375 0.034375
14 0.934375 0.84375 0.046875 0.0140625
15 0.0625 0.7859375 0.0859375 0.0328125
15 0.184375 0.7828125 0.1359375 0.034375
14 0.0609375 0.7828125 0.059375 0.0203125
14 0.196875 0.784375 0.0796875 0.015625
3 0.1390625 0.784375 0.015625 0.01875
9 0.45 0.73125 0.859375 0.01875
14 0.0859375 0.7328125 0.128125 0.0140625
14 0.2234375 0.7328125 0.0578125 0.0140625
14 0.3265625 0.7328125 0.05625 0.0140625
12 0.4296875 0.7328125 0.0578125 0.0140625
14 0.4140625 0.7328125 0.028125 0.0140625
3 0.4515625 0.7328125 0.0140625 0.0125
3 0.5 0.7328125 0.01875 0.0140625
14 0.5765625 0.7328125 0.0578125 0.0125
14 0.678125 0.7328125 0.05625 0.0140625
14 0.778125 0.7328125 0.05 0.0140625
3 0.871875 0.7328125 0.0171875 0.0125
3 0.471875 0.6765625 0.0171875 0.0171875
14 0.41875 0.578125 0.040625 0.0109375
14 0.5859375 0.675 0.1171875 0.021875
3 0.034375 0.5734375 0.01875 0.01875
3 0.465625 0.575 0.015625 0.015625
14 0.953125 0.525 0.075 0.0140625
1 0.3671875 0.3046875 0.0734375 0.071875
1 0.4984375 0.3046875 0.0734375 0.0703125
3 0.36875 0.3046875 0.028125 0.025
3 0.4984375 0.303125 0.0265625 0.0265625
14 0.3671875 0.253125 0.046875 0.0171875
14 0.496875 0.253125 0.0390625 0.0140625
14 0.79375 0.3265625 0.2140625 0.0171875
14 0.790625 0.25625 0.315625 0.1
3 0.934375 0.3796875 0.0140625 0.01875
3 0.79375 0.3765625 0.040625 0.034375
15 0.9125 0.1734375 0.084375 0.034375
14 0.9125 0.175 0.040625 0.0140625
14 0.18125 0.84375 0.0859375 0.01875