4 0.4984375 0.8140625 0.7125 0.0875
5 0.909375 0.703125 0.1359375 0.0359375
3 0.9609375 0.65 0.0296875 0.0203125
9 0.578125 0.6515625 0.721875 0.0171875
14 0.9125 0.6515625 0.053125 0.0140625
14 0.7828125 0.6515625 0.134375 0.0171875
14 0.63125 0.6515625 0.1203125 0.01875
14 0.49375 0.65 0.10625 0.015625
14 0.31875 0.6515625 0.2015625 0.01875
3 0.303125 0.7 0.0203125 0.01875
9 0.15 0.6984375 0.2359375 0.01875
12 0.2265625 0.6984375 0.084375 0.01875
14 0.2359375 0.7 0.0640625 0.015625
14 0.1453125 0.6984375 0.0328125 0.015625
14 0.0703125 0.6984375 0.0734375 0.0140625
3 0.1921875 0.7 0.0078125 0.009375
5 0.675 0.3859375 0.540625 0.35625
14 0.76875 0.171875 0.3546875 0.0890625
5 0.2875 0.446875 0.096875 0.0921875
5 0.2875 0.3265625 0.0953125 0.09375
5 0.2890625 0.209375 0.0953125 0.096875
5 0.2890625 0.13125 0.0921875 0.0109375
14 0.1390625 0.4453125 0.1765625 0.0859375
14 0.140625 0.3375 0.1734375 0.065625
14 0.1375 0.209375 0.18125 0.0859375