3 0.0390625 0.153125 0.0203125 0.0171875
14 0.1078125 0.1546875 0.0609375 0.0171875
3 0.9328125 0.1515625 0.021875 0.021875
3 0.9734375 0.153125 0.021875 0.0234375
14 0.5015625 0.321875 0.43125 0.0984375
6 0.5 0.4421875 0.6578125 0.053125
14 0.2859375 0.4421875 0.203125 0.01875
3 0.8015625 0.4421875 0.0203125 0.021875
14 0.134375 0.5515625 0.1609375 0.015625
14 0.9296875 0.5515625 0.03125 0.0125
14 0.1203125 0.6140625 0.084375 0.015625
14 0.25625 0.615625 0.1109375 0.0171875
14 0.5828125 0.615625 0.0703125 0.015625
14 0.2 0.8484375 0.29375 0.015625
14 0.65 0.846875 0.2546875 0.015625
5 0.065625 0.6140625 0.0125 0.0125
5 0.1875 0.6140625 0.0125 0.0125
5 0.534375 0.6140625 0.0109375 0.0125
5 0.2625 0.75 0.1953125 0.1109375
5 0.7390625 0.7390625 0.265625 0.165625