3 0.059375 0.1546875 0.0390625 0.0375
14 0.1078125 0.15625 0.05 0.0296875
14 0.8390625 0.15625 0.028125 0.015625
14 0.915625 0.1546875 0.059375 0.0140625
14 0.071875 0.2078125 0.0234375 0.0140625
14 0.128125 0.2078125 0.025 0.0140625
14 0.1859375 0.2078125 0.025 0.0140625
14 0.2421875 0.2078125 0.025 0.0140625
14 0.3 0.209375 0.025 0.0140625
14 0.35625 0.209375 0.028125 0.0140625
14 0.4125 0.2078125 0.0234375 0.0140625
14 0.46875 0.209375 0.0234375 0.0140625
14 0.525 0.209375 0.025 0.0140625
14 0.5828125 0.209375 0.025 0.015625
5 0.88125 0.2078125 0.01875 0.01875
14 0.9203125 0.209375 0.05 0.0140625
3 0.596875 0.153125 0.0203125 0.021875
3 0.64375 0.153125 0.021875 0.0203125
3 0.6953125 0.153125 0.0234375 0.0203125
3 0.74375 0.1546875 0.01875 0.021875
5 0.8 0.15625 0.0328125 0.0328125
3 0.3 0.1546875 0.0171875 0.015625
6 0.41875 0.1546875 0.28125 0.0390625
16 0.5 0.1546875 0.9984375 0.0578125
9 0.328125 0.209375 0.5359375 0.015625
5 0.275 0.4390625 0.4359375 0.3703125
14 0.16875 0.584375 0.203125 0.015625
5 0.6140625 0.3125 0.2078125 0.1171875
14 0.6140625 0.396875 0.1875 0.0359375
14 0.7953125 0.3890625 0.08125 0.015625
5 0.840625 0.3125 0.2078125 0.1171875
5 0.6140625 0.5078125 0.20625 0.1171875
5 0.840625 0.5078125 0.20625 0.1171875
5 0.0703125 0.6765625 0.0265625 0.025
5 0.159375 0.790625 0.2078125 0.165625
5 0.3875 0.790625 0.2078125 0.165625
5 0.6140625 0.7921875 0.2078125 0.1640625
5 0.840625 0.790625 0.2078125 0.165625
14 0.8625 0.6671875 0.0984375 0.0125
3 0.8609375 0.7328125 0.0890625 0.0890625
14 0.8359375 0.7953125 0.034375 0.0109375
14 0.890625 0.7953125 0.040625 0.0109375
3 0.9234375 0.646875 0.0078125 0.009375
11 0.8640625 0.728125 0.1375 0.175
3 0.9625 0.671875 0.0203125 0.021875
3 0.9625 0.7109375 0.0203125 0.0203125
3 0.9625 0.75 0.0203125 0.0203125
14 0.6140625 0.5921875 0.1875 0.0359375
14 0.840625 0.5921875 0.1875 0.0359375
14 0.125 0.6765625 0.071875 0.021875
14 0.2109375 0.6765625 0.025 0.0140625
14 0.2671875 0.6765625 0.025 0.0140625
14 0.325 0.6765625 0.025 0.0140625
14 0.38125 0.6765625 0.025 0.0140625
9 0.296875 0.6765625 0.196875 0.0140625