14 0.03125 0.153125 0.025 0.0375
6 0.2921875 0.1515625 0.4703125 0.034375
3 0.078125 0.1515625 0.0203125 0.01875
14 0.1453125 0.1515625 0.096875 0.0125
14 0.5015625 0.371875 0.2296875 0.0484375
10 0.0484375 0.4953125 0.0171875 0.146875
14 0.5015625 0.428125 0.1859375 0.0375
15 0.4984375 0.496875 0.2953125 0.0421875
15 0.4984375 0.553125 0.2953125 0.0453125
14 0.5 0.4984375 0.084375 0.0140625
14 0.4984375 0.5546875 0.046875 0.0171875
14 0.515625 0.6046875 0.1671875 0.0171875
3 0.4140625 0.6046875 0.0234375 0.0203125
14 0.0375 0.80625 0.040625 0.0140625
14 0.0953125 0.8078125 0.046875 0.015625
14 0.1484375 0.80625 0.03125 0.0140625
14 0.2046875 0.8078125 0.05 0.0140625
14 0.8234375 0.8078125 0.25625 0.015625
5 0.9765625 0.8078125 0.0265625 0.025
14 0.5 0.853125 0.121875 0.0140625