5 0.925 0.2 0.05625 0.084375
14 0.7640625 0.2 0.2359375 0.0609375
14 0.5375 0.1390625 0.0375 0.0125
14 0.4875 0.140625 0.04375 0.0125
14 0.4359375 0.140625 0.0390625 0.0140625
14 0.39375 0.1390625 0.0234375 0.015625
14 0.3515625 0.1421875 0.0390625 0.0109375
14 0.2859375 0.1421875 0.0296875 0.009375
3 0.1171875 0.1421875 0.01875 0.015625
14 0.0703125 0.1421875 0.0375 0.0109375
15 0.0703125 0.1421875 0.059375 0.025
6 0.203125 0.1421875 0.1984375 0.0234375
14 0.3390625 0.178125 0.04375 0.0109375
14 0.2765625 0.1796875 0.040625 0.0125
14 0.221875 0.178125 0.028125 0.0109375
14 0.146875 0.178125 0.08125 0.0140625
14 0.0625 0.178125 0.0453125 0.0125
14 0.3921875 0.225 0.1390625 0.0125
14 0.2359375 0.225 0.15 0.0125
14 0.09375 0.225 0.109375 0.0125
15 0.3921875 0.2265625 0.1484375 0.0203125
15 0.234375 0.2265625 0.159375 0.01875
15 0.09375 0.2265625 0.11875 0.0203125
14 0.8140625 0.378125 0.2609375 0.1828125
9 0.2 0.178125 0.3203125 0.0125
14 0.821875 0.55 0.1359375 0.0421875
14 0.8140625 0.6421875 0.15 0.0453125
3 0.921875 0.64375 0.05 0.01875
3 0.9203125 0.5484375 0.01875 0.01875
14 0.89375 0.715625 0.1265625 0.015625
5 0.925 0.7609375 0.0390625 0.0390625
14 0.809375 0.7625 0.1734375 0.015625
3 0.7 0.7609375 0.009375 0.01875
3 0.809375 0.8234375 0.0203125 0.0203125
1 0.8078125 0.8234375 0.0671875 0.0421875
5 0.8109375 0.8015625 0.2921875 0.14375
14 0.4453125 0.3453125 0.3265625 0.13125
14 0.10625 0.415625 0.1328125 0.015625
14 0.1125 0.440625 0.1453125 0.015625
14 0.09375 0.4671875 0.109375 0.0140625
14 0.6078125 0.528125 0.06875 0.015625
14 0.3125 0.5296875 0.025 0.0125
14 0.2140625 0.5296875 0.075 0.0140625
14 0.190625 0.58125 0.1203125 0.05
14 0.1984375 0.6671875 0.1046875 0.01875
14 0.1375 0.7390625 0.16875 0.0125
3 0.046875 0.740625 0.00625 0.009375
14 0.2015625 0.775 0.1140625 0.015625
14 0.2015625 0.803125 0.0984375 0.0109375
14 0.2265625 0.8265625 0.05 0.0109375
14 0.2171875 0.8546875 0.065625 0.03125
3 0.0578125 0.803125 0.009375 0.009375
5 0.2484375 0.7015625 0.025 0.025
5 0.21875 0.703125 0.0234375 0.0203125
5 0.1890625 0.7015625 0.0234375 0.0234375
5 0.1578125 0.7015625 0.025 0.025
5 0.125 0.7015625 0.028125 0.0203125
5 0.0921875 0.7015625 0.025 0.0234375
5 0.0625 0.7015625 0.025 0.025
14 0.6015625 0.5640625 0.0625 0.0125
14 0.4375 0.6015625 0.246875 0.028125
14 0.53125 0.625 0.059375 0.0125
14 0.4421875 0.68125 0.240625 0.03125
14 0.53125 0.7046875 0.0609375 0.0125
14 0.4359375 0.7671875 0.253125 0.046875
14 0.53125 0.7984375 0.0609375 0.0125
14 0.4359375 0.8359375 0.253125 0.028125
5 0.603125 0.615625 0.0515625 0.0515625
5 0.603125 0.6921875 0.05 0.05
5 0.603125 0.771875 0.0515625 0.05
5 0.603125 0.8484375 0.0484375 0.05
3 0.290625 0.53125 0.015625 0.015625
14 0.53125 0.859375 0.059375 0.0109375