5 0.1234375 0.1890625 0.2359375 0.0578125
14 0.3 0.1859375 0.0390625 0.0140625
14 0.39375 0.1890625 0.0796875 0.0171875
14 0.5015625 0.1875 0.06875 0.0140625
14 0.5890625 0.1890625 0.0390625 0.0171875
14 0.703125 0.1875 0.1140625 0.0140625
14 0.8328125 0.1875 0.071875 0.015625
14 0.9375 0.1875 0.0640625 0.021875
14 0.846875 0.1390625 0.0625 0.0125
14 0.940625 0.1390625 0.0546875 0.0125
3 0.809375 0.1390625 0.0140625 0.015625
3 0.903125 0.1390625 0.0140625 0.01875
12 0.6953125 0.1390625 0.1578125 0.0203125
3 0.634375 0.1390625 0.0203125 0.0125
14 0.6703125 0.140625 0.034375 0.0140625
3 0.7625 0.1390625 0.0140625 0.0125
0 0.4984375 0.4140625 0.9890625 0.3875
15 0.5359375 0.4796875 0.14375 0.0484375
14 0.5359375 0.478125 0.0953125 0.0171875
15 0.71875 0.48125 0.140625 0.0515625
14 0.7171875 0.48125 0.10625 0.0203125
14 0.61875 0.35625 0.3203125 0.11875
5 0.5140625 0.2734375 0.0984375 0.028125
3 0.084375 0.6609375 0.0546875 0.0640625
3 0.21875 0.6625 0.0421875 0.0671875
3 0.3546875 0.6609375 0.0703125 0.0484375
3 0.490625 0.6625 0.0421875 0.0625
3 0.6234375 0.6625 0.0390625 0.065625
3 0.759375 0.6625 0.0640625 0.04375
5 0.9203125 0.6421875 0.1203125 0.121875
14 0.921875 0.725 0.0484375 0.0171875
14 0.759375 0.7078125 0.075 0.0109375
14 0.621875 0.709375 0.025 0.0125
14 0.4875 0.70625 0.0890625 0.0109375
14 0.353125 0.7078125 0.065625 0.0125
14 0.2171875 0.7078125 0.0421875 0.0140625
14 0.084375 0.7078125 0.0484375 0.0109375
14 0.0640625 0.7953125 0.1015625 0.0203125
14 0.44375 0.796875 0.03125 0.01875
3 0.4671875 0.7984375 0.0140625 0.01875
14 0.5546875 0.796875 0.0890625 0.0140625
5 0.765625 0.8 0.0296875 0.0328125
5 0.809375 0.8 0.0328125 0.034375
5 0.85625 0.8 0.0328125 0.0359375
5 0.9 0.8 0.034375 0.0296875
5 0.9453125 0.8 0.0359375 0.0328125
5 0.0578125 0.8546875 0.0890625 0.0359375
0 0.553125 0.85 0.0890625 0.046875
5 0.7453125 0.8375 0.2828125 0.0171875
14 0.7796875 0.8625 0.3515625 0.0203125
14 0.7453125 0.840625 0.2828125 0.01875
14 0.2796875 0.8390625 0.346875 0.0125
14 0.284375 0.859375 0.3484375 0.0140625