3 0.0171875 0.8546875 0.015625 0.015625
14 0.5078125 0.853125 0.6546875 0.015625
14 0.5078125 0.8328125 0.1734375 0.015625
5 0.928125 0.778125 0.1046875 0.03125
14 0.7921875 0.7765625 0.0625 0.0140625
3 0.8328125 0.778125 0.015625 0.0171875
14 0.653125 0.7765625 0.1109375 0.0140625
3 0.2859375 0.778125 0.015625 0.015625
3 0.2171875 0.778125 0.0203125 0.0203125
6 0.4921875 0.7765625 0.45625 0.0421875
14 0.140625 0.7765625 0.0453125 0.0140625
14 0.0609375 0.7765625 0.0546875 0.0140625
15 0.140625 0.778125 0.071875 0.04375
15 0.0609375 0.778125 0.08125 0.04375
16 0.5 0.778125 0.9984375 0.0625
4 0.5 0.8421875 0.9984375 0.0640625
14 0.8109375 0.5515625 0.296875 0.040625
14 0.809375 0.5046875 0.3046875 0.0203125
14 0.825 0.446875 0.2375 0.0203125
3 0.534375 0.446875 0.0203125 0.0203125
6 0.7359375 0.4484375 0.45 0.05
14 0.8578125 0.215625 0.20625 0.040625
14 0.503125 0.215625 0.2 0.0390625
14 0.153125 0.215625 0.153125 0.0390625
14 0.134375 0.1328125 0.0578125 0.0125
14 0.2375 0.1328125 0.028125 0.0125
0 0.5 0.5015625 0.996875 0.4875