14 0.2046875 0.1890625 0.05 0.0125
14 0.2828125 0.1890625 0.075 0.0125
14 0.540625 0.190625 0.04375 0.0109375
14 0.6046875 0.190625 0.05625 0.0125
14 0.709375 0.1890625 0.1171875 0.015625
14 0.59375 0.1453125 0.1375 0.0140625
14 0.7078125 0.1453125 0.075 0.009375
14 0.7703125 0.14375 0.040625 0.0140625
14 0.8546875 0.14375 0.096875 0.0109375
14 0.840625 0.1859375 0.0984375 0.0125
14 0.9265625 0.14375 0.0296875 0.0109375
14 0.96875 0.1453125 0.034375 0.0140625
6 0.8828125 0.184375 0.196875 0.025
3 0.971875 0.1859375 0.0140625 0.0171875
14 0.828125 0.234375 0.29375 0.0203125
14 0.8484375 0.2890625 0.2375 0.0703125
14 0.3546875 0.278125 0.2984375 0.01875
14 0.36875 0.309375 0.2875 0.009375
14 0.3109375 0.3609375 0.121875 0.0125
14 0.396875 0.4 0.29375 0.0359375
14 0.7046875 0.3625 0.1171875 0.009375
14 0.759375 0.3984375 0.221875 0.0375
5 0.61875 0.384375 0.03125 0.034375
5 0.2203125 0.384375 0.0390625 0.040625
5 0.0859375 0.1859375 0.0984375 0.090625
14 0.0875 0.25 0.1140625 0.0234375
14 0.0890625 0.26875 0.1078125 0.009375
14 0.075 0.3140625 0.09375 0.009375
14 0.0625 0.334375 0.0734375 0.0109375
14 0.075 0.3515625 0.0984375 0.0109375
14 0.0640625 0.371875 0.071875 0.0109375
14 0.0765625 0.3890625 0.09375 0.0140625
14 0.046875 0.421875 0.040625 0.0140625
14 0.075 0.446875 0.0953125 0.0125
14 0.046875 0.4640625 0.040625 0.0109375
14 0.0484375 0.4828125 0.0453125 0.015625
14 0.065625 0.5015625 0.0796875 0.0140625
14 0.0609375 0.540625 0.06875 0.0125
14 0.071875 0.5625 0.09375 0.0125
14 0.0875 0.58125 0.1234375 0.0109375
14 0.08125 0.6 0.10625 0.0125
14 0.08125 0.6171875 0.10625 0.0125
14 0.06875 0.6421875 0.0875 0.0234375
14 0.078125 0.6671875 0.1 0.0125
14 0.090625 0.6875 0.1265625 0.0140625
14 0.071875 0.70625 0.0890625 0.0109375
14 0.075 0.73125 0.09375 0.0109375
14 0.0609375 0.75625 0.065625 0.0125
14 0.0546875 0.7734375 0.0515625 0.0125
14 0.0515625 0.79375 0.05 0.0125
14 0.05 0.8109375 0.0453125 0.0140625
14 0.0640625 0.83125 0.071875 0.0140625
14 0.046875 0.85 0.040625 0.0140625
14 0.0515625 0.8671875 0.0484375 0.0125
14 0.346875 0.5625 0.2890625 0.1328125
14 0.44375 0.6984375 0.48125 0.13125
14 0.6359375 0.784375 0.078125 0.0140625
14 0.3 0.471875 0.115625 0.0140625
14 0.6140625 0.471875 0.1390625 0.0078125
5 0.5984375 0.5625 0.1609375 0.115625
14 0.7859375 0.4703125 0.08125 0.0109375
14 0.8984375 0.4703125 0.13125 0.0078125
14 0.846875 0.5203125 0.2421875 0.0484375
14 0.8375 0.6859375 0.2453125 0.09375
14 0.765625 0.5953125 0.1046875 0.0765625
5 0.8953125 0.59375 0.14375 0.0765625
14 0.8453125 0.7484375 0.253125 0.0109375
14 0.7921875 0.7875 0.0875 0.0296875
14 0.9203125 0.7859375 0.0890625 0.0171875
5 0.7265625 0.7859375 0.01875 0.01875
14 0.834375 0.825 0.2140625 0.015625
14 0.8328125 0.859375 0.2390625 0.0265625
14 0.6125 0.815625 0.1390625 0.00625
14 0.2890625 0.81875 0.0859375 0.0140625
14 0.35625 0.8578125 0.3109375 0.0296875
5 0.21875 0.8171875 0.015625 0.0203125
5 0.603125 0.8625 0.1515625 0.0203125
3 0.5140625 0.1421875 0.009375 0.0140625
16 0.253125 0.1890625 0.15625 0.028125
16 0.7578125 0.1875 0.48125 0.021875