4 0.5015625 0.1546875 0.9921875 0.046875
14 0.3890625 0.153125 0.084375 0.0171875
15 0.5640625 0.153125 0.1875 0.0359375
14 0.5609375 0.1515625 0.1453125 0.0203125
5 0.103125 0.246875 0.159375 0.05625
14 0.31875 0.25 0.2375 0.0421875
14 0.6 0.1984375 0.0375 0.0171875
14 0.665625 0.196875 0.05 0.0140625
14 0.734375 0.1984375 0.0484375 0.015625
14 0.803125 0.2015625 0.0515625 0.01875
14 0.8609375 0.1984375 0.0234375 0.021875
14 0.928125 0.2 0.075 0.0140625
3 0.9671875 0.1484375 0.0328125 0.028125
15 0.903125 0.3375 0.190625 0.075
14 0.8796875 0.3375 0.05625 0.01875
3 0.940625 0.3375 0.0265625 0.0296875
14 0.70625 0.340625 0.0890625 0.0203125
14 0.5046875 0.3390625 0.0640625 0.01875
14 0.3046875 0.3375 0.1 0.034375
14 0.103125 0.3390625 0.0859375 0.01875
12 0.6296875 0.25625 0.1609375 0.0390625
14 0.615625 0.2546875 0.109375 0.0171875
3 0.6875 0.2578125 0.0140625 0.0203125
15 0.7890625 0.2546875 0.140625 0.0390625
14 0.7875 0.2546875 0.1 0.0171875
15 0.9203125 0.25625 0.0984375 0.0359375
14 0.9203125 0.2546875 0.05625 0.0140625
4 0.5015625 0.7765625 0.99375 0.184375
14 0.496875 0.778125 0.5390625 0.15
7 0.2859375 0.78125 0.1125 0.0203125
3 0.940625 0.7796875 0.03125 0.0296875
1 0.946875 0.4390625 0.05 0.0546875
3 0.9453125 0.4390625 0.0296875 0.034375
5 0.5 0.5328125 0.996875 0.30625