5 0.934375 0.1578125 0.090625 0.04375
16 0.5 0.15625 0.9984375 0.05625
14 0.8171875 0.159375 0.06875 0.0203125
14 0.709375 0.159375 0.0703125 0.0203125
14 0.5796875 0.159375 0.11875 0.021875
14 0.4484375 0.1609375 0.071875 0.0203125
14 0.35625 0.159375 0.0421875 0.025
15 0.21875 0.159375 0.115625 0.0421875
14 0.21875 0.1609375 0.08125 0.0203125
3 0.121875 0.1609375 0.021875 0.01875
3 0.0828125 0.1609375 0.0171875 0.0203125
3 0.0421875 0.1609375 0.021875 0.0203125
0 0.5015625 0.4859375 0.996875 0.5953125
14 0.853125 0.29375 0.24375 0.0390625
14 0.6765625 0.375 0.60625 0.0484375
15 0.921875 0.478125 0.1140625 0.05
14 0.9203125 0.4765625 0.0796875 0.0203125
15 0.79375 0.478125 0.1203125 0.05
14 0.79375 0.478125 0.08125 0.0171875
14 0.9140625 0.6046875 0.0765625 0.0234375
14 0.6265625 0.6546875 0.1578125 0.121875
14 0.378125 0.6171875 0.16875 0.0578125
14 0.1390625 0.634375 0.1546875 0.0875
4 0.503125 0.828125 0.9828125 0.0921875
7 0.3546875 0.8265625 0.121875 0.0203125
15 0.1890625 0.8265625 0.1734375 0.05
14 0.190625 0.8265625 0.1296875 0.015625
3 0.021875 0.8109375 0.01875 0.01875
14 0.7125 0.828125 0.490625 0.03125