14 0.5 0.0390625 0.1078125 0.0296875
3 0.7421875 0.0390625 0.0125 0.021875
3 0.4984375 0.21875 0.1078125 0.1078125
6 0.5 0.3609375 0.4359375 0.0640625
14 0.6625 0.3609375 0.0640625 0.01875
6 0.5 0.45625 0.434375 0.0640625
14 0.65 0.45625 0.09375 0.01875
6 0.5 0.553125 0.4359375 0.0640625
14 0.6671875 0.5515625 0.0578125 0.01875
6 0.5 0.65 0.434375 0.0640625
14 0.6421875 0.65 0.109375 0.0203125
6 0.5 0.7453125 0.4359375 0.0640625
14 0.59375 0.7453125 0.2046875 0.0203125
14 0.5 0.828125 0.340625 0.0203125
2 0.703125 0.825 0.0296875 0.0296875
15 0.5 0.9046875 0.4359375 0.0703125