14 0.6328125 0.6359375 0.1203125 0.01875
14 0.6578125 0.54375 0.06875 0.0203125
14 0.6234375 0.453125 0.140625 0.0171875
3 0.3 0.634375 0.021875 0.0125
5 0.71875 0.6375 0.0234375 0.0140625
3 0.721875 0.5453125 0.0234375 0.0171875
3 0.721875 0.4546875 0.0203125 0.0234375
5 0.5 0.2140625 0.3609375 0.2796875
6 0.5 0.459375 0.4640625 0.034375
6 0.5 0.5515625 0.4640625 0.0359375
6 0.5 0.64375 0.4625 0.0328125
14 0.5 0.8296875 0.3453125 0.046875
15 0.5 0.75 0.4625 0.0625
14 0.5671875 0.9203125 0.2890625 0.021875
14 0.3375 0.91875 0.1390625 0.015625