0 0.5 0.5 0.5609375 0.9984375
5 0.5 0.0671875 0.0359375 0.0453125
3 0.7484375 0.0671875 0.0234375 0.0234375
14 0.5 0.16875 0.153125 0.0390625
14 0.7171875 0.16875 0.0859375 0.0265625
6 0.496875 0.3125 0.478125 0.04375
3 0.725 0.303125 0.021875 0.0234375
14 0.6515625 0.303125 0.084375 0.0140625
6 0.496875 0.4203125 0.478125 0.0375
3 0.7234375 0.4125 0.0234375 0.01875
14 0.675 0.4125 0.0390625 0.0125
6 0.4953125 0.525 0.475 0.0390625
3 0.7234375 0.5171875 0.01875 0.0234375
3 0.284375 0.5171875 0.025 0.0234375
14 0.6546875 0.51875 0.0796875 0.0140625
3 0.7234375 0.6234375 0.01875 0.0234375
6 0.4953125 0.63125 0.475 0.040625
3 0.284375 0.6234375 0.025 0.015625
14 0.61875 0.625 0.1515625 0.0125
6 0.4953125 0.734375 0.475 0.0453125
5 0.7234375 0.7265625 0.01875 0.0296875
14 0.584375 0.7328125 0.21875 0.0171875
2 0.625 0.7828125 0.0234375 0.025
14 0.4796875 0.784375 0.2390625 0.0171875
15 0.5 0.878125 0.3671875 0.075
14 0.5 0.95625 0.2109375 0.0203125