14 0.6796875 0.803125 0.109375 0.0203125
14 0.690625 0.7140625 0.0921875 0.0203125
14 0.70625 0.6203125 0.0578125 0.0203125
14 0.703125 0.5265625 0.065625 0.01875
3 0.4984375 0.1921875 0.153125 0.153125
14 0.640625 0.425 0.0890625 0.0265625
5 0.5 0.19375 0.5609375 0.384375
6 0.4765625 0.534375 0.515625 0.0328125
6 0.4765625 0.6265625 0.515625 0.0328125
6 0.478125 0.71875 0.5171875 0.03125
6 0.4765625 0.8109375 0.515625 0.034375
15 0.5 0.959375 0.5609375 0.0796875
15 0.359375 0.421875 0.2796875 0.0734375