14 0.5015625 0.896875 0.090625 0.0265625
6 0.5015625 0.81875 0.425 0.071875
14 0.3375 0.8359375 0.0640625 0.0125
6 0.5015625 0.7359375 0.4234375 0.071875
14 0.3234375 0.7546875 0.034375 0.0125
6 0.5015625 0.653125 0.425 0.0734375
14 0.3375 0.6734375 0.0640625 0.0125
3 0.684375 0.6421875 0.0265625 0.0234375
2 0.359375 0.5703125 0.0203125 0.021875
14 0.521875 0.56875 0.28125 0.01875
15 0.5015625 0.4890625 0.121875 0.0625
5 0.5015625 0.203125 0.4359375 0.4046875
17 0.5015625 0.9796875 0.5 0.0390625