14 0.559375 0.3390625 0.0671875 0.009375
14 0.334375 0.5546875 0.0640625 0.009375
14 0.3203125 0.446875 0.034375 0.009375
14 0.3375 0.340625 0.06875 0.009375
17 0.5125 0.0296875 0.4 0.015625
3 0.303125 0.0890625 0.0140625 0.0265625
14 0.41875 0.190625 0.25625 0.084375
14 0.553125 0.29375 0.084375 0.0109375
14 0.334375 0.2921875 0.0890625 0.0109375
14 0.3125 0.4 0.04375 0.0109375
14 0.33125 0.5078125 0.0828125 0.0109375
15 0.5 0.928125 0.421875 0.059375
6 0.5 0.5546875 0.421875 0.059375
6 0.6109375 0.340625 0.2 0.059375
6 0.3890625 0.340625 0.2 0.059375
6 0.5 0.446875 0.421875 0.059375