14 0.4578125 0.4484375 0.115625 0.0109375
14 0.4625 0.384375 0.1265625 0.0109375
3 0.35 0.4484375 0.0140625 0.021875
3 0.35 0.384375 0.0203125 0.021875
5 0.4703125 0.1421875 0.2984375 0.0375
14 0.615625 0.5125 0.1265625 0.0140625
14 0.36875 0.2609375 0.0953125 0.0234375
14 0.428125 0.3015625 0.2171875 0.009375
15 0.5015625 0.59375 0.3640625 0.053125
5 0.5 0.7875 0.3640625 0.2265625
14 0.4375 0.953125 0.15625 0.0109375
14 0.5890625 0.9515625 0.1359375 0.0140625
6 0.5 0.384375 0.3609375 0.065625
6 0.5 0.45 0.3609375 0.065625