14 0.5515625 0.65 0.0453125 0.015625
14 0.534375 0.5890625 0.08125 0.015625
3 0.621875 0.65 0.025 0.01875
3 0.621875 0.5890625 0.01875 0.0234375
3 0.3765625 0.5890625 0.0234375 0.0125
17 0.496875 0.971875 0.390625 0.015625
14 0.653125 0.9125 0.040625 0.0140625
3 0.690625 0.9125 0.0140625 0.0265625
5 0.4984375 0.8078125 0.0921875 0.090625
14 0.41875 0.540625 0.140625 0.0171875
6 0.4984375 0.65 0.3015625 0.05
6 0.4984375 0.5890625 0.3015625 0.05
15 0.4984375 0.4859375 0.3 0.05
14 0.4984375 0.403125 0.025 0.015625
14 0.4984375 0.18125 0.09375 0.01875
14 0.4984375 0.0828125 0.3671875 0.0375
3 0.6078125 0.3078125 0.0796875 0.0796875
3 0.4984375 0.3078125 0.0796875 0.0796875
5 0.3890625 0.3078125 0.0796875 0.0796875
0 0.5 0.5 0.4609375 0.9984375