14 0.4046875 0.34375 0.0859375 0.021875
14 0.4234375 0.4296875 0.1265625 0.0171875
14 0.4046875 0.5109375 0.0890625 0.0125
3 0.31875 0.34375 0.025 0.034375
3 0.321875 0.428125 0.034375 0.0234375
3 0.3234375 0.5125 0.034375 0.034375
14 0.5 0.7109375 0.15625 0.0859375
3 0.271875 0.9421875 0.0203125 0.0328125
15 0.5 0.1796875 0.4265625 0.0625
14 0.490625 0.0328125 0.278125 0.0203125
6 0.5 0.5125 0.4265625 0.0625
6 0.5 0.428125 0.4265625 0.0625
6 0.5 0.3453125 0.4265625 0.0625
0 0.5 0.5 0.5609375 0.9984375