14 0.45625 0.7078125 0.1609375 0.0140625
14 0.4515625 0.6734375 0.153125 0.0109375
14 0.41875 0.609375 0.084375 0.0140625
14 0.4140625 0.575 0.0765625 0.009375
14 0.403125 0.5046875 0.0546875 0.0140625
14 0.4 0.4734375 0.0484375 0.0109375
14 0.3984375 0.4015625 0.046875 0.0140625
14 0.396875 0.371875 0.0421875 0.009375
14 0.4 0.3015625 0.05 0.0140625
14 0.3953125 0.2703125 0.040625 0.0109375
3 0.3453125 0.703125 0.021875 0.025
3 0.3453125 0.6046875 0.021875 0.025
5 0.3421875 0.503125 0.0140625 0.025
3 0.3421875 0.4015625 0.021875 0.015625
3 0.340625 0.2984375 0.0234375 0.0234375
3 0.303125 0.0765625 0.03125 0.021875
14 0.5 0.859375 0.234375 0.0171875
15 0.5 0.796875 0.371875 0.053125
14 0.5 0.1953125 0.171875 0.0125
14 0.5 0.1625 0.1234375 0.0328125
6 0.5 0.296875 0.371875 0.0640625
6 0.5 0.3984375 0.3734375 0.0640625
6 0.5 0.5015625 0.3734375 0.0640625
6 0.5 0.6015625 0.3734375 0.0640625
6 0.5 0.7 0.371875 0.0640625