14 0.646875 0.4609375 0.090625 0.0171875
14 0.64375 0.3390625 0.096875 0.0140625
17 0.4875 0.0296875 0.4 0.015625
3 0.6890625 0.084375 0.0109375 0.021875
14 0.5453125 0.1640625 0.29375 0.03125
14 0.6125 0.2109375 0.1625 0.01875
6 0.5 0.353125 0.3875 0.0421875
6 0.5 0.475 0.3890625 0.046875
14 0.4109375 0.571875 0.209375 0.01875
15 0.5 0.671875 0.3875 0.0609375
3 0.5734375 0.79375 0.0609375 0.0609375
3 0.5 0.79375 0.0609375 0.0609375
3 0.4265625 0.79375 0.0609375 0.0609375
14 0.5 0.9109375 0.2890625 0.01875