14 0.3328125 0.09375 0.10625 0.034375
14 0.365625 0.13125 0.1734375 0.0140625
6 0.5 0.209375 0.44375 0.0734375
14 0.35 0.209375 0.065625 0.01875
6 0.5 0.3171875 0.44375 0.0734375
14 0.346875 0.315625 0.0578125 0.01875
6 0.5 0.425 0.44375 0.0734375
14 0.3984375 0.4234375 0.1640625 0.01875
6 0.5 0.5328125 0.44375 0.0734375
14 0.3640625 0.53125 0.0890625 0.01875
6 0.5 0.640625 0.44375 0.0734375
14 0.3703125 0.6390625 0.1046875 0.0171875
3 0.66875 0.6421875 0.0296875 0.01875
2 0.296875 0.7296875 0.0375 0.0390625
14 0.484375 0.7328125 0.29375 0.0203125
15 0.584375 0.8140625 0.275 0.071875
14 0.3625 0.8171875 0.0625 0.0265625
15 0.5 0.9171875 0.44375 0.071875