14 0.565625 0.63125 0.175 0.015625
14 0.6078125 0.5421875 0.090625 0.015625
14 0.628125 0.45 0.0484375 0.015625
14 0.6078125 0.3578125 0.090625 0.015625
17 0.4875 0.0296875 0.4015625 0.015625
5 0.5 0.2140625 0.1421875 0.140625
3 0.6875 0.3609375 0.01875 0.0171875
3 0.6875 0.45 0.0171875 0.0140625
3 0.6890625 0.540625 0.015625 0.01875
3 0.6890625 0.63125 0.015625 0.0203125
6 0.475 0.3671875 0.35625 0.034375
6 0.4765625 0.4609375 0.3578125 0.0375
6 0.4765625 0.553125 0.35625 0.0375
6 0.4765625 0.640625 0.3578125 0.034375
14 0.4984375 0.8984375 0.215625 0.0171875