14 0.6515625 0.38125 0.0921875 0.0171875
14 0.6734375 0.4671875 0.0515625 0.01875
14 0.6453125 0.546875 0.1109375 0.0171875
3 0.7515625 0.9140625 0.0203125 0.0359375
5 0.521875 0.7265625 0.1453125 0.1390625
3 0.6 0.0984375 0.0703125 0.0703125
5 0.5171875 0.0984375 0.0703125 0.0703125
3 0.43125 0.0984375 0.0703125 0.0703125
14 0.515625 0.171875 0.2453125 0.025
14 0.51875 0.209375 0.0234375 0.015625
15 0.5171875 0.2734375 0.2359375 0.0765625
6 0.496875 0.5390625 0.4125 0.03125
6 0.496875 0.459375 0.4125 0.0328125
6 0.496875 0.375 0.4125 0.03125
14 0.703125 0.9140625 0.046875 0.01875
0 0.5 0.5 0.5984375 0.9984375