14 0.5015625 0.103125 0.090625 0.0265625
6 0.5015625 0.18125 0.425 0.071875
14 0.3375 0.1640625 0.0640625 0.0125
6 0.5015625 0.2640625 0.4234375 0.071875
14 0.3234375 0.2453125 0.034375 0.0125
6 0.5015625 0.346875 0.425 0.0734375
14 0.3375 0.3265625 0.0640625 0.0125
3 0.684375 0.3578125 0.0265625 0.0234375
2 0.359375 0.4296875 0.0203125 0.021875
14 0.521875 0.43125 0.28125 0.01875
15 0.5015625 0.5109375 0.121875 0.0625
5 0.5015625 0.796875 0.4359375 0.4046875
17 0.5015625 0.0203125 0.5 0.0390625