17 0.5 0.01875 0.5609375 0.034375
5 0.5 0.2203125 0.2109375 0.2625
15 0.3734375 0.3828125 0.2515625 0.0640625
15 0.6265625 0.384375 0.25 0.0640625
3 0.3671875 0.484375 0.0796875 0.0796875
3 0.5 0.484375 0.0796875 0.078125
3 0.634375 0.484375 0.0796875 0.0796875
14 0.5 0.5578125 0.0203125 0.0125
6 0.4984375 0.6546875 0.4453125 0.034375
14 0.4875 0.6453125 0.20625 0.0140625
6 0.4984375 0.7640625 0.4453125 0.03125
14 0.4921875 0.7546875 0.0734375 0.0125
2 0.2859375 0.8078125 0.0203125 0.0203125
14 0.36875 0.8078125 0.121875 0.0140625
15 0.4984375 0.890625 0.4453125 0.0640625
14 0.4921875 0.9578125 0.14375 0.01875