14 0.5578125 0.3796875 0.103125 0.01875
14 0.55625 0.4703125 0.103125 0.01875
14 0.584375 0.559375 0.0578125 0.01875
14 0.5609375 0.65 0.103125 0.01875
3 0.6390625 0.3796875 0.025 0.0328125
5 0.6390625 0.46875 0.028125 0.028125
3 0.6421875 0.5578125 0.03125 0.025
3 0.6421875 0.6484375 0.025 0.025
6 0.4890625 0.3703125 0.3625 0.0515625
6 0.4890625 0.4578125 0.3625 0.0484375
6 0.49375 0.546875 0.3625 0.046875
6 0.49375 0.6375 0.3625 0.046875
14 0.4984375 0.89375 0.4078125 0.0296875
14 0.5015625 0.8265625 0.31875 0.0484375
3 0.4984375 0.240625 0.096875 0.0953125
14 0.5 0.0625 0.340625 0.025
11 0.5 0.48125 0.4671875 0.48125