14 0.3796875 0.6296875 0.0359375 0.00625
14 0.3796875 0.51875 0.0359375 0.00625
14 0.371875 0.4078125 0.0203125 0.00625
3 0.6375 0.628125 0.0171875 0.021875
3 0.6375 0.5171875 0.0171875 0.021875
3 0.640625 0.40625 0.01875 0.0140625
15 0.415625 0.2140625 0.1890625 0.0546875
14 0.5125 0.2890625 0.096875 0.025
14 0.371875 0.3578125 0.04375 0.0125
14 0.3890625 0.46875 0.0796875 0.0125
14 0.4265625 0.5796875 0.153125 0.0125
15 0.4953125 0.7265625 0.15625 0.05
6 0.5015625 0.4078125 0.3234375 0.0515625
6 0.5015625 0.51875 0.3234375 0.0515625
6 0.5015625 0.6296875 0.3234375 0.0515625