14 0.4109375 0.34375 0.0703125 0.0109375
14 0.4078125 0.4328125 0.0625 0.0109375
3 0.3453125 0.4359375 0.0203125 0.0203125
3 0.34375 0.3453125 0.01875 0.01875
3 0.296875 0.08125 0.015625 0.025
3 0.6546875 0.8703125 0.0609375 0.0609375
3 0.3203125 0.8921875 0.0109375 0.01875
3 0.375 0.8921875 0.01875 0.01875
14 0.4 0.1953125 0.0890625 0.0359375
14 0.453125 0.234375 0.2015625 0.0171875
6 0.5 0.34375 0.36875 0.0609375
6 0.5 0.434375 0.36875 0.0609375
14 0.384375 0.503125 0.134375 0.0171875
14 0.3703125 0.85 0.1078125 0.0125