14 0.590625 0.4453125 0.0734375 0.0109375
14 0.5890625 0.4765625 0.075 0.015625
14 0.60625 0.3828125 0.040625 0.015625
14 0.6078125 0.3515625 0.040625 0.0109375
3 0.6578125 0.478125 0.0234375 0.0265625
3 0.6609375 0.384375 0.0234375 0.0171875
5 0.5 0.134375 0.1 0.1015625
14 0.6546875 0.2609375 0.0859375 0.0328125
14 0.3359375 0.25625 0.075 0.021875
14 0.39375 0.540625 0.11875 0.015625
15 0.5 0.6234375 0.3828125 0.05625
3 0.5515625 0.759375 0.0125 0.0265625
3 0.5046875 0.7609375 0.0265625 0.0234375
3 0.453125 0.7609375 0.0234375 0.01875
6 0.5 0.38125 0.384375 0.0671875
6 0.5 0.475 0.3828125 0.0671875
11 0.5 0.5875 0.415625 0.55