14 0.41875 0.6921875 0.11875 0.015625
14 0.4171875 0.5984375 0.115625 0.015625
14 0.39375 0.5046875 0.071875 0.015625
3 0.3140625 0.6921875 0.021875 0.028125
3 0.315625 0.5984375 0.028125 0.0296875
3 0.315625 0.5046875 0.0265625 0.028125
17 0.5 0.01875 0.5609375 0.0375
14 0.5 0.203125 0.178125 0.040625
14 0.640625 0.371875 0.0703125 0.01875
14 0.359375 0.371875 0.0890625 0.0203125
5 0.5 0.2234375 0.5609375 0.36875
6 0.5 0.5046875 0.4375 0.071875
6 0.5 0.5984375 0.4375 0.071875
6 0.5 0.6921875 0.4375 0.071875
15 0.5 0.8484375 0.4375 0.071875
14 0.496875 0.94375 0.325 0.021875