14 0.3203125 0.83125 0.0734375 0.0203125
14 0.325 0.740625 0.0875 0.015625
14 0.30625 0.65 0.0453125 0.015625
14 0.31875 0.55625 0.0734375 0.015625
14 0.309375 0.4625 0.0515625 0.015625
3 0.2625 0.0390625 0.021875 0.021875
3 0.5015625 0.20625 0.153125 0.1546875
14 0.34375 0.040625 0.090625 0.025
5 0.5 0.2203125 0.5609375 0.284375
15 0.5 0.959375 0.5609375 0.0796875
6 0.53125 0.8375 0.4984375 0.0328125
6 0.53125 0.746875 0.5 0.0296875
6 0.53125 0.65625 0.4984375 0.0296875
6 0.53125 0.5625 0.4984375 0.03125
6 0.53125 0.4703125 0.4984375 0.03125