14 0.4484375 0.5203125 0.1109375 0.0140625
14 0.5 0.4296875 0.215625 0.015625
3 0.6515625 0.521875 0.0234375 0.015625
3 0.3515625 0.5203125 0.01875 0.025
3 0.35 0.4296875 0.021875 0.015625
14 0.5 0.35 0.2046875 0.01875
6 0.5 0.4296875 0.3671875 0.0671875
6 0.5 0.521875 0.3671875 0.0671875
14 0.5875 0.590625 0.1859375 0.0125
15 0.5 0.659375 0.3671875 0.0671875
5 0.5 0.15625 0.0796875 0.06875
14 0.4953125 0.2234375 0.103125 0.0203125
14 0.5 0.928125 0.2828125 0.0109375
0 0.5 0.5 0.4609375 0.9984375