14 0.678125 0.571875 0.0390625 0.0125
14 0.659375 0.6515625 0.0734375 0.0125
14 0.6609375 0.49375 0.071875 0.0125
14 0.6609375 0.4140625 0.071875 0.0125
3 0.3203125 0.6546875 0.021875 0.0140625
17 0.4875 0.028125 0.4015625 0.0140625
14 0.5984375 0.3125 0.1921875 0.053125
6 0.5 0.4234375 0.39375 0.03125
6 0.5 0.5015625 0.39375 0.0296875
6 0.5 0.58125 0.39375 0.0296875
6 0.5 0.6609375 0.39375 0.03125
15 0.375 0.746875 0.1453125 0.0515625
14 0.4984375 0.821875 0.1125 0.0171875
3 0.453125 0.8796875 0.05625 0.05625
3 0.546875 0.8796875 0.05625 0.05625
14 0.496875 0.95625 0.16875 0.0171875