14 0.390625 0.4703125 0.090625 0.015625
14 0.36875 0.3640625 0.0484375 0.015625
3 0.3140625 0.46875 0.01875 0.0234375
3 0.3140625 0.3640625 0.0234375 0.01875
14 0.615625 0.1953125 0.0671875 0.021875
3 0.265625 0.0703125 0.0265625 0.021875
14 0.4546875 0.1953125 0.1984375 0.0359375
6 0.5 0.365625 0.4671875 0.075
6 0.5 0.4703125 0.4671875 0.075
15 0.5 0.625 0.46875 0.075
14 0.5 0.74375 0.1859375 0.0203125
15 0.5 0.8609375 0.4671875 0.075
14 0.5015625 0.95 0.325 0.021875
0 0.5 0.5 0.5609375 0.9984375