14 0.5890625 0.65625 0.0703125 0.0109375
14 0.5921875 0.5671875 0.0625 0.0109375
3 0.6546875 0.5640625 0.0203125 0.0203125
3 0.65625 0.6546875 0.01875 0.01875
3 0.703125 0.91875 0.015625 0.025
3 0.3453125 0.1296875 0.0609375 0.0609375
3 0.6796875 0.1078125 0.0109375 0.01875
3 0.625 0.1078125 0.01875 0.01875
14 0.6 0.8046875 0.0890625 0.0359375
14 0.546875 0.765625 0.2015625 0.0171875
6 0.5 0.65625 0.36875 0.0609375
6 0.5 0.565625 0.36875 0.0609375
14 0.615625 0.496875 0.134375 0.0171875
14 0.6296875 0.15 0.1078125 0.0125