14 0.678125 0.428125 0.0390625 0.0125
14 0.659375 0.3484375 0.0734375 0.0125
14 0.6609375 0.50625 0.071875 0.0125
14 0.6609375 0.5859375 0.071875 0.0125
3 0.3203125 0.3453125 0.021875 0.0140625
17 0.4875 0.971875 0.4015625 0.0140625
14 0.5984375 0.6875 0.1921875 0.053125
6 0.5 0.5765625 0.39375 0.03125
6 0.5 0.4984375 0.39375 0.0296875
6 0.5 0.41875 0.39375 0.0296875
6 0.5 0.3390625 0.39375 0.03125
15 0.375 0.253125 0.1453125 0.0515625
14 0.4984375 0.178125 0.1125 0.0171875
3 0.453125 0.1203125 0.05625 0.05625
3 0.546875 0.1203125 0.05625 0.05625
14 0.496875 0.04375 0.16875 0.0171875