14 0.378125 0.61875 0.078125 0.015625
14 0.36875 0.5203125 0.059375 0.015625
14 0.384375 0.421875 0.0921875 0.015625
14 0.3640625 0.321875 0.0484375 0.015625
14 0.365625 0.2234375 0.053125 0.015625
3 0.303125 0.6171875 0.0171875 0.0234375
5 0.303125 0.5171875 0.0234375 0.0234375
3 0.303125 0.41875 0.01875 0.025
3 0.303125 0.321875 0.0234375 0.01875
3 0.303125 0.2234375 0.0234375 0.0234375
3 0.2625 0.0671875 0.0265625 0.021875
14 0.5125 0.9125 0.3328125 0.021875
15 0.5015625 0.78125 0.4734375 0.071875
14 0.5 0.06875 0.0859375 0.0171875
6 0.5 0.221875 0.471875 0.0953125
6 0.5 0.3203125 0.471875 0.0953125
6 0.5 0.4203125 0.471875 0.0953125
6 0.5 0.51875 0.471875 0.0953125
6 0.5 0.6171875 0.471875 0.0953125