14 0.6359375 0.5765625 0.09375 0.0203125
14 0.6578125 0.46875 0.0515625 0.0203125
3 0.33125 0.5796875 0.0296875 0.0203125
5 0.6328125 0.1890625 0.1828125 0.071875
14 0.546875 0.2921875 0.3359375 0.0359375
14 0.59375 0.34375 0.2421875 0.028125
6 0.5 0.4703125 0.440625 0.0734375
6 0.5 0.578125 0.4421875 0.0734375
14 0.6390625 0.6546875 0.159375 0.0203125
14 0.3609375 0.753125 0.0875 0.025
14 0.50625 0.8359375 0.021875 0.015625
15 0.5828125 0.7515625 0.2734375 0.071875
15 0.5 0.9171875 0.4421875 0.0734375