14 0.3203125 0.196875 0.109375 0.0203125
14 0.309375 0.2859375 0.0921875 0.0203125
14 0.29375 0.3796875 0.0578125 0.0203125
14 0.296875 0.4734375 0.065625 0.01875
3 0.5015625 0.8078125 0.153125 0.153125
14 0.359375 0.575 0.0890625 0.0265625
5 0.5 0.80625 0.5609375 0.384375
6 0.5234375 0.465625 0.515625 0.0328125
6 0.5234375 0.3734375 0.515625 0.0328125
6 0.521875 0.28125 0.5171875 0.03125
6 0.5234375 0.1890625 0.515625 0.034375
15 0.5 0.040625 0.5609375 0.0796875
15 0.640625 0.578125 0.2796875 0.0734375