0 0.5 0.5 0.5609375 0.9984375
3 0.7375 0.9328125 0.0265625 0.0234375
5 0.5 0.815625 0.1546875 0.153125
6 0.4984375 0.6640625 0.4078125 0.075
3 0.66875 0.665625 0.0234375 0.0234375
14 0.590625 0.665625 0.09375 0.015625
6 0.4984375 0.559375 0.4078125 0.075
3 0.66875 0.5609375 0.0234375 0.01875
14 0.6125 0.5609375 0.0484375 0.015625
6 0.4984375 0.4546875 0.4078125 0.075
3 0.66875 0.45625 0.01875 0.0234375
14 0.590625 0.4546875 0.090625 0.015625
2 0.68125 0.3265625 0.0359375 0.0359375
14 0.478125 0.325 0.3203125 0.01875
15 0.5 0.1875 0.475 0.075
14 0.5 0.0609375 0.3375 0.021875