17 0.5078125 0.028125 0.3921875 0.0140625
5 0.5 0.109375 0.4609375 0.2171875
14 0.528125 0.103125 0.1671875 0.0453125
5 0.5 0.2328125 0.1609375 0.1625
14 0.3890625 0.334375 0.090625 0.0109375
6 0.5 0.371875 0.3140625 0.0515625
14 0.4 0.371875 0.0671875 0.009375
14 0.3890625 0.4390625 0.0875 0.0109375
6 0.5 0.478125 0.3140625 0.0515625
14 0.4 0.478125 0.0640625 0.009375
14 0.3890625 0.5375 0.0875 0.0109375
6 0.5 0.578125 0.3140625 0.0515625
14 0.4 0.5765625 0.0640625 0.009375
14 0.4640625 0.6265625 0.19375 0.0109375
2 0.35 0.625 0.0140625 0.0140625
15 0.5 0.6921875 0.3140625 0.0578125
14 0.5 0.78125 0.1296875 0.009375
15 0.41875 0.8328125 0.15 0.0515625
15 0.58125 0.8328125 0.15 0.0515625
14 0.5 0.9046875 0.140625 0.0125