14 0.9109375 0.7953125 0.10625 0.1546875
14 0.9453125 0.6875 0.05625 0.0140625
14 0.9484375 0.665625 0.0484375 0.0171875
14 0.925 0.646875 0.090625 0.0140625
14 0.9375 0.6296875 0.06875 0.0125
14 0.9421875 0.609375 0.0578125 0.015625
14 0.9296875 0.578125 0.0921875 0.0109375
12 0.91875 0.5578125 0.109375 0.0203125
14 0.9484375 0.55625 0.046875 0.009375
3 0.875 0.55625 0.015625 0.015625
14 0.94375 0.5234375 0.059375 0.0140625
14 0.9453125 0.5 0.05625 0.0140625
14 0.9296875 0.48125 0.0875 0.0140625
14 0.9453125 0.4640625 0.0625 0.0140625
14 0.940625 0.4453125 0.0640625 0.01875
14 0.9453125 0.428125 0.05625 0.0140625
14 0.9296875 0.3921875 0.0859375 0.0140625
14 0.9453125 0.371875 0.0578125 0.0125
14 0.9484375 0.35 0.059375 0.0140625
14 0.9453125 0.334375 0.0640625 0.0140625
14 0.946875 0.315625 0.0578125 0.0125
14 0.95 0.296875 0.0453125 0.0125
14 0.94375 0.278125 0.053125 0.0125
14 0.9484375 0.259375 0.0546875 0.0140625
14 0.9484375 0.2421875 0.053125 0.0140625
14 0.9453125 0.221875 0.05625 0.0109375
14 0.94375 0.203125 0.0609375 0.0140625
14 0.9453125 0.1875 0.05625 0.0125
14 0.940625 0.1671875 0.0625 0.0140625
14 0.9453125 0.15 0.053125 0.0140625
14 0.6390625 0.725 0.2859375 0.03125
9 0.41875 0.8140625 0.809375 0.0359375
14 0.7171875 0.8125 0.0640625 0.0140625
14 0.7890625 0.8109375 0.05625 0.0171875
14 0.3859375 0.8125 0.03125 0.015625
14 0.3203125 0.8125 0.071875 0.0140625
14 0.2515625 0.8109375 0.0390625 0.0140625
6 0.1171875 0.8125 0.1984375 0.028125
14 0.128125 0.8140625 0.1609375 0.0125
3 0.028125 0.815625 0.015625 0.01875
3 0.3296875 0.8578125 0.0140625 0.01875
14 0.2859375 0.85625 0.071875 0.0140625
14 0.2328125 0.85625 0.0234375 0.015625
14 0.178125 0.8578125 0.0703125 0.0140625
14 0.09375 0.85625 0.084375 0.0140625
14 0.03125 0.85625 0.0359375 0.0171875
14 0.565625 0.675 0.4421875 0.040625
14 0.271875 0.6984375 0.05 0.01875
14 0.2078125 0.6984375 0.0515625 0.0140625
14 0.1421875 0.6984375 0.04375 0.0203125
15 0.065625 0.696875 0.0734375 0.0359375
14 0.065625 0.696875 0.05 0.01875
14 0.7234375 0.6125 0.146875 0.0203125
14 0.215625 0.6109375 0.19375 0.0203125
14 0.5703125 0.35 0.4375 0.44375
5 0.5703125 0.353125 0.4359375 0.44375
5 0.153125 0.4375 0.2984375 0.2984375
14 0.1515625 0.2765625 0.3 0.015625
7 0.2734375 0.278125 0.05625 0.0140625
14 0.08125 0.246875 0.1578125 0.0203125
14 0.2109375 0.1875 0.2015625 0.0234375
14 0.1515625 0.14375 0.2984375 0.03125