2 0.875 0.353125 0.0265625 0.028125
14 0.8046875 0.3546875 0.0953125 0.0140625
5 0.6453125 0.3453125 0.0375 0.03125
14 0.6421875 0.3765625 0.0578125 0.021875
14 0.74375 0.2859375 0.3125 0.0234375
14 0.5171875 0.4203125 0.771875 0.0171875
14 0.7453125 0.4765625 0.309375 0.021875
14 0.603125 0.528125 0.51875 0.0203125
14 0.721875 0.55 0.275 0.0140625
14 0.50625 0.6125 0.79375 0.040625
14 0.6984375 0.6765625 0.4 0.021875
14 0.8328125 0.8546875 0.134375 0.0125
15 0.478125 0.8546875 0.2875 0.0390625
14 0.4796875 0.85625 0.0921875 0.0140625
3 0.875 0.5296875 0.0078125 0.0140625
3 0.8765625 0.55 0.0140625 0.009375