5 0.9296875 0.15 0.09375 0.0359375
14 0.8 0.1390625 0.1046875 0.0125
14 0.778125 0.1578125 0.1453125 0.0140625
14 0.6078125 0.140625 0.1265625 0.0125
14 0.590625 0.1578125 0.1578125 0.015625
14 0.4125 0.140625 0.1484375 0.0140625
14 0.4234375 0.15625 0.1328125 0.0125
3 0.346875 0.1578125 0.0109375 0.0140625
14 0.228125 0.140625 0.15625 0.0109375
14 0.228125 0.159375 0.153125 0.0140625
3 0.2734375 0.159375 0.0078125 0.00625
14 0.0765625 0.1421875 0.13125 0.0125
14 0.0765625 0.159375 0.121875 0.0109375
14 0.95625 0.1890625 0.034375 0.015625
14 0.8828125 0.1890625 0.0453125 0.0125
14 0.7828125 0.190625 0.0953125 0.015625
14 0.6921875 0.1890625 0.0234375 0.0171875
14 0.628125 0.190625 0.05 0.01875
14 0.5609375 0.1890625 0.034375 0.0140625
14 0.490625 0.1890625 0.0421875 0.0125
14 0.4171875 0.1921875 0.053125 0.0140625
3 0.3421875 0.1890625 0.0328125 0.0203125
3 0.2828125 0.1921875 0.0203125 0.021875
15 0.19375 0.1890625 0.0859375 0.0265625
14 0.196875 0.1890625 0.0625 0.0140625
12 0.1 0.190625 0.065625 0.01875
12 0.0765625 0.190625 0.015625 0.0203125
14 0.1109375 0.1890625 0.0375 0.015625
4 0.4953125 0.346875 0.9453125 0.2765625
5 0.875 0.546875 0.2046875 0.121875
14 0.8859375 0.6375 0.1921875 0.0546875
14 0.878125 0.7109375 0.2 0.0828125
14 0.9484375 0.7671875 0.0578125 0.0140625
14 0.8578125 0.76875 0.109375 0.0140625
5 0.8765625 0.834375 0.20625 0.071875
5 0.5453125 0.6046875 0.4234375 0.2421875
14 0.5796875 0.78125 0.346875 0.09375
14 0.55 0.8546875 0.409375 0.0328125
14 0.2421875 0.5 0.1390625 0.021875
14 0.1875 0.546875 0.2515625 0.03125
14 0.1921875 0.5953125 0.240625 0.0296875
14 0.1734375 0.64375 0.2890625 0.0328125
14 0.1984375 0.6953125 0.23125 0.03125
14 0.1796875 0.746875 0.271875 0.034375
14 0.1671875 0.796875 0.290625 0.028125
14 0.175 0.84375 0.28125 0.03125