5 0.940625 0.809375 0.0640625 0.0609375
14 0.8359375 0.8078125 0.128125 0.0546875
5 0.95625 0.8625 0.028125 0.015625
14 0.7984375 0.8609375 0.2796875 0.0125
14 0.1234375 0.865625 0.14375 0.01875
3 0.0390625 0.8640625 0.0140625 0.015625
6 0.2859375 0.8265625 0.2359375 0.025
14 0.3546875 0.825 0.0890625 0.0140625
3 0.184375 0.8265625 0.0140625 0.0140625
5 0.09375 0.8125 0.1328125 0.059375
14 0.9046875 0.753125 0.05 0.0140625
14 0.778125 0.753125 0.0421875 0.0140625
14 0.63125 0.7546875 0.0921875 0.0140625
14 0.4609375 0.753125 0.090625 0.0171875
14 0.309375 0.7515625 0.0453125 0.0140625
14 0.1421875 0.7515625 0.13125 0.015625
10 0.0625 0.715625 0.065625 0.0171875
14 0.509375 0.79375 0.04375 0.0125
14 0.446875 0.7921875 0.0640625 0.0125
14 0.3765625 0.79375 0.0578125 0.0140625
5 0.3296875 0.79375 0.0171875 0.0203125
5 0.3015625 0.7921875 0.0203125 0.01875
5 0.2703125 0.79375 0.0203125 0.021875
5 0.240625 0.79375 0.0203125 0.0203125
5 0.209375 0.79375 0.0171875 0.0203125
5 0.178125 0.7921875 0.015625 0.0234375
12 0.7671875 0.7140625 0.4203125 0.028125
14 0.75625 0.7140625 0.3953125 0.0171875
3 0.9625 0.7125 0.0140625 0.0171875
14 0.5109375 0.61875 0.8859375 0.0890625
7 0.259375 0.5875 0.1421875 0.0203125
14 0.534375 0.5390625 0.8328125 0.040625
7 0.3796875 0.55 0.0796875 0.0140625
14 0.503125 0.4828125 0.8984375 0.0453125
7 0.11875 0.4953125 0.1234375 0.0125
7 0.9203125 0.471875 0.0625 0.01875
14 0.4984375 0.38125 0.5484375 0.034375
14 0.103125 0.428125 0.09375 0.0171875
14 0.7890625 0.303125 0.2953125 0.01875
14 0.728125 0.2453125 0.4125 0.0640625
7 0.7140625 0.26875 0.16875 0.015625
7 0.5828125 0.2703125 0.08125 0.0171875
7 0.9203125 0.24375 0.0296875 0.01875
7 0.740625 0.246875 0.3171875 0.0140625
7 0.5515625 0.246875 0.053125 0.0140625
7 0.7890625 0.2234375 0.2953125 0.0109375
7 0.5765625 0.221875 0.078125 0.0140625
15 0.834375 0.1640625 0.19375 0.0515625
14 0.8328125 0.1671875 0.0859375 0.0203125
14 0.1984375 0.275 0.1546875 0.0203125
14 0.171875 0.2359375 0.209375 0.01875
14 0.215625 0.2 0.121875 0.0203125
14 0.209375 0.159375 0.1359375 0.0203125