16 0.5 0.2109375 0.9984375 0.0734375
14 0.9125 0.2109375 0.1140625 0.0203125
14 0.66875 0.2125 0.23125 0.015625
3 0.8046875 0.2109375 0.0171875 0.0171875
6 0.5078125 0.209375 0.6375 0.0390625
3 0.2109375 0.2109375 0.015625 0.0125
14 0.084375 0.2125 0.1171875 0.015625
14 0.0953125 0.1484375 0.0390625 0.015625
3 0.05 0.146875 0.0171875 0.0125
3 0.5671875 0.146875 0.0140625 0.015625
14 0.5140625 0.1484375 0.071875 0.015625
14 0.6953125 0.146875 0.1078125 0.015625
14 0.8203125 0.1484375 0.0640625 0.015625
14 0.9296875 0.1484375 0.0796875 0.0125
14 0.7125 0.36875 0.50625 0.0359375
14 0.6859375 0.4484375 0.559375 0.075
15 0.9125 0.5296875 0.0984375 0.03125
15 0.7953125 0.53125 0.1015625 0.0328125
14 0.9140625 0.53125 0.0734375 0.015625
14 0.79375 0.5296875 0.0703125 0.0125
14 0.5 0.74375 0.55625 0.0359375
14 0.4984375 0.803125 0.35625 0.040625