9 0.521875 0.8609375 0.953125 0.021875
14 0.1359375 0.8609375 0.1453125 0.015625
14 0.2796875 0.8609375 0.0890625 0.0171875
14 0.3890625 0.8625 0.0765625 0.015625
14 0.4984375 0.8625 0.0859375 0.015625
14 0.621875 0.8609375 0.103125 0.015625
14 0.7796875 0.8625 0.15625 0.015625
14 0.9140625 0.8609375 0.0578125 0.0140625
16 0.5203125 0.825 0.9546875 0.0421875
5 0.125 0.8296875 0.1265625 0.0234375
14 0.4546875 0.828125 0.1015625 0.0125
5 0.55 0.828125 0.0671875 0.015625
15 0.6703125 0.828125 0.1140625 0.03125
5 0.7609375 0.8265625 0.03125 0.03125
3 0.8046875 0.8265625 0.01875 0.0234375
14 0.8359375 0.8265625 0.0328125 0.0125
3 0.88125 0.828125 0.025 0.0234375
3 0.91875 0.825 0.0203125 0.0203125
3 0.96875 0.828125 0.025 0.01875
3 0.021875 0.8296875 0.015625 0.01875
5 0.365625 0.6453125 0.6046875 0.28125
14 0.18125 0.7234375 0.203125 0.040625
14 0.1953125 0.6546875 0.23125 0.05625
14 0.1125 0.528125 0.0609375 0.0140625
14 0.2015625 0.40625 0.246875 0.0671875
14 0.20625 0.3375 0.253125 0.040625
14 0.103125 0.225 0.0453125 0.0140625
3 0.325 0.225 0.0140625 0.0171875
3 0.6390625 0.5296875 0.0171875 0.021875
14 0.515625 0.4453125 0.2375 0.034375
14 0.41875 0.3765625 0.0484375 0.015625
3 0.6140625 0.3765625 0.015625 0.0203125
3 0.6390625 0.3765625 0.0171875 0.01875
14 0.434375 0.303125 0.0828125 0.015625
14 0.5 0.2828125 0.2140625 0.0125
14 0.41875 0.225 0.0484375 0.0125
3 0.615625 0.225 0.0140625 0.0203125
3 0.6390625 0.225 0.0140625 0.01875
4 0.521875 0.1578125 0.921875 0.0640625
3 0.090625 0.15625 0.015625 0.01875
14 0.31875 0.1578125 0.403125 0.0234375
14 0.8859375 0.15625 0.071875 0.0171875
3 0.9515625 0.1578125 0.021875 0.021875
5 0.834375 0.70625 0.29375 0.159375
14 0.8328125 0.6015625 0.253125 0.015625
10 0.834375 0.528125 0.0921875 0.0125
14 0.7515625 0.45625 0.13125 0.05