5 0.48125 0.84375 0.3078125 0.0484375
3 0.9484375 0.8453125 0.0203125 0.01875
16 0.5 0.8453125 0.9984375 0.059375
14 0.7765625 0.759375 0.15 0.0453125
14 0.478125 0.7578125 0.16875 0.0296875
14 0.18125 0.7578125 0.1828125 0.0296875
5 0.3140625 0.7546875 0.0640625 0.0640625
5 0.603125 0.7546875 0.0640625 0.0640625
5 0.890625 0.7546875 0.0640625 0.0640625
3 0.9453125 0.7546875 0.0078125 0.0109375
3 0.0546875 0.753125 0.0078125 0.0109375
1 0.053125 0.7546875 0.0265625 0.0640625
1 0.9453125 0.7546875 0.025 0.0640625
14 0.5546875 0.1484375 0.828125 0.015625
14 0.0796875 0.146875 0.059375 0.0140625
3 0.0421875 0.1671875 0.046875 0.0453125
15 0.0796875 0.1484375 0.0953125 0.0296875
14 0.6578125 0.271875 0.5015625 0.1921875
5 0.5 0.4390625 0.9171875 0.5296875