5 0.4984375 0.5890625 0.2953125 0.1234375
5 0.5 0.4734375 0.15 0.0765625
4 0.5 0.81875 0.996875 0.109375
14 0.5 0.83125 0.953125 0.01875
14 0.5 0.80625 0.2484375 0.01875
7 0.4140625 0.80625 0.0765625 0.015625
14 0.7703125 0.1453125 0.0390625 0.0203125
14 0.715625 0.1453125 0.0484375 0.0171875
14 0.653125 0.1453125 0.059375 0.0203125
14 0.5703125 0.1453125 0.084375 0.01875
14 0.4484375 0.1453125 0.14375 0.01875
14 0.28125 0.14375 0.1390625 0.0203125
3 0.3609375 0.14375 0.0109375 0.0109375
3 0.3625 0.1453125 0.0125 0.015625