3 0.0421875 0.1453125 0.0234375 0.0234375
14 0.0984375 0.146875 0.0703125 0.0125
14 0.2390625 0.1453125 0.0359375 0.0109375
3 0.20625 0.146875 0.0125 0.0125
6 0.3046875 0.1453125 0.2234375 0.025
14 0.296875 0.221875 0.2109375 0.0171875
14 0.2953125 0.2625 0.465625 0.028125
14 0.221875 0.7296875 0.078125 0.0109375
14 0.378125 0.728125 0.071875 0.0109375
14 0.2890625 0.775 0.0609375 0.009375
3 0.1703125 0.7296875 0.015625 0.0125
3 0.328125 0.728125 0.0109375 0.0125
3 0.33125 0.775 0.0046875 0.0046875
0 0.5015625 0.5171875 0.9953125 0.6984375
6 0.8140625 0.2375 0.2625 0.0328125
6 0.8125 0.2859375 0.2640625 0.03125
14 0.7390625 0.2375 0.0875 0.0125
14 0.725 0.2859375 0.0625 0.0140625
14 0.8578125 0.340625 0.1234375 0.0125
15 0.7296875 0.3390625 0.1 0.0359375
14 0.8140625 0.4421875 0.153125 0.0171875
14 0.8125 0.465625 0.078125 0.0109375
6 0.8125 0.5109375 0.2578125 0.0328125
6 0.8125 0.5578125 0.2609375 0.0328125
14 0.7421875 0.509375 0.0921875 0.0140625
14 0.740625 0.559375 0.0921875 0.0140625
14 0.7046875 0.6 0.0421875 0.0109375
3 0.7453125 0.5984375 0.0140625 0.015625
14 0.70625 0.6328125 0.021875 0.0140625
14 0.7984375 0.6328125 0.040625 0.0125
14 0.8984375 0.63125 0.0265625 0.0125
14 0.715625 0.671875 0.065625 0.0109375
14 0.7234375 0.696875 0.0390625 0.009375
14 0.8046875 0.696875 0.0234375 0.0109375
15 0.8125 0.7390625 0.2625 0.0328125
15 0.8125 0.79375 0.2578125 0.0296875
2 0.6875 0.6953125 0.015625 0.0109375
2 0.778125 0.69375 0.0125 0.0125
12 0.71875 0.6328125 0.075 0.0328125
12 0.8140625 0.6328125 0.0953125 0.034375
12 0.9078125 0.6328125 0.071875 0.0328125
3 0.9296875 0.63125 0.0125 0.0078125
3 0.8484375 0.6328125 0.009375 0.00625
3 0.7390625 0.63125 0.009375 0.0078125