5 0.89375 0.721875 0.1765625 0.0421875
0 0.4984375 0.425 0.9953125 0.515625
14 0.534375 0.8390625 0.4609375 0.01875
14 0.2171875 0.8421875 0.1359375 0.0125
14 0.915625 0.8421875 0.0328125 0.0140625
14 0.7203125 0.721875 0.0734375 0.0140625
14 0.5984375 0.721875 0.078125 0.0140625
14 0.4671875 0.7203125 0.084375 0.0140625
14 0.35625 0.740625 0.0796875 0.01875
14 0.259375 0.740625 0.0515625 0.0140625
14 0.36875 0.7015625 0.0546875 0.0125
14 0.259375 0.7015625 0.0203125 0.0109375
14 0.26875 0.778125 0.109375 0.015625
14 0.1625 0.778125 0.0390625 0.0171875
14 0.0890625 0.778125 0.0515625 0.0140625
14 0.1578125 0.71875 0.053125 0.015625
14 0.0625 0.7359375 0.0625 0.0140625
15 0.0609375 0.734375 0.1015625 0.04375
3 0.0265625 0.76875 0.015625 0.0140625
3 0.11875 0.71875 0.0109375 0.009375
3 0.221875 0.7203125 0.0109375 0.0078125
3 0.5453125 0.71875 0.0125 0.0078125
3 0.6703125 0.71875 0.0125 0.00625
3 0.9515625 0.840625 0.0109375 0.0125
3 0.8765625 0.840625 0.0109375 0.0125
3 0.0359375 0.840625 0.0140625 0.0140625
3 0.434375 0.28125 0.0171875 0.0171875
14 0.709375 0.2375 0.496875 0.0546875
14 0.678125 0.16875 0.1171875 0.015625
14 0.5078125 0.1703125 0.1265625 0.0140625
15 0.5078125 0.16875 0.1484375 0.04375
11 0.684375 0.2203125 0.6015625 0.1734375
14 0.3546875 0.28125 0.0578125 0.0171875
14 0.496875 0.5015625 0.6859375 0.1875
14 0.5015625 0.36875 0.1546875 0.0234375
1 0.0609375 0.184375 0.053125 0.0515625
3 0.0609375 0.1859375 0.021875 0.01875
11 0.5015625 0.8390625 0.996875 0.06875
16 0.5 0.7453125 0.996875 0.1203125
3 0.20625 0.7890625 0.0078125 0.0078125
12 0.1484375 0.71875 0.071875 0.01875
12 0.5875 0.721875 0.0984375 0.0140625
12 0.709375 0.7234375 0.09375 0.015625