16 0.5 0.1578125 0.996875 0.0609375
5 0.965625 0.153125 0.0625 0.028125
5 0.8984375 0.1515625 0.065625 0.0203125
12 0.75 0.1546875 0.1359375 0.0234375
14 0.7578125 0.1546875 0.1171875 0.0125
12 0.5890625 0.1546875 0.103125 0.01875
14 0.596875 0.1546875 0.084375 0.0140625
14 0.4546875 0.153125 0.0859375 0.0171875
14 0.3578125 0.1546875 0.040625 0.015625
0 0.4984375 0.465625 0.9921875 0.5515625
10 0.91875 0.728125 0.0875 0.0203125
14 0.7203125 0.44375 0.490625 0.1234375
5 0.95 0.55 0.0390625 0.0421875
14 0.7609375 0.55 0.3109375 0.0171875
4 0.5 0.80625 0.996875 0.128125
14 0.6921875 0.7875 0.5515625 0.015625
7 0.8359375 0.821875 0.2640625 0.01875
15 0.065625 0.8109375 0.06875 0.046875
14 0.065625 0.80625 0.0203125 0.015625
3 0.6875 0.1546875 0.0109375 0.0078125
3 0.54375 0.1546875 0.0109375 0.0109375