5 0.496875 0.2515625 0.4734375 0.146875
5 0.5015625 0.146875 0.1171875 0.0265625
14 0.8546875 0.140625 0.06875 0.0171875
14 0.9421875 0.140625 0.05 0.0125
3 0.9453125 0.24375 0.025 0.0265625
5 0.0515625 0.240625 0.0328125 0.0328125
14 0.271875 0.3390625 0.0171875 0.015625
14 0.3296875 0.3390625 0.0578125 0.015625
14 0.4125 0.340625 0.059375 0.015625
14 0.4875 0.3375 0.0453125 0.015625
14 0.5578125 0.3375 0.0484375 0.0171875
14 0.6703125 0.3390625 0.134375 0.01875
5 0.1375 0.384375 0.153125 0.15
14 0.115625 0.475 0.15 0.0171875
15 0.2265625 0.475 0.046875 0.0140625
14 0.228125 0.471875 0.0484375 0.0125
14 0.140625 0.53125 0.1953125 0.0828125
14 0.075 0.615625 0.06875 0.0140625
14 0.146875 0.6171875 0.0546875 0.0171875
14 0.1484375 0.715625 0.2125 0.165625
14 0.090625 0.84375 0.096875 0.015625
14 0.1796875 0.8453125 0.0484375 0.015625
14 0.146875 0.8671875 0.2046875 0.0140625
5 0.503125 0.5078125 0.39375 0.2640625
5 0.5046875 0.6375 0.0796875 0.025
14 0.503125 0.6921875 0.3359375 0.0609375
14 0.5046875 0.7515625 0.3640625 0.0375
14 0.5015625 0.7875 0.1265625 0.0125
5 0.8484375 0.4453125 0.140625 0.13125
14 0.8484375 0.56875 0.23125 0.0796875
14 0.846875 0.6625 0.2125 0.0234375
14 0.8484375 0.75 0.1859375 0.065625