5 0.153125 0.165625 0.2765625 0.03125
14 0.7390625 0.16875 0.4890625 0.015625
14 0.0765625 0.21875 0.128125 0.0140625
14 0.271875 0.21875 0.15 0.015625
14 0.4640625 0.21875 0.1203125 0.0171875
14 0.6421875 0.21875 0.1296875 0.0171875
14 0.7359375 0.315625 0.16875 0.025
14 0.4203125 0.3296875 0.2125 0.0578125
14 0.41875 0.4296875 0.3171875 0.059375
14 0.4859375 0.5109375 0.146875 0.0140625
14 0.325 0.5109375 0.103125 0.0171875
14 0.7203125 0.6375 0.1109375 0.0203125
14 0.7375 0.365625 0.14375 0.0171875
14 0.6953125 0.3875 0.0625 0.0171875
14 0.7984375 0.4109375 0.2671875 0.021875
14 0.69375 0.4359375 0.059375 0.0171875
14 0.7890625 0.48125 0.2484375 0.0171875
14 0.79375 0.50625 0.25625 0.0171875
14 0.6984375 0.553125 0.06875 0.0171875
14 0.6984375 0.5765625 0.0703125 0.0171875
14 0.80625 0.7984375 0.1578125 0.059375
14 0.3234375 0.76875 0.1515625 0.0265625
14 0.2921875 0.8171875 0.0578125 0.01875
14 0.4125 0.8421875 0.2625 0.0203125
14 0.2671875 0.865625 0.0125 0.0171875
14 0.084375 0.278125 0.1390625 0.01875
14 0.059375 0.3125 0.0875 0.0140625
14 0.0546875 0.3359375 0.0765625 0.015625
14 0.071875 0.359375 0.1125 0.0171875
14 0.0671875 0.3828125 0.10625 0.015625
14 0.059375 0.40625 0.0890625 0.0140625
14 0.05625 0.4296875 0.084375 0.0140625
14 0.0703125 0.453125 0.109375 0.0171875
14 0.0640625 0.4765625 0.096875 0.0140625
14 0.0546875 0.5 0.0796875 0.015625
14 0.0609375 0.54375 0.09375 0.01875
14 0.075 0.5796875 0.11875 0.01875
14 0.0609375 0.6046875 0.090625 0.0171875
14 0.059375 0.6265625 0.0875 0.0140625
14 0.0734375 0.65 0.1171875 0.0140625
14 0.059375 0.6734375 0.0859375 0.0125
14 0.05625 0.696875 0.0859375 0.0140625
14 0.0609375 0.7203125 0.0921875 0.015625
14 0.0671875 0.7625 0.103125 0.01875
14 0.053125 0.7984375 0.078125 0.0171875
14 0.053125 0.8203125 0.0765625 0.0140625
14 0.053125 0.8453125 0.075 0.015625
14 0.0640625 0.8671875 0.0984375 0.0125
3 0.15625 0.21875 0.0171875 0.0078125
3 0.3640625 0.21875 0.0140625 0.0078125
3 0.5390625 0.21875 0.0171875 0.009375
3 0.725 0.21875 0.015625 0.0078125
3 0.8671875 0.21875 0.01875 0.0171875
3 0.91875 0.21875 0.0203125 0.01875
3 0.971875 0.21875 0.0234375 0.0203125
15 0.7203125 0.6375 0.1390625 0.0390625
16 0.4984375 0.2203125 0.996875 0.05625
12 0.0890625 0.21875 0.153125 0.0140625
12 0.284375 0.2203125 0.175 0.0171875
12 0.4765625 0.21875 0.1453125 0.0171875
12 0.6546875 0.2203125 0.1546875 0.0171875
15 0.325 0.5109375 0.128125 0.0375
15 0.4859375 0.5125 0.1734375 0.0390625
11 0.1125 0.5609375 0.2234375 0.625
11 0.8046875 0.471875 0.346875 0.4078125
15 0.41875 0.8359375 0.34375 0.0734375