5 0.50625 0.1796875 0.475 0.075
14 0.8515625 0.18125 0.0859375 0.0171875
14 0.9515625 0.1828125 0.0578125 0.01875
14 0.140625 0.246875 0.0453125 0.015625
14 0.23125 0.25 0.046875 0.01875
14 0.35 0.2484375 0.1046875 0.01875
14 0.471875 0.25 0.053125 0.0203125
14 0.6046875 0.25 0.128125 0.0203125
14 0.7484375 0.246875 0.071875 0.015625
14 0.85625 0.246875 0.0578125 0.015625
14 0.0765625 0.2984375 0.115625 0.0390625
14 0.45 0.2875 0.546875 0.021875
14 0.0609375 0.35 0.06875 0.0140625
14 0.15 0.3515625 0.090625 0.0125
14 0.23125 0.3515625 0.04375 0.0109375
14 0.2859375 0.3515625 0.0375 0.0109375
14 0.3625 0.3515625 0.090625 0.0109375
14 0.465625 0.3515625 0.090625 0.0109375
14 0.575 0.3515625 0.096875 0.0109375
14 0.6796875 0.3515625 0.0859375 0.0125
14 0.771875 0.3515625 0.06875 0.0109375
14 0.8484375 0.3515625 0.0625 0.0109375
14 0.934375 0.3515625 0.0828125 0.0125
14 0.20625 0.7046875 0.19375 0.0640625
14 0.196875 0.8046875 0.1703125 0.0484375
14 0.5 0.734375 0.3203125 0.1234375
14 0.746875 0.6875 0.1109375 0.0234375
5 0.0578125 0.7125 0.084375 0.084375
5 0.05625 0.8203125 0.0828125 0.0828125
5 0.5 0.5046875 0.9484375 0.24375
5 0.9625 0.6078125 0.0484375 0.046875
5 0.5 0.8390625 0.3203125 0.06875
4 0.8390625 0.8234375 0.290625 0.1015625
5 0.825 0.6890625 0.0296875 0.03125
5 0.865625 0.6890625 0.0296875 0.0296875
5 0.903125 0.6875 0.028125 0.028125
5 0.9421875 0.6890625 0.028125 0.0296875
15 0.95625 0.73125 0.05625 0.0296875
14 0.9546875 0.7296875 0.0203125 0.0125
14 0.725 0.73125 0.046875 0.0125
6 0.809375 0.73125 0.2359375 0.03125
3 0.1734375 0.2484375 0.0078125 0.0046875
3 0.265625 0.25 0.0078125 0.0046875
3 0.4125 0.25 0.0078125 0.0046875
3 0.5078125 0.2484375 0.009375 0.0046875
3 0.6796875 0.25 0.009375 0.0046875
3 0.7953125 0.2484375 0.009375 0.0046875
3 0.89375 0.25 0.00625 0.0046875
12 0.1484375 0.2484375 0.059375 0.015625
12 0.2390625 0.25 0.0625 0.01875
12 0.35625 0.2484375 0.11875 0.01875
12 0.4796875 0.25 0.0671875 0.01875
12 0.6125 0.25 0.14375 0.0203125
12 0.75625 0.246875 0.0859375 0.015625
12 0.8625 0.246875 0.0703125 0.015625
15 0.853125 0.18125 0.10625 0.03125
15 0.953125 0.18125 0.0921875 0.03125
16 0.5 0.246875 0.9984375 0.0390625