5 0.1015625 0.15 0.1234375 0.028125
0 0.7453125 0.4484375 0.5078125 0.54375
14 0.1578125 0.3671875 0.234375 0.1296875
14 0.2609375 0.49375 0.440625 0.05625
14 0.2546875 0.5671875 0.4328125 0.05
14 0.1265625 0.6578125 0.09375 0.015625
14 0.3109375 0.6578125 0.0890625 0.015625
14 0.25 0.1515625 0.0515625 0.0109375
14 0.3796875 0.1515625 0.1390625 0.0125
14 0.5125 0.153125 0.0796875 0.0140625
14 0.634375 0.1515625 0.046875 0.0109375
3 0.6 0.15 0.0171875 0.015625
3 0.5578125 0.1515625 0.0078125 0.0046875
3 0.28125 0.1515625 0.0078125 0.0046875
12 0.2546875 0.1515625 0.0609375 0.0109375
12 0.51875 0.153125 0.0890625 0.015625
14 0.8453125 0.153125 0.0390625 0.015625
14 0.9109375 0.153125 0.046875 0.015625
3 0.940625 0.153125 0.0078125 0.0046875
12 0.915625 0.153125 0.059375 0.015625
16 0.5 0.15 0.996875 0.0484375
15 0.3109375 0.6546875 0.165625 0.0421875
15 0.1234375 0.65625 0.165625 0.0421875
14 0.5015625 0.8015625 0.1703125 0.025
3 0.809375 0.8640625 0.0234375 0.01875
3 0.4953125 0.8640625 0.0234375 0.0171875
3 0.178125 0.8640625 0.025 0.0171875