5 0.4984375 0.5140625 0.440625 0.09375
5 0.875 0.8484375 0.1984375 0.025
3 0.971875 0.74375 0.0203125 0.021875
14 0.5109375 0.14375 0.1625 0.025
3 0.4125 0.1484375 0.0140625 0.009375
14 0.553125 0.85 0.0671875 0.0171875
14 0.4359375 0.8515625 0.1078125 0.015625
14 0.3234375 0.85 0.05625 0.0140625
14 0.240625 0.8515625 0.05625 0.0171875
14 0.15625 0.8515625 0.05625 0.0140625
14 0.728125 0.803125 0.1046875 0.01875
14 0.9328125 0.803125 0.053125 0.01875
14 0.84375 0.803125 0.0671875 0.01875
14 0.6 0.803125 0.090625 0.01875
14 0.4671875 0.803125 0.1140625 0.0171875
14 0.3203125 0.8015625 0.1203125 0.0203125
14 0.1796875 0.803125 0.103125 0.0203125
14 0.06875 0.803125 0.0609375 0.01875
7 0.790625 0.7390625 0.2765625 0.01875
11 0.5 0.7421875 0.9984375 0.0640625
3 0.03125 0.74375 0.0171875 0.0171875
3 0.0890625 0.85 0.0203125 0.0171875
14 0.0453125 0.8515625 0.0515625 0.015625
0 0.5015625 0.4390625 0.9953125 0.5390625
16 0.5 0.825 0.9984375 0.096875