14 0.221875 0.6953125 0.4015625 0.0625
14 0.2734375 0.596875 0.3640625 0.0203125
14 0.2515625 0.5203125 0.3234375 0.0171875
14 0.2921875 0.440625 0.4 0.0203125
14 0.6515625 0.7515625 0.1296875 0.0390625
14 0.6625 0.715625 0.153125 0.021875
14 0.6515625 0.853125 0.08125 0.0125
14 0.796875 0.8546875 0.0515625 0.0125
14 0.8109375 0.8078125 0.084375 0.0140625
14 0.640625 0.665625 0.0828125 0.015625
14 0.8390625 0.665625 0.08125 0.015625
14 0.9546875 0.828125 0.0359375 0.0125
14 0.690625 0.6171875 0.1828125 0.015625
14 0.6546875 0.5703125 0.1171875 0.015625
14 0.621875 0.5203125 0.0640625 0.0171875
14 0.6109375 0.490625 0.025 0.0140625
14 0.6734375 0.490625 0.015625 0.0109375
14 0.734375 0.490625 0.028125 0.0109375
14 0.6171875 0.4578125 0.0546875 0.015625
14 0.6453125 0.4234375 0.0578125 0.0171875
14 0.734375 0.425 0.0375 0.015625
14 0.8203125 0.425 0.059375 0.015625
14 0.740625 0.378125 0.3046875 0.0390625
14 0.6828125 0.3203125 0.065625 0.021875
14 0.73125 0.25625 0.2875 0.015625
14 0.0546875 0.15 0.0671875 0.0125
14 0.11875 0.15 0.0453125 0.0125
14 0.1953125 0.15 0.09375 0.0140625
14 0.278125 0.15 0.0578125 0.015625
14 0.340625 0.1484375 0.0484375 0.0140625
14 0.4203125 0.15 0.096875 0.015625
14 0.4953125 0.1515625 0.034375 0.0140625
14 0.540625 0.1515625 0.040625 0.0140625
14 0.5921875 0.1515625 0.0453125 0.0109375
14 0.6328125 0.1515625 0.0265625 0.0140625
14 0.671875 0.1515625 0.0359375 0.015625
5 0.1046875 0.828125 0.171875 0.0359375
6 0.6828125 0.665625 0.190625 0.0375
6 0.884375 0.6671875 0.1890625 0.0375
6 0.784375 0.61875 0.390625 0.0390625
6 0.784375 0.5703125 0.390625 0.0375
6 0.6828125 0.8296875 0.146875 0.021875
6 0.84375 0.83125 0.14375 0.0203125
15 0.95625 0.8296875 0.046875 0.021875
15 0.684375 0.31875 0.1890625 0.0390625
3 0.0484375 0.5984375 0.0453125 0.04375
3 0.05 0.5203125 0.05 0.046875
3 0.0484375 0.4421875 0.05 0.04375
3 0.7125 0.15 0.0109375 0.0109375
3 0.7875 0.4921875 0.015625 0.015625
3 0.8796875 0.4265625 0.0171875 0.015625
2 0.603125 0.428125 0.0109375 0.0109375
2 0.703125 0.428125 0.0125 0.0109375
2 0.778125 0.428125 0.0125 0.0109375
16 0.4984375 0.8328125 0.996875 0.078125
1 0.7140625 0.1515625 0.0296875 0.0203125
12 0.621875 0.4921875 0.065625 0.028125
12 0.684375 0.4921875 0.0546875 0.028125
12 0.740625 0.4921875 0.05625 0.028125
3 0.646875 0.4921875 0.0046875 0.0046875
3 0.7015625 0.4921875 0.00625 0.00625
3 0.7609375 0.4921875 0.00625 0.00625