5 0.703125 0.75625 0.2796875 0.0484375
11 0.2859375 0.65 0.259375 0.240625
14 0.3296875 0.7015625 0.1328125 0.0859375
14 0.296875 0.6203125 0.2046875 0.040625
14 0.2421875 0.5703125 0.1125 0.0109375
14 0.6921875 0.6828125 0.26875 0.0484375
14 0.771875 0.6265625 0.0375 0.0125
14 0.784375 0.6046875 0.0625 0.0125
14 0.7828125 0.5578125 0.0921875 0.0109375
14 0.721875 0.584375 0.0359375 0.0125
7 0.6859375 0.55625 0.0921875 0.0140625
6 0.6359375 0.6265625 0.2265625 0.021875
6 0.6359375 0.6046875 0.2265625 0.01875
15 0.2421875 0.5703125 0.128125 0.025
11 0.4984375 0.6375 0.753125 0.3328125
15 0.721875 0.584375 0.0515625 0.01875