14 0.1296875 0.7453125 0.240625 0.01875
14 0.2078125 0.678125 0.39375 0.0453125
14 0.4515625 0.6203125 0.8828125 0.0453125
14 0.059375 0.5453125 0.103125 0.0203125
14 0.059375 0.4984375 0.1 0.01875
14 0.0265625 0.45625 0.0328125 0.01875
5 0.5015625 0.8359375 0.1953125 0.0515625
5 0.0375 0.8359375 0.0375 0.034375
5 0.959375 0.8359375 0.0328125 0.034375
5 0.628125 0.3765625 0.69375 0.353125
11 0.5 0.1625 0.9984375 0.0703125
14 0.5015625 0.1609375 0.778125 0.01875
3 0.9765625 0.175 0.0234375 0.028125