14 0.4125 0.246875 0.415625 0.0421875
14 0.253125 0.29375 0.3875 0.01875
14 0.325 0.4609375 0.5265625 0.053125
14 0.1421875 0.5109375 0.1703125 0.01875
14 0.8515625 0.475 0.1171875 0.0546875
14 0.7984375 0.6140625 0.0875 0.0171875
14 0.775 0.671875 0.05 0.015625
14 0.7765625 0.7234375 0.046875 0.0125
14 0.76875 0.7765625 0.034375 0.0140625
14 0.3640625 0.6265625 0.6125 0.115625
14 0.3640625 0.7828125 0.6125 0.1484375
5 0.7546875 0.515625 0.065625 0.121875
5 0.7546875 0.853125 0.046875 0.0421875
3 0.7359375 0.6140625 0.021875 0.0171875
3 0.728125 0.6734375 0.021875 0.0234375
3 0.7265625 0.725 0.021875 0.015625
3 0.728125 0.7796875 0.01875 0.01875
3 0.8046875 0.865625 0.015625 0.0125
5 0.1234375 0.25 0.13125 0.04375
11 0.821875 0.653125 0.240625 0.4421875
6 0.81875 0.6140625 0.2046875 0.03125
3 0.9125 0.671875 0.009375 0.00625
3 0.9125 0.725 0.0109375 0.0078125
14 0.840625 0.865625 0.046875 0.0109375
14 0.8890625 0.8671875 0.0265625 0.0109375
14 0.8453125 0.8390625 0.109375 0.0140625
12 0.821875 0.671875 0.2390625 0.053125
12 0.821875 0.725 0.2375 0.0515625
15 0.8296875 0.8640625 0.08125 0.0203125