14 0.4984375 0.69375 0.80625 0.08125
14 0.5 0.58125 0.153125 0.015625
14 0.325 0.834375 0.11875 0.0171875
14 0.196875 0.834375 0.053125 0.0140625
14 0.1015625 0.834375 0.059375 0.01875
14 0.9203125 0.834375 0.06875 0.0125
14 0.821875 0.8359375 0.0984375 0.015625
14 0.73125 0.8359375 0.05625 0.015625
14 0.671875 0.834375 0.040625 0.0140625
15 0.4984375 0.58125 0.2265625 0.040625
15 0.0984375 0.8359375 0.1234375 0.0359375
3 0.4015625 0.834375 0.01875 0.0234375
0 0.5015625 0.4015625 0.9921875 0.478125
5 0.4984375 0.8375 0.128125 0.0421875
3 0.640625 0.834375 0.0078125 0.009375
12 0.6625 0.8359375 0.0578125 0.015625
9 0.79375 0.8328125 0.3203125 0.01875