14 0.053125 0.7890625 0.0390625 0.01875
14 0.053125 0.7484375 0.040625 0.0203125
14 0.053125 0.7078125 0.0390625 0.01875
14 0.0546875 0.6640625 0.05625 0.021875
14 0.053125 0.621875 0.0390625 0.025
14 0.0546875 0.5796875 0.04375 0.0203125
14 0.053125 0.5359375 0.040625 0.0234375
14 0.053125 0.496875 0.0390625 0.01875
14 0.053125 0.4546875 0.040625 0.01875
14 0.053125 0.4140625 0.0390625 0.01875
14 0.0546875 0.36875 0.0359375 0.0203125
14 0.0515625 0.328125 0.040625 0.01875
14 0.0515625 0.2859375 0.0359375 0.0203125
14 0.3515625 0.85 0.0578125 0.01875
14 0.4078125 0.8515625 0.0359375 0.01875
14 0.5984375 0.8484375 0.028125 0.015625
14 0.6625 0.8484375 0.028125 0.01875
14 0.721875 0.8484375 0.0296875 0.0171875
14 0.7859375 0.85 0.0328125 0.0171875
14 0.8359375 0.8484375 0.0359375 0.0125
14 0.8953125 0.85 0.028125 0.015625
14 0.909375 0.76875 0.0609375 0.0203125
14 0.9375 0.715625 0.121875 0.0171875
14 0.9109375 0.671875 0.065625 0.015625
14 0.88125 0.6359375 0.0421875 0.015625
14 0.975 0.6015625 0.034375 0.0203125
14 0.95 0.553125 0.096875 0.021875
14 0.9046875 0.5203125 0.125 0.0171875
14 0.50625 0.4609375 0.3953125 0.0203125
14 0.3578125 0.4328125 0.059375 0.0171875
14 0.4359375 0.4296875 0.0765625 0.0140625
14 0.690625 0.43125 0.0109375 0.0109375
14 0.7328125 0.43125 0.0109375 0.0109375
14 0.7765625 0.43125 0.0109375 0.0109375
14 0.528125 0.3546875 0.4390625 0.0203125
14 0.528125 0.33125 0.4515625 0.01875
14 0.35625 0.3 0.0609375 0.0171875
14 0.4375 0.2984375 0.0765625 0.0171875
14 0.690625 0.3 0.0125 0.0109375
14 0.7328125 0.2984375 0.0109375 0.0109375
14 0.778125 0.2984375 0.0125 0.0109375
14 0.540625 0.221875 0.478125 0.0453125
14 0.4375 0.1796875 0.078125 0.0140625
14 0.3578125 0.1796875 0.0609375 0.0140625
14 0.690625 0.1796875 0.009375 0.0125
14 0.734375 0.1796875 0.009375 0.0109375
14 0.778125 0.1796875 0.009375 0.0125
14 0.1625 0.8484375 0.0875 0.0171875
3 0.2796875 0.8484375 0.01875 0.0171875
3 0.56875 0.8484375 0.0265625 0.021875
3 0.6328125 0.85 0.025 0.0171875
3 0.6953125 0.85 0.01875 0.0203125
3 0.759375 0.85 0.0203125 0.0203125
3 0.8625 0.715625 0.015625 0.01875
3 0.8640625 0.671875 0.015625 0.0171875
3 0.675 0.4328125 0.0171875 0.0171875
3 0.71875 0.4296875 0.015625 0.0140625
3 0.7609375 0.43125 0.015625 0.0140625
3 0.6734375 0.2984375 0.01875 0.015625
3 0.7171875 0.2984375 0.0171875 0.0140625
3 0.7625 0.2984375 0.015625 0.015625
3 0.675 0.1796875 0.0140625 0.015625
3 0.71875 0.1796875 0.015625 0.015625
3 0.7609375 0.1765625 0.015625 0.0140625
5 0.3140625 0.43125 0.01875 0.0203125
5 0.3140625 0.3 0.0203125 0.0234375
5 0.3125 0.1796875 0.021875 0.0203125
5 0.2140625 0.4484375 0.1578125 0.103125
5 0.2140625 0.328125 0.1515625 0.1015625
5 0.2140625 0.2078125 0.15625 0.0953125
5 0.9140625 0.33125 0.1703125 0.246875
5 0.059375 0.853125 0.08125 0.0265625
5 0.9546875 0.8484375 0.05 0.021875
5 0.459375 0.6640625 0.64375 0.2921875
14 0.28125 0.5390625 0.2859375 0.0234375
10 0.728125 0.53125 0.0828125 0.0109375
15 0.0546875 0.7921875 0.1078125 0.0390625
16 0.5 0.85 0.996875 0.0453125
6 0.2046875 0.85 0.1828125 0.0296875
6 0.9203125 0.715625 0.1546875 0.0328125
6 0.921875 0.6703125 0.153125 0.03125
2 0.85 0.6359375 0.0109375 0.0109375
11 0.915625 0.64375 0.1671875 0.296875
14 0.4265625 0.1296875 0.5859375 0.00625
5 0.9140625 0.1609375 0.1671875 0.0703125