14 0.4984375 0.059375 0.1 0.0203125
14 0.559375 0.1671875 0.171875 0.025
14 0.5625 0.290625 0.1578125 0.0265625
14 0.54375 0.415625 0.1953125 0.0234375
14 0.5578125 0.5390625 0.171875 0.0234375
14 0.5625 0.6671875 0.1640625 0.025
14 0.584375 0.79375 0.11875 0.0203125
14 0.5796875 0.91875 0.1265625 0.0265625
3 0.7359375 0.059375 0.0359375 0.0234375
3 0.2640625 0.0609375 0.0328125 0.03125
3 0.7109375 0.1703125 0.0859375 0.0859375
3 0.7109375 0.2953125 0.0875 0.0875
3 0.7109375 0.4203125 0.0859375 0.0875
3 0.7109375 0.546875 0.0875 0.0875
3 0.7109375 0.671875 0.0859375 0.0859375
3 0.7109375 0.7984375 0.0875 0.0875
3 0.7109375 0.9234375 0.0859375 0.0859375
16 0.5 0.0546875 0.559375 0.1046875