14 0.3734375 0.0578125 0.0765625 0.025
14 0.4109375 0.1796875 0.146875 0.025
14 0.38125 0.2734375 0.0828125 0.025
14 0.403125 0.375 0.1265625 0.0296875
14 0.4046875 0.4703125 0.1296875 0.0265625
14 0.3703125 0.5703125 0.0625 0.0234375
14 0.3890625 0.6703125 0.109375 0.03125
3 0.2875 0.059375 0.0359375 0.0234375
3 0.2875 0.1828125 0.0359375 0.034375
3 0.284375 0.275 0.0296875 0.040625
3 0.2875 0.375 0.0375 0.040625
3 0.2859375 0.471875 0.0390625 0.0375
3 0.2828125 0.571875 0.0359375 0.034375
3 0.2828125 0.6671875 0.0421875 0.0421875
3 0.5 0.7953125 0.0765625 0.0765625
5 0.5859375 0.865625 0.0765625 0.0765625
3 0.4140625 0.8625 0.0765625 0.0765625
3 0.5 0.93125 0.065625 0.0640625