14 0.5 0.0609375 0.0921875 0.0265625
3 0.2640625 0.059375 0.0359375 0.025
14 0.3 0.15625 0.1 0.0203125
14 0.34375 0.2265625 0.184375 0.0265625
14 0.3484375 0.303125 0.19375 0.0265625
14 0.2890625 0.3984375 0.075 0.01875
14 0.3109375 0.465625 0.121875 0.021875
14 0.3015625 0.5640625 0.103125 0.0203125
14 0.3578125 0.6296875 0.2140625 0.021875
14 0.3265625 0.7078125 0.15 0.025
14 0.2953125 0.784375 0.0859375 0.025
14 0.50625 0.9546875 0.178125 0.01875
3 0.734375 0.225 0.0171875 0.0328125
3 0.7359375 0.303125 0.01875 0.03125
3 0.7359375 0.63125 0.01875 0.03125
3 0.7359375 0.7078125 0.01875 0.03125
3 0.734375 0.7875 0.03125 0.0328125
16 0.5 0.0546875 0.559375 0.1046875