14 0.4015625 0.5375 0.10625 0.021875
14 0.378125 0.45625 0.0578125 0.0234375
6 0.503125 0.55 0.4 0.0609375
6 0.5015625 0.471875 0.4015625 0.05625
3 0.3203125 0.5375 0.021875 0.034375
3 0.315625 0.4578125 0.0296875 0.021875
3 0.2578125 0.0625 0.021875 0.028125
14 0.5015625 0.078125 0.0796875 0.028125
14 0.5015625 0.171875 0.1296875 0.0234375
14 0.5078125 0.3578125 0.0296875 0.01875
14 0.503125 0.7578125 0.2125 0.021875
15 0.384375 0.2671875 0.221875 0.0765625
15 0.621875 0.2671875 0.221875 0.0765625
15 0.503125 0.6625 0.459375 0.075