14 0.5203125 0.1453125 0.0734375 0.01875
3 0.4546875 0.1421875 0.0265625 0.0265625
17 0.5 0.0125 0.5609375 0.021875
3 0.259375 0.0640625 0.0265625 0.0171875
3 0.740625 0.0640625 0.021875 0.021875
15 0.575 0.059375 0.15 0.0453125
15 0.4265625 0.0609375 0.153125 0.0453125
6 0.5 0.14375 0.5484375 0.075
14 0.2828125 0.228125 0.0171875 0.0203125
14 0.4 0.29375 0.11875 0.0171875
14 0.4078125 0.3296875 0.1359375 0.015625
14 0.728125 0.296875 0.053125 0.0203125
14 0.4 0.3921875 0.11875 0.01875
14 0.70625 0.3953125 0.096875 0.025
14 0.40625 0.425 0.1390625 0.01875
14 0.4 0.4875 0.121875 0.021875
14 0.715625 0.4921875 0.0796875 0.01875
14 0.40625 0.5234375 0.1390625 0.0203125
14 0.4 0.6671875 0.121875 0.021875
14 0.7078125 0.6734375 0.0953125 0.0234375
14 0.4078125 0.703125 0.1390625 0.01875
14 0.721875 0.7703125 0.0640625 0.0234375
14 0.4 0.765625 0.1234375 0.0203125
14 0.4078125 0.8015625 0.1390625 0.01875
14 0.4 0.8625 0.1234375 0.021875
14 0.721875 0.86875 0.0640625 0.0234375
14 0.4078125 0.8984375 0.1390625 0.01875
14 0.4 0.959375 0.1234375 0.0234375
14 0.715625 0.9640625 0.0765625 0.01875
14 0.409375 0.990625 0.134375 0.015625
3 0.28125 0.309375 0.078125 0.075
3 0.28125 0.40625 0.0734375 0.075
3 0.28125 0.503125 0.075 0.075
3 0.28125 0.6828125 0.0765625 0.075
3 0.2796875 0.78125 0.0765625 0.0765625
3 0.2828125 0.878125 0.0765625 0.075
3 0.28125 0.96875 0.0765625 0.0609375
14 0.2828125 0.6015625 0.0171875 0.0203125