14 0.5015625 0.059375 0.0546875 0.0203125
14 0.4234375 0.15625 0.13125 0.0203125
14 0.475 0.1859375 0.225 0.0171875
14 0.4375 0.2859375 0.1609375 0.025
14 0.459375 0.315625 0.19375 0.01875
14 0.41875 0.4125 0.11875 0.021875
14 0.403125 0.4453125 0.0828125 0.0171875
14 0.4421875 0.540625 0.16875 0.0203125
14 0.4578125 0.5734375 0.1375 0.0171875
14 0.43125 0.671875 0.146875 0.025
14 0.4875 0.7015625 0.2515625 0.015625
14 0.415625 0.7984375 0.1171875 0.0203125
14 0.4203125 0.8296875 0.1171875 0.015625
3 0.2640625 0.059375 0.0359375 0.0234375
3 0.728125 0.059375 0.0359375 0.0359375
3 0.290625 0.1703125 0.0875 0.0875
3 0.290625 0.2984375 0.0875 0.084375
3 0.2921875 0.428125 0.0875 0.084375
3 0.290625 0.55625 0.0859375 0.0859375
3 0.290625 0.6859375 0.0875 0.0875
3 0.2921875 0.8140625 0.0875 0.0859375
16 0.5 0.0546875 0.559375 0.1046875