14 0.628125 0.940625 0.075 0.025
14 0.5890625 0.8203125 0.1453125 0.0265625
14 0.61875 0.725 0.0828125 0.0234375
14 0.596875 0.625 0.128125 0.03125
14 0.5953125 0.5296875 0.1296875 0.0265625
14 0.6296875 0.43125 0.0640625 0.025
14 0.609375 0.328125 0.10625 0.0296875
3 0.7125 0.940625 0.0359375 0.0234375
3 0.7125 0.81875 0.0359375 0.0359375
3 0.715625 0.725 0.0328125 0.040625
3 0.7125 0.6265625 0.040625 0.0390625
3 0.7140625 0.528125 0.0390625 0.0375
3 0.71875 0.428125 0.0359375 0.034375
3 0.7171875 0.3328125 0.0375 0.0359375
3 0.4984375 0.0671875 0.0640625 0.065625