14 0.553125 0.65625 0.096875 0.0203125
3 0.259375 0.9359375 0.028125 0.01875
5 0.3203125 0.709375 0.134375 0.1359375
5 0.3203125 0.528125 0.1359375 0.134375
5 0.3203125 0.3484375 0.1359375 0.134375
14 0.271875 0.85 0.059375 0.0203125
14 0.5 0.9390625 0.05 0.0203125
14 0.6875 0.85 0.134375 0.021875
14 0.48125 0.771875 0.1171875 0.0203125
14 0.5046875 0.7234375 0.1640625 0.04375
14 0.45625 0.6578125 0.0671875 0.0234375
14 0.48125 0.5921875 0.1171875 0.0203125
14 0.503125 0.54375 0.165625 0.04375
14 0.4578125 0.478125 0.071875 0.0234375
14 0.553125 0.4765625 0.096875 0.01875
14 0.48125 0.4125 0.115625 0.01875
14 0.503125 0.3625 0.1625 0.04375
14 0.45625 0.2984375 0.065625 0.0234375
14 0.553125 0.296875 0.096875 0.0203125
14 0.359375 0.2078125 0.115625 0.0203125
14 0.640625 0.2078125 0.1109375 0.0203125
14 0.359375 0.14375 0.0234375 0.0328125
14 0.646875 0.1421875 0.0828125 0.0390625
15 0.5 0.0453125 0.546875 0.075
3 0.746875 0.709375 0.0140625 0.021875
3 0.746875 0.53125 0.015625 0.0234375
3 0.746875 0.35 0.015625 0.0234375