17 0.5125 0.0296875 0.4046875 0.0171875
3 0.3359375 0.921875 0.0296875 0.0296875
3 0.2984375 0.0828125 0.0171875 0.0265625
14 0.334375 0.0796875 0.040625 0.0203125
14 0.4890625 0.078125 0.046875 0.021875
14 0.3609375 0.134375 0.14375 0.0328125
14 0.3328125 0.1734375 0.090625 0.015625
14 0.35 0.5203125 0.128125 0.0203125
14 0.5953125 0.5203125 0.1734375 0.021875
14 0.5484375 0.55 0.0765625 0.01875
14 0.3125 0.55 0.0515625 0.0140625
14 0.35625 0.8046875 0.1359375 0.01875
14 0.584375 0.8078125 0.153125 0.0234375
14 0.5546875 0.834375 0.09375 0.01875
14 0.328125 0.8359375 0.08125 0.0171875
14 0.3328125 0.9484375 0.0390625 0.0125
14 0.4375 0.9484375 0.0359375 0.0140625
14 0.546875 0.9484375 0.0375 0.0125
14 0.6515625 0.9484375 0.0375 0.0125
3 0.696875 0.08125 0.034375 0.0125
3 0.6828125 0.1484375 0.0609375 0.0609375
15 0.6578125 0.2328125 0.1109375 0.046875
14 0.5484375 0.23125 0.0453125 0.0171875
14 0.4484375 0.23125 0.0453125 0.0171875
14 0.334375 0.23125 0.04375 0.0171875
3 0.4578125 0.3171875 0.034375 0.0109375
3 0.678125 0.3171875 0.0328125 0.0109375
3 0.678125 0.4640625 0.040625 0.040625
3 0.4578125 0.4625 0.040625 0.040625
5 0.3890625 0.3953125 0.2046875 0.20625
5 0.6109375 0.3953125 0.2046875 0.2046875
5 0.609375 0.6796875 0.203125 0.203125
3 0.3875 0.678125 0.2015625 0.2
3 0.4578125 0.6015625 0.034375 0.009375
3 0.678125 0.6015625 0.034375 0.009375
3 0.45625 0.7484375 0.0421875 0.040625
3 0.678125 0.75 0.040625 0.040625
3 0.45625 0.8875 0.03125 0.009375
3 0.678125 0.8875 0.0359375 0.009375
3 0.6640625 0.9203125 0.0296875 0.0296875
3 0.553125 0.921875 0.0328125 0.03125
3 0.4453125 0.921875 0.028125 0.0296875
16 0.5 0.078125 0.459375 0.053125