17 0.5 0.9796875 0.5609375 0.0375
14 0.4140625 0.9140625 0.16875 0.0234375
14 0.375 0.828125 0.0859375 0.0203125
14 0.35625 0.796875 0.0484375 0.0203125
14 0.375 0.7234375 0.0859375 0.0203125
14 0.35625 0.690625 0.0484375 0.0203125
14 0.375 0.61875 0.0859375 0.01875
14 0.35625 0.5859375 0.046875 0.0203125
14 0.6984375 0.8109375 0.009375 0.021875
14 0.6984375 0.7046875 0.009375 0.021875
14 0.6984375 0.6 0.009375 0.0203125
14 0.6984375 0.4953125 0.009375 0.0203125
14 0.375 0.5140625 0.0859375 0.01875
14 0.35625 0.48125 0.0484375 0.021875
14 0.3703125 0.390625 0.06875 0.028125
14 0.70625 0.390625 0.08125 0.01875
14 0.278125 0.390625 0.0546875 0.01875
15 0.5 0.0609375 0.503125 0.0671875
3 0.265625 0.91875 0.0328125 0.03125
3 0.6609375 0.8140625 0.0203125 0.0109375
3 0.7375 0.8125 0.01875 0.0109375
3 0.6609375 0.7078125 0.01875 0.0109375
3 0.7375 0.7078125 0.01875 0.0125
3 0.6609375 0.603125 0.0203125 0.0109375
3 0.7375 0.603125 0.01875 0.0109375
3 0.659375 0.4984375 0.01875 0.0109375
3 0.7375 0.4984375 0.0203125 0.0109375
5 0.2796875 0.8140625 0.0625 0.0625
5 0.28125 0.709375 0.0625 0.0625
5 0.2796875 0.6046875 0.0625 0.0625
5 0.2796875 0.5 0.0625 0.0625