17 0.4875 0.028125 0.403125 0.0171875
14 0.53125 0.0796875 0.046875 0.01875
14 0.6640625 0.08125 0.040625 0.0171875
14 0.6375 0.134375 0.140625 0.0328125
14 0.6671875 0.1734375 0.090625 0.0140625
14 0.609375 0.3859375 0.1015625 0.028125
14 0.3890625 0.384375 0.0734375 0.021875
14 0.3890625 0.415625 0.0765625 0.015625
14 0.6109375 0.415625 0.078125 0.0140625
14 0.609375 0.65 0.10625 0.021875
14 0.3890625 0.65 0.096875 0.021875
14 0.390625 0.6828125 0.08125 0.0171875
14 0.6109375 0.6828125 0.0796875 0.015625
14 0.684375 0.9484375 0.0390625 0.0140625
14 0.6140625 0.9484375 0.0375 0.0140625
14 0.4984375 0.9484375 0.0375 0.0109375
14 0.41875 0.9484375 0.040625 0.0109375
14 0.328125 0.9484375 0.0390625 0.0125
3 0.315625 0.9203125 0.0328125 0.028125
3 0.4078125 0.921875 0.028125 0.0265625
3 0.5015625 0.921875 0.03125 0.03125
3 0.5921875 0.9203125 0.028125 0.028125
3 0.684375 0.921875 0.0296875 0.03125
3 0.3015625 0.0828125 0.0328125 0.0328125
3 0.7015625 0.08125 0.0171875 0.0265625
3 0.3171875 0.1484375 0.059375 0.0578125
5 0.3890625 0.340625 0.203125 0.25
5 0.609375 0.340625 0.203125 0.25
5 0.6109375 0.6078125 0.203125 0.2484375
5 0.3890625 0.6078125 0.203125 0.2484375
5 0.6109375 0.825 0.203125 0.1484375
5 0.3890625 0.8234375 0.203125 0.1484375