17 0.5 0.9859375 0.5609375 0.025
14 0.5015625 0.8859375 0.1703125 0.034375
3 0.25625 0.9390625 0.0265625 0.01875
3 0.7453125 0.9375 0.0265625 0.025
14 0.3234375 0.7734375 0.0734375 0.015625
14 0.5 0.7734375 0.0578125 0.015625
14 0.6875 0.7734375 0.08125 0.0171875
14 0.275 0.6953125 0.0578125 0.015625
14 0.3921875 0.6953125 0.1046875 0.015625
14 0.465625 0.665625 0.2578125 0.0171875
14 0.7109375 0.6796875 0.090625 0.0484375
14 0.7125 0.5734375 0.0875 0.0484375
14 0.278125 0.5875 0.0625 0.015625
14 0.4125 0.5875 0.1453125 0.0171875
14 0.4703125 0.5578125 0.2609375 0.0171875
14 0.278125 0.4796875 0.0640625 0.015625
14 0.39375 0.4796875 0.10625 0.015625
14 0.4671875 0.45 0.25625 0.0171875
14 0.709375 0.465625 0.09375 0.05
14 0.278125 0.371875 0.065625 0.015625
14 0.4125 0.3703125 0.1453125 0.015625
14 0.46875 0.3421875 0.2578125 0.015625
14 0.7140625 0.359375 0.0859375 0.0515625
14 0.709375 0.25 0.0921875 0.05
14 0.7125 0.1421875 0.0875 0.0515625
14 0.278125 0.2625 0.0640625 0.015625
14 0.3921875 0.2625 0.1046875 0.015625
14 0.4671875 0.2328125 0.2546875 0.0171875
14 0.4125 0.15625 0.1453125 0.015625
14 0.46875 0.1265625 0.2578125 0.015625
14 0.2765625 0.15625 0.0609375 0.015625
3 0.2890625 0.0375 0.0359375 0.034375
3 0.571875 0.0375 0.0359375 0.0359375
3 0.7109375 0.0375 0.0359375 0.0359375
3 0.43125 0.0375 0.0359375 0.0359375
9 0.5 0.771875 0.5609375 0.0625