3 0.740625 0.9359375 0.028125 0.01875
5 0.634375 0.7625 0.1515625 0.1515625
5 0.3609375 0.484375 0.15 0.15
5 0.6359375 0.2078125 0.1515625 0.15
3 0.259375 0.9359375 0.0265625 0.0265625
14 0.5 0.9375 0.084375 0.0265625
14 0.409375 0.8390625 0.1484375 0.0234375
14 0.3828125 0.7625 0.203125 0.0421875
14 0.43125 0.684375 0.103125 0.03125
14 0.5875 0.5609375 0.15 0.0234375
14 0.6140625 0.484375 0.20625 0.04375
14 0.5625 0.409375 0.0984375 0.0296875
14 0.4078125 0.284375 0.1484375 0.025
14 0.38125 0.2078125 0.2046875 0.04375
14 0.43125 0.1296875 0.103125 0.03125
11 0.5 0.484375 0.5484375 0.271875
11 0.5 0.2078125 0.5484375 0.271875
11 0.5 0.7609375 0.546875 0.2703125