17 0.5 0.015625 0.4484375 0.03125
3 0.6203125 0.190625 0.0109375 0.00625
3 0.4625 0.190625 0.0125 0.00625
3 0.3046875 0.1921875 0.0125 0.0078125
14 0.3625 0.19375 0.0546875 0.015625
14 0.521875 0.19375 0.0546875 0.015625
14 0.6796875 0.1921875 0.0546875 0.0171875
14 0.5859375 0.071875 0.096875 0.0234375
14 0.6484375 0.1328125 0.0875 0.0140625
14 0.5 0.1328125 0.0875 0.0125
14 0.35 0.1328125 0.0890625 0.0140625
14 0.44375 0.359375 0.0625 0.0140625
14 0.4578125 0.3828125 0.0328125 0.0140625
14 0.6640625 0.4640625 0.0625 0.0140625
14 0.6765625 0.4859375 0.034375 0.0140625
14 0.4453125 0.6140625 0.059375 0.0140625
14 0.4578125 0.6359375 0.0328125 0.0125
14 0.6640625 0.6765625 0.0609375 0.0140625
14 0.678125 0.6984375 0.0328125 0.0125
14 0.6640625 0.9390625 0.0609375 0.0140625
14 0.44375 0.9390625 0.0625 0.0140625
14 0.4578125 0.9625 0.0328125 0.0140625
14 0.6765625 0.9625 0.0328125 0.0140625
3 0.6890625 0.065625 0.0265625 0.01875
3 0.371875 0.0671875 0.021875 0.021875
3 0.3125 0.0640625 0.0296875 0.025
5 0.3890625 0.3140625 0.1890625 0.1671875
5 0.609375 0.365625 0.1890625 0.271875
5 0.3890625 0.54375 0.1890625 0.221875
5 0.609375 0.625 0.1890625 0.1765625
5 0.390625 0.834375 0.1890625 0.2875
5 0.609375 0.8625 0.1890625 0.228125
11 0.390625 0.8328125 0.2109375 0.309375
11 0.3890625 0.5421875 0.2109375 0.2453125
11 0.3890625 0.3125 0.2109375 0.1921875
11 0.609375 0.3640625 0.2109375 0.2953125
9 0.5 0.125 0.4484375 0.06875
16 0.5 0.0609375 0.4484375 0.0578125
11 0.609375 0.625 0.209375 0.2
11 0.609375 0.8625 0.2109375 0.2515625