3 0.259375 0.9359375 0.028125 0.01875
3 0.740625 0.9359375 0.0265625 0.0265625
5 0.5 0.7609375 0.546875 0.26875
14 0.5 0.9390625 0.0578125 0.021875
14 0.3046875 0.596875 0.115625 0.01875
14 0.33125 0.559375 0.16875 0.0203125
14 0.7171875 0.596875 0.0734375 0.021875
14 0.5046875 0.496875 0.1359375 0.01875
14 0.3078125 0.4984375 0.0359375 0.015625
3 0.409375 0.4984375 0.03125 0.03125
3 0.2640625 0.4984375 0.0296875 0.0265625
5 0.5015625 0.3203125 0.5453125 0.26875
3 0.2640625 0.05625 0.0296875 0.0265625
3 0.409375 0.05625 0.0296875 0.0296875
14 0.3046875 0.153125 0.1171875 0.01875
14 0.33125 0.1171875 0.1703125 0.0203125
14 0.7203125 0.1546875 0.0734375 0.021875
14 0.3078125 0.05625 0.034375 0.015625
14 0.484375 0.05625 0.096875 0.0171875