17 0.5015625 0.0171875 0.496875 0.034375
14 0.4046875 0.078125 0.10625 0.0265625
14 0.5 0.146875 0.0953125 0.015625
14 0.6671875 0.146875 0.0953125 0.0140625
14 0.334375 0.146875 0.096875 0.015625
14 0.3265625 0.2171875 0.1078125 0.0203125
14 0.690625 0.215625 0.071875 0.0125
14 0.3046875 0.421875 0.0671875 0.015625
14 0.2890625 0.4484375 0.0375 0.015625
14 0.46875 0.421875 0.0671875 0.015625
14 0.453125 0.4484375 0.0359375 0.015625
14 0.63125 0.421875 0.0671875 0.015625
14 0.6171875 0.4484375 0.0375 0.0171875
14 0.3046875 0.6515625 0.0671875 0.015625
14 0.4671875 0.6515625 0.06875 0.0171875
14 0.453125 0.678125 0.0375 0.0171875
14 0.63125 0.6515625 0.065625 0.0171875
14 0.6171875 0.678125 0.0359375 0.015625
14 0.2875 0.678125 0.0359375 0.015625
14 0.690625 0.74375 0.071875 0.0125
14 0.3265625 0.7453125 0.109375 0.0203125
14 0.303125 0.95 0.0671875 0.015625
14 0.4671875 0.95 0.0671875 0.0171875
14 0.6328125 0.95 0.0671875 0.015625
14 0.6171875 0.978125 0.0359375 0.0171875
14 0.453125 0.978125 0.0359375 0.015625
14 0.2875 0.978125 0.0359375 0.0171875
3 0.6421875 0.0734375 0.0234375 0.0234375
3 0.7078125 0.0703125 0.03125 0.028125
3 0.2921875 0.071875 0.028125 0.01875
3 0.3953125 0.4328125 0.00625 0.0203125
3 0.559375 0.4328125 0.00625 0.0203125
3 0.7234375 0.4328125 0.0046875 0.01875
3 0.3953125 0.6625 0.00625 0.0203125
3 0.7234375 0.6625 0.00625 0.0203125
3 0.3953125 0.9609375 0.0046875 0.0203125
3 0.559375 0.9609375 0.00625 0.0203125
3 0.7234375 0.9609375 0.00625 0.0203125
5 0.3375 0.3203125 0.159375 0.159375
5 0.5 0.3203125 0.159375 0.159375
5 0.665625 0.3203125 0.159375 0.159375
5 0.3375 0.55 0.159375 0.1578125
5 0.5015625 0.55 0.1578125 0.159375
5 0.665625 0.55 0.159375 0.159375
5 0.3359375 0.8484375 0.159375 0.159375
5 0.5 0.8484375 0.159375 0.159375
5 0.665625 0.85 0.159375 0.1578125