17 0.4890625 0.0296875 0.40625 0.0171875
5 0.6359375 0.8734375 0.08125 0.0515625
14 0.665625 0.08125 0.0390625 0.0171875
14 0.53125 0.08125 0.0453125 0.0171875
14 0.5078125 0.1890625 0.103125 0.0234375
14 0.521875 0.221875 0.075 0.0125
14 0.521875 0.3609375 0.0734375 0.021875
14 0.521875 0.3921875 0.0765625 0.015625
14 0.5109375 0.53125 0.0984375 0.0234375
14 0.5203125 0.5640625 0.0796875 0.015625
14 0.5203125 0.7015625 0.078125 0.021875
14 0.521875 0.734375 0.0765625 0.015625
14 0.50625 0.871875 0.109375 0.025
14 0.4984375 0.9484375 0.0375 0.015625
14 0.4203125 0.9484375 0.0359375 0.0140625
14 0.328125 0.9484375 0.034375 0.0125
14 0.6140625 0.9484375 0.0359375 0.015625
14 0.684375 0.9484375 0.0390625 0.015625
3 0.303125 0.0828125 0.03125 0.03125
3 0.703125 0.0828125 0.0171875 0.0265625
5 0.6359375 0.203125 0.0796875 0.08125
5 0.6359375 0.375 0.08125 0.08125
5 0.6359375 0.546875 0.0796875 0.08125
5 0.6359375 0.7171875 0.0796875 0.08125
3 0.684375 0.921875 0.03125 0.03125
3 0.5921875 0.921875 0.0296875 0.028125
3 0.5015625 0.921875 0.03125 0.03125
3 0.409375 0.921875 0.0296875 0.025
3 0.315625 0.921875 0.03125 0.03125
11 0.5 0.8546875 0.425 0.0859375
11 0.5 0.7171875 0.425 0.153125
11 0.5 0.546875 0.425 0.153125
11 0.5 0.375 0.425 0.153125
11 0.5 0.2046875 0.425 0.1546875