14 0.5984375 0.4609375 0.1046875 0.01875
14 0.621875 0.54375 0.0578125 0.01875
3 0.684375 0.540625 0.0265625 0.0203125
3 0.68125 0.4609375 0.0203125 0.034375
14 0.4984375 0.9203125 0.0796875 0.0296875
14 0.5 0.8265625 0.13125 0.025
14 0.4921875 0.6421875 0.028125 0.0203125
15 0.4984375 0.2421875 0.2125 0.021875
3 0.74375 0.9390625 0.0171875 0.0296875
15 0.496875 0.3375 0.459375 0.075
15 0.6140625 0.7328125 0.221875 0.0765625
15 0.3796875 0.7328125 0.221875 0.0765625
6 0.496875 0.540625 0.45625 0.0796875
6 0.496875 0.4609375 0.45625 0.0796875