14 0.5 0.9390625 0.0515625 0.0203125
14 0.5 0.871875 0.16875 0.028125
14 0.4953125 0.81875 0.0921875 0.0265625
14 0.3125 0.7453125 0.078125 0.021875
14 0.5 0.74375 0.059375 0.025
14 0.6875 0.7453125 0.084375 0.0203125
14 0.2890625 0.65625 0.0921875 0.0203125
14 0.7359375 0.6546875 0.04375 0.021875
14 0.7421875 0.565625 0.0296875 0.0203125
14 0.6921875 0.4765625 0.13125 0.021875
14 0.30625 0.565625 0.128125 0.021875
14 0.265625 0.475 0.046875 0.0203125
14 0.2828125 0.3828125 0.0828125 0.025
14 0.26875 0.2953125 0.0515625 0.0203125
14 0.290625 0.20625 0.096875 0.0203125
14 0.725 0.3828125 0.0640625 0.0265625
14 0.690625 0.2953125 0.134375 0.0203125
14 0.6640625 0.2046875 0.1890625 0.025
15 0.65 0.05625 0.225 0.075
3 0.478125 0.05625 0.075 0.075
3 0.2765625 0.05625 0.075 0.075
14 0.3765625 0.05625 0.0203125 0.028125
3 0.259375 0.9359375 0.0125 0.01875
3 0.7390625 0.9359375 0.03125 0.03125