13 0.7125 0.6484375 0.0765625 0.046875
14 0.5 0.0625 0.0984375 0.025
3 0.2609375 0.0640625 0.028125 0.0171875
14 0.3046875 0.125 0.1234375 0.0171875
14 0.3703125 0.1984375 0.109375 0.0203125
14 0.671875 0.2015625 0.090625 0.025
14 0.365625 0.2890625 0.096875 0.0203125
14 0.6234375 0.2921875 0.1890625 0.025
14 0.3421875 0.3796875 0.053125 0.0203125
14 0.6125 0.3796875 0.209375 0.0203125
14 0.33125 0.4875 0.1796875 0.021875
14 0.3390625 0.559375 0.0515625 0.021875
14 0.3890625 0.6484375 0.14375 0.021875
14 0.35 0.7390625 0.0703125 0.0203125
14 0.284375 0.91875 0.0875 0.0265625
3 0.746875 0.7375 0.0125 0.01875
3 0.2671875 0.7375 0.0296875 0.0296875
3 0.2671875 0.6484375 0.025 0.03125
3 0.746875 0.5578125 0.0140625 0.0171875
5 0.2671875 0.5578125 0.03125 0.021875
3 0.746875 0.1984375 0.0109375 0.0171875
3 0.746875 0.2875 0.0125 0.0171875
3 0.746875 0.378125 0.0125 0.01875
3 0.2671875 0.1984375 0.0234375 0.0328125
3 0.2671875 0.2875 0.0203125 0.0296875
3 0.2671875 0.378125 0.03125 0.0234375