14 0.5203125 0.1453125 0.075 0.01875
3 0.4546875 0.1421875 0.0265625 0.028125
17 0.5 0.0125 0.559375 0.021875
6 0.5 0.14375 0.546875 0.075
3 0.740625 0.0640625 0.021875 0.021875
3 0.259375 0.0640625 0.028125 0.0171875
15 0.428125 0.0609375 0.1546875 0.0453125
15 0.575 0.0609375 0.15 0.0453125
14 0.2828125 0.2265625 0.01875 0.0234375
14 0.4 0.29375 0.1203125 0.01875
14 0.4078125 0.3296875 0.1359375 0.0171875
14 0.4 0.390625 0.1203125 0.01875
14 0.4078125 0.4265625 0.1375 0.0171875
14 0.4 0.4875 0.1203125 0.01875
14 0.4078125 0.5234375 0.1359375 0.0171875
14 0.4 0.66875 0.1203125 0.01875
14 0.4078125 0.703125 0.1375 0.0171875
14 0.4 0.765625 0.1203125 0.01875
14 0.4078125 0.8 0.1375 0.0171875
14 0.4 0.8625 0.11875 0.01875
14 0.4078125 0.8984375 0.1359375 0.0171875
14 0.4015625 0.9609375 0.1203125 0.01875
14 0.4078125 0.9921875 0.1359375 0.0140625
14 0.2828125 0.6015625 0.0140625 0.0171875
3 0.2828125 0.309375 0.075 0.0734375
3 0.2828125 0.4078125 0.075 0.075
3 0.2828125 0.5046875 0.075 0.0765625
3 0.2828125 0.6859375 0.075 0.0765625
3 0.2828125 0.78125 0.075 0.075
3 0.2828125 0.8796875 0.075 0.075
3 0.2828125 0.96875 0.075 0.0609375