14 0.5015625 0.059375 0.0625 0.0203125
3 0.2578125 0.0640625 0.01875 0.03125
3 0.728125 0.059375 0.0359375 0.0359375
14 0.521875 0.1546875 0.315625 0.05
14 0.384375 0.20625 0.0421875 0.0171875
14 0.7265625 0.225 0.0765625 0.01875
14 0.5359375 0.303125 0.346875 0.0484375
14 0.390625 0.35625 0.0515625 0.015625
14 0.71875 0.375 0.0765625 0.0140625
14 0.5125 0.4515625 0.2953125 0.0484375
14 0.3984375 0.5046875 0.06875 0.0171875
14 0.71875 0.5234375 0.0765625 0.015625
14 0.521875 0.603125 0.31875 0.0484375
14 0.3875 0.65625 0.0484375 0.015625
14 0.71875 0.6734375 0.078125 0.015625
3 0.290625 0.175 0.096875 0.096875
3 0.2921875 0.328125 0.096875 0.096875
3 0.290625 0.478125 0.096875 0.096875
3 0.290625 0.6265625 0.0953125 0.096875
16 0.5015625 0.0546875 0.5578125 0.1046875