14 0.5 0.0609375 0.05 0.0203125
3 0.25625 0.059375 0.0390625 0.0390625
3 0.740625 0.0640625 0.0109375 0.0171875
14 0.5 0.1265625 0.16875 0.0265625
14 0.5046875 0.178125 0.0921875 0.0265625
14 0.5 0.2578125 0.05625 0.0234375
14 0.3125 0.2546875 0.084375 0.01875
14 0.6875 0.2546875 0.0765625 0.01875
14 0.5203125 0.325 0.1140625 0.01875
14 0.496875 0.375 0.1625 0.0421875
14 0.446875 0.440625 0.0953125 0.01875
14 0.54375 0.4390625 0.065625 0.0234375
3 0.253125 0.3890625 0.0109375 0.0171875
14 0.5203125 0.50625 0.1140625 0.0171875
14 0.4953125 0.5546875 0.1625 0.0421875
14 0.5421875 0.61875 0.0703125 0.0234375
14 0.446875 0.6203125 0.0953125 0.01875
14 0.5203125 0.6859375 0.1140625 0.0171875
14 0.496875 0.734375 0.1625 0.0421875
14 0.54375 0.7984375 0.0640625 0.021875
14 0.446875 0.8 0.0953125 0.01875
5 0.6796875 0.3890625 0.1328125 0.1328125
3 0.253125 0.56875 0.0125 0.0171875
5 0.6796875 0.56875 0.1328125 0.134375
3 0.253125 0.7484375 0.0109375 0.015625
5 0.6796875 0.7484375 0.134375 0.134375
15 0.35 0.94375 0.2234375 0.0734375
3 0.521875 0.94375 0.075 0.0734375
3 0.7234375 0.94375 0.075 0.0734375
14 0.6234375 0.94375 0.0203125 0.0265625