14 0.8953125 0.81875 0.109375 0.0359375
14 0.8 0.8140625 0.0453125 0.0203125
14 0.9140625 0.7640625 0.0859375 0.0140625
14 0.840625 0.7640625 0.0203125 0.0125
14 0.7765625 0.7640625 0.065625 0.0171875
14 0.678125 0.7640625 0.08125 0.0140625
14 0.534375 0.7640625 0.06875 0.0140625
14 0.46875 0.7640625 0.0328125 0.0125
14 0.421875 0.7640625 0.0296875 0.015625
3 0.596875 0.765625 0.009375 0.009375
12 0.65625 0.7640625 0.1359375 0.0171875
9 0.5 0.7640625 0.9265625 0.0375
6 0.153125 0.821875 0.16875 0.0203125
14 0.2171875 0.8203125 0.040625 0.0140625
14 0.228125 0.8671875 0.053125 0.0125
14 0.1640625 0.865625 0.053125 0.015625
14 0.1046875 0.865625 0.0375 0.0109375
14 0.053125 0.865625 0.0359375 0.0109375
1 0.05 0.8203125 0.01875 0.015625
3 0.05 0.8203125 0.00625 0.0109375
16 0.5 0.8203125 0.959375 0.0703125
14 0.909375 0.696875 0.090625 0.0296875
5 0.890625 0.5859375 0.0484375 0.046875
5 0.621875 0.5859375 0.0484375 0.0421875
5 0.3640625 0.5859375 0.0453125 0.04375
14 0.7984375 0.6015625 0.0375 0.015625
14 0.771875 0.5859375 0.084375 0.0125
14 0.78125 0.5671875 0.0703125 0.015625
14 0.5078125 0.5953125 0.075 0.0140625
14 0.5265625 0.5765625 0.040625 0.0140625
14 0.2359375 0.59375 0.1078125 0.015625
14 0.234375 0.5765625 0.115625 0.0109375
3 0.821875 0.603125 0.00625 0.0046875
3 0.821875 0.584375 0.0046875 0.0078125
3 0.821875 0.5671875 0.00625 0.00625
3 0.553125 0.5953125 0.00625 0.00625
3 0.553125 0.5765625 0.00625 0.0078125
3 0.2953125 0.5953125 0.00625 0.00625
3 0.2953125 0.578125 0.0078125 0.0078125
14 0.89375 0.5296875 0.0953125 0.015625
14 0.65 0.4984375 0.5890625 0.0171875
14 0.503125 0.4578125 0.8765625 0.0375
14 0.8015625 0.4171875 0.28125 0.015625
14 0.9171875 0.3859375 0.0484375 0.01875
14 0.503125 0.346875 0.878125 0.034375
14 0.5015625 0.2953125 0.884375 0.0328125
14 0.8984375 0.253125 0.0875 0.015625
14 0.5234375 0.225 0.8359375 0.015625
14 0.83125 0.190625 0.2203125 0.0203125
14 0.7640625 0.1609375 0.359375 0.0203125
14 0.5015625 0.1328125 0.8828125 0.0125