5 0.5 0.1828125 0.1625 0.0359375
5 0.5 0.3859375 0.2015625 0.178125
5 0.0421875 0.7640625 0.040625 0.040625
5 0.378125 0.7703125 0.0328125 0.0453125
5 0.5875 0.7609375 0.03125 0.0328125
5 0.796875 0.7609375 0.0328125 0.0328125
5 0.0421875 0.8578125 0.028125 0.0203125
5 0.378125 0.8484375 0.0359375 0.0359375
5 0.5875 0.85 0.0453125 0.0234375
5 0.796875 0.853125 0.0390625 0.025
14 0.5015625 0.215625 0.1359375 0.015625
14 0.371875 0.24375 0.0609375 0.0203125
14 0.3703125 0.2671875 0.103125 0.009375
14 0.3171875 0.309375 0.065625 0.0171875
14 0.3171875 0.3328125 0.109375 0.0109375
14 0.30625 0.3734375 0.0609375 0.015625
14 0.30625 0.3953125 0.0984375 0.0171875
14 0.3171875 0.4375 0.0578125 0.015625
14 0.3171875 0.459375 0.0875 0.0109375
14 0.371875 0.5 0.0796875 0.0171875
14 0.3703125 0.5234375 0.1 0.0171875
14 0.63125 0.24375 0.0484375 0.01875
14 0.628125 0.26875 0.0890625 0.0171875
14 0.6828125 0.309375 0.0640625 0.0140625
14 0.684375 0.33125 0.0984375 0.009375
14 0.6921875 0.3734375 0.0671875 0.015625
14 0.69375 0.3953125 0.103125 0.0125
14 0.6828125 0.4375 0.0375 0.0203125
14 0.68125 0.4609375 0.090625 0.0140625
14 0.628125 0.4984375 0.053125 0.015625
14 0.6296875 0.5234375 0.0953125 0.015625
14 0.6203125 0.5828125 0.0203125 0.0140625
14 0.3921875 0.65 0.021875 0.01875
14 0.50625 0.6515625 0.1859375 0.015625
14 0.2015625 0.7703125 0.2609375 0.05
14 0.4390625 0.7515625 0.065625 0.0140625
14 0.6484375 0.753125 0.0703125 0.015625
14 0.85625 0.7515625 0.0640625 0.015625
14 0.8640625 0.771875 0.0796875 0.0125
14 0.64375 0.8375 0.059375 0.0140625
14 0.6625 0.859375 0.0953125 0.0109375
14 0.853125 0.8453125 0.053125 0.0125
14 0.8828125 0.8640625 0.115625 0.015625
14 0.4375 0.840625 0.0640625 0.015625
14 0.4453125 0.8578125 0.0828125 0.0140625
14 0.1890625 0.8453125 0.24375 0.0140625
14 0.4671875 0.7796875 0.121875 0.0328125
14 0.659375 0.771875 0.0890625 0.0125
3 0.6421875 0.58125 0.0140625 0.0109375
3 0.615625 0.6484375 0.009375 0.0140625
3 0.6921875 0.58125 0.0265625 0.025
1 0.6921875 0.5828125 0.053125 0.040625
6 0.471875 0.58125 0.38125 0.040625