3 0.0328125 0.146875 0.0234375 0.0234375
14 0.3953125 0.1484375 0.684375 0.0125
14 0.946875 0.146875 0.071875 0.0125
5 0.0859375 0.196875 0.1078125 0.028125
14 0.2234375 0.196875 0.075 0.015625
14 0.3140625 0.196875 0.0734375 0.0140625
14 0.4125 0.1984375 0.0625 0.0125
14 0.4890625 0.1984375 0.0296875 0.0140625
14 0.5515625 0.1984375 0.065625 0.015625
14 0.6203125 0.196875 0.0328125 0.0109375
14 0.790625 0.196875 0.0734375 0.0109375
3 0.8734375 0.1953125 0.0171875 0.0203125
3 0.9125 0.19375 0.01875 0.0171875
3 0.953125 0.196875 0.0171875 0.01875
1 0.953125 0.196875 0.0296875 0.0296875
3 0.8375 0.1984375 0.009375 0.0078125
3 0.6453125 0.196875 0.0078125 0.0078125
3 0.45625 0.1984375 0.0109375 0.0078125
3 0.359375 0.1984375 0.0109375 0.00625
12 0.321875 0.1984375 0.0859375 0.015625
12 0.421875 0.196875 0.078125 0.015625
12 0.6265625 0.196875 0.0484375 0.015625
12 0.7984375 0.1984375 0.0890625 0.0140625
16 0.5 0.1984375 0.996875 0.053125
14 0.49375 0.240625 0.2765625 0.0171875
5 0.5 0.5359375 0.996875 0.5640625
14 0.5046875 0.865625 0.3484375 0.015625