4 0.4984375 0.8546875 0.990625 0.0359375
3 0.9671875 0.853125 0.025 0.01875
14 0.603125 0.8515625 0.68125 0.0109375
7 0.0546875 0.853125 0.065625 0.0109375
5 0.9140625 0.8046875 0.10625 0.0296875
14 0.7765625 0.803125 0.078125 0.01875
14 0.684375 0.8046875 0.0703125 0.0109375
12 0.640625 0.803125 0.0140625 0.0125
14 0.58125 0.803125 0.0640625 0.009375
12 0.540625 0.8015625 0.0171875 0.009375
14 0.503125 0.803125 0.0296875 0.0109375
14 0.434375 0.803125 0.0625 0.0109375
14 0.3625 0.8015625 0.0296875 0.0109375
12 0.3359375 0.8015625 0.015625 0.0109375
14 0.2234375 0.803125 0.0703125 0.0109375
12 0.1796875 0.8015625 0.015625 0.009375
3 0.125 0.803125 0.01875 0.01875
3 0.0875 0.8046875 0.0171875 0.015625
3 0.046875 0.8046875 0.0328125 0.0296875
14 0.5046875 0.759375 0.2734375 0.0171875
14 0.5 0.678125 0.55625 0.028125
7 0.509375 0.6359375 0.1453125 0.01875
5 0.5 0.4109375 0.996875 0.3609375
14 0.4984375 0.1625 0.3734375 0.0265625
3 0.3359375 0.8015625 0.0109375 0.0109375
3 0.5390625 0.8015625 0.0109375 0.0109375
3 0.640625 0.8015625 0.009375 0.015625
3 0.178125 0.8015625 0.0109375 0.0078125
3 0.4265625 0.6375 0.009375 0.0125