5 0.9421875 0.815625 0.1 0.1140625
14 0.821875 0.7921875 0.084375 0.01875
14 0.734375 0.7921875 0.05625 0.0203125
14 0.659375 0.7921875 0.0546875 0.021875
14 0.5734375 0.7921875 0.071875 0.021875
14 0.4875 0.840625 0.065625 0.015625
14 0.3828125 0.840625 0.0875 0.0171875
6 0.2609375 0.840625 0.1234375 0.025
3 0.2125 0.840625 0.0171875 0.01875
14 0.296875 0.8390625 0.0375 0.0125
15 0.14375 0.8421875 0.084375 0.0296875
14 0.1421875 0.840625 0.059375 0.0125
15 0.0484375 0.8421875 0.0796875 0.03125
14 0.05 0.840625 0.05 0.015625
0 0.5 0.5421875 0.99375 0.440625
14 0.7296875 0.4109375 0.5015625 0.040625
14 0.684375 0.3609375 0.603125 0.025
14 0.4984375 0.2453125 0.121875 0.0171875
4 0.4984375 0.1671875 0.9953125 0.075
14 0.503125 0.1765625 0.7390625 0.01875
7 0.503125 0.1515625 0.3578125 0.021875
3 0.0171875 0.184375 0.01875 0.0203125