5 0.9609375 0.15625 0.0546875 0.0421875
3 0.9015625 0.1484375 0.009375 0.0109375
14 0.878125 0.1484375 0.0203125 0.009375
14 0.825 0.15 0.0265625 0.009375
14 0.7640625 0.15 0.0390625 0.0109375
14 0.5890625 0.1515625 0.2109375 0.0109375
3 0.709375 0.1484375 0.015625 0.0125
6 0.5625 0.15 0.3234375 0.028125
14 0.36875 0.1515625 0.0453125 0.0125
14 0.2765625 0.1515625 0.065625 0.0109375
14 0.175 0.15 0.053125 0.0171875
14 0.065625 0.1515625 0.05 0.015625
3 0.103125 0.15 0.0140625 0.0125
3 0.2109375 0.1484375 0.015625 0.015625
3 0.3203125 0.15 0.0140625 0.0109375
15 0.8875 0.1484375 0.05625 0.028125
15 0.8265625 0.1484375 0.0578125 0.0265625
15 0.7640625 0.1484375 0.05625 0.0265625
15 0.2859375 0.15 0.1015625 0.0296875
15 0.184375 0.15 0.0828125 0.028125
15 0.0765625 0.1515625 0.0890625 0.028125
14 0.9515625 0.1984375 0.0390625 0.015625
14 0.865625 0.1984375 0.0625 0.015625
14 0.765625 0.1984375 0.0671875 0.0109375
14 0.671875 0.1984375 0.0453125 0.0109375
14 0.5921875 0.2 0.0484375 0.015625
14 0.4953125 0.1984375 0.075 0.0125
14 0.3796875 0.1984375 0.084375 0.0109375
14 0.2859375 0.1984375 0.0390625 0.015625
3 0.109375 0.1984375 0.0171875 0.021875
3 0.0734375 0.1984375 0.01875 0.0203125
3 0.040625 0.1984375 0.0234375 0.0171875
9 0.5 0.1984375 0.996875 0.0515625
5 0.915625 0.278125 0.1078125 0.053125
5 0.796875 0.271875 0.1078125 0.0578125
5 0.6765625 0.2734375 0.1046875 0.0578125
5 0.5609375 0.2703125 0.1078125 0.0625
5 0.440625 0.271875 0.10625 0.0609375
5 0.3203125 0.271875 0.10625 0.0640625
5 0.203125 0.271875 0.10625 0.0609375
5 0.0859375 0.271875 0.1078125 0.0578125
14 0.915625 0.3171875 0.0484375 0.0140625
14 0.796875 0.3171875 0.0375 0.0109375
14 0.678125 0.3171875 0.0609375 0.0109375
14 0.5578125 0.3171875 0.115625 0.0109375
14 0.440625 0.3171875 0.0625 0.0109375
14 0.3234375 0.3171875 0.0546875 0.0109375
14 0.203125 0.31875 0.0859375 0.0109375
14 0.0859375 0.3171875 0.0984375 0.0078125
4 0.5 0.396875 0.709375 0.0875
14 0.9140625 0.48125 0.125 0.021875
14 0.55 0.4796875 0.0515625 0.0140625
14 0.4171875 0.48125 0.13125 0.01875
14 0.05625 0.4796875 0.05625 0.015625
14 0.8421875 0.509375 0.1828125 0.01875
14 0.6078125 0.509375 0.18125 0.0171875
14 0.8421875 0.5265625 0.18125 0.015625
14 0.846875 0.54375 0.1765625 0.0171875
14 0.8421875 0.5625 0.178125 0.015625
14 0.8609375 0.5796875 0.14375 0.0109375
14 0.609375 0.528125 0.1734375 0.0140625
14 0.6109375 0.54375 0.1765625 0.015625
14 0.609375 0.5625 0.1765625 0.0140625
14 0.6078125 0.578125 0.178125 0.0140625
14 0.3546875 0.509375 0.1875 0.015625
14 0.353125 0.5265625 0.190625 0.0125
14 0.3546875 0.54375 0.1890625 0.015625
14 0.3546875 0.5625 0.190625 0.0140625
14 0.353125 0.5796875 0.1921875 0.015625
14 0.1203125 0.5078125 0.1890625 0.015625
14 0.1203125 0.5265625 0.1859375 0.015625
14 0.1203125 0.54375 0.190625 0.015625
14 0.11875 0.5609375 0.190625 0.015625
14 0.1203125 0.5796875 0.1921875 0.0140625
14 0.9671875 0.5078125 0.0109375 0.009375
14 0.9671875 0.525 0.0109375 0.009375
14 0.96875 0.5421875 0.0171875 0.0109375
14 0.96875 0.5609375 0.0203125 0.0109375
14 0.9703125 0.578125 0.015625 0.0125
14 0.7328125 0.5078125 0.0203125 0.009375
14 0.7328125 0.5265625 0.0203125 0.0125
14 0.734375 0.54375 0.0203125 0.0125
14 0.734375 0.5609375 0.0203125 0.0109375
14 0.73125 0.5765625 0.015625 0.0125
14 0.4703125 0.5078125 0.015625 0.0125
14 0.4703125 0.5265625 0.015625 0.0109375
14 0.4703125 0.54375 0.015625 0.0125
14 0.4734375 0.5609375 0.0171875 0.0125
14 0.4734375 0.5796875 0.021875 0.0140625
14 0.2375 0.5078125 0.021875 0.0140625
14 0.2375 0.5265625 0.0171875 0.0125
14 0.2375 0.54375 0.0203125 0.0125
14 0.2390625 0.5609375 0.021875 0.0125
14 0.2390625 0.5796875 0.0203125 0.0140625
5 0.5 0.690625 0.4671875 0.1640625
14 0.5 0.8078125 0.9734375 0.0484375
14 0.534375 0.853125 0.0484375 0.015625
14 0.4640625 0.853125 0.040625 0.0125
15 0.4640625 0.853125 0.0578125 0.021875
16 0.5 0.1484375 0.996875 0.046875