5 0.965625 0.85 0.0234375 0.028125
14 0.8796875 0.846875 0.1375 0.0203125
14 0.7640625 0.8484375 0.05 0.0140625
14 0.6765625 0.846875 0.05 0.0109375
14 0.5875 0.8484375 0.0609375 0.0125
14 0.4796875 0.8484375 0.0875 0.015625
14 0.1328125 0.846875 0.040625 0.0109375
14 0.05625 0.8484375 0.0703125 0.009375
14 0.5 0.5953125 0.946875 0.2015625
14 0.5 0.4421875 0.8859375 0.0203125
14 0.5015625 0.3640625 0.1328125 0.0203125
5 0.4625 0.1734375 0.4515625 0.0953125
15 0.5 0.3640625 0.20625 0.0453125
3 0.728125 0.85 0.0078125 0.0078125
3 0.6421875 0.8484375 0.00625 0.0078125
3 0.5484375 0.85 0.0078125 0.00625
12 0.75625 0.8484375 0.0609375 0.0140625
12 0.6703125 0.846875 0.0625 0.0125
12 0.5796875 0.8484375 0.075 0.0171875