5 0.96875 0.753125 0.053125 0.0375
14 0.88125 0.746875 0.1078125 0.028125
14 0.7453125 0.753125 0.096875 0.015625
14 0.634375 0.7515625 0.0875 0.015625
14 0.546875 0.7515625 0.034375 0.015625
3 0.5140625 0.753125 0.015625 0.0109375
14 0.3125 0.753125 0.1234375 0.01875
14 0.10625 0.753125 0.0453125 0.01875
14 0.059375 0.753125 0.0296875 0.0203125
3 0.1546875 0.753125 0.015625 0.01875
1 0.1546875 0.7515625 0.0328125 0.028125
6 0.2765625 0.7515625 0.20625 0.0328125
3 0.9796875 0.70625 0.0234375 0.021875
14 0.9390625 0.7078125 0.0359375 0.021875
14 0.8046875 0.70625 0.1328125 0.0125
14 0.634375 0.70625 0.1125 0.015625
14 0.45 0.70625 0.1609375 0.015625
14 0.2578125 0.70625 0.0984375 0.015625
14 0.096875 0.709375 0.1 0.0109375
3 0.0171875 0.7078125 0.0125 0.0109375
5 0.16875 0.7046875 0.0359375 0.0296875
5 0.328125 0.7078125 0.028125 0.0296875
5 0.5515625 0.703125 0.0296875 0.0375
5 0.7140625 0.7046875 0.0296875 0.0328125
5 0.8921875 0.703125 0.0328125 0.0203125
15 0.65625 0.54375 0.34375 0.0390625
14 0.6546875 0.54375 0.0921875 0.0203125
14 0.59375 0.40625 0.284375 0.03125
14 0.5359375 0.3609375 0.4 0.0375
14 0.3546875 0.2109375 0.50625 0.0578125
14 0.4875 0.1546875 0.24375 0.0140625
14 0.7609375 0.1984375 0.109375 0.0171875
3 0.015625 0.246875 0.0203125 0.01875
3 0.0234375 0.7546875 0.021875 0.0203125
16 0.5 0.7515625 0.996875 0.0515625
5 0.8515625 0.1953125 0.04375 0.0453125
5 0.8890625 0.35625 0.221875 0.128125
5 0.95 0.1640625 0.09375 0.0765625