5 0.9171875 0.825 0.0890625 0.0390625
15 0.7203125 0.8265625 0.084375 0.0359375
14 0.721875 0.825 0.04375 0.01875
14 0.825 0.6984375 0.2890625 0.0515625
6 0.821875 0.609375 0.29375 0.05
14 0.928125 0.609375 0.0578125 0.015625
6 0.825 0.5359375 0.2890625 0.0453125
14 0.9296875 0.5359375 0.05625 0.015625
6 0.8234375 0.4625 0.290625 0.0484375
14 0.940625 0.4640625 0.0359375 0.015625
6 0.8203125 0.3953125 0.2859375 0.0453125
3 0.7 0.3890625 0.025 0.01875
14 0.9296875 0.3890625 0.0546875 0.0125
0 0.328125 0.625 0.64375 0.49375
14 0.3578125 0.4078125 0.4515625 0.046875
4 0.5 0.253125 0.9921875 0.24375
14 0.8625 0.3171875 0.240625 0.021875
14 0.6046875 0.2421875 0.7625 0.084375
14 0.1578125 0.1765625 0.059375 0.01875
15 0.0625 0.175 0.0890625 0.0359375
14 0.0640625 0.1765625 0.0484375 0.0171875