5 0.1109375 0.828125 0.1109375 0.03125
15 0.909375 0.825 0.115625 0.040625
14 0.9171875 0.825 0.0453125 0.0140625
3 0.8765625 0.8265625 0.01875 0.01875
14 0.1671875 0.68125 0.2265625 0.05625
14 0.2296875 0.565625 0.34375 0.071875
15 0.203125 0.4546875 0.296875 0.059375
14 0.2234375 0.4578125 0.109375 0.0171875
3 0.1421875 0.45625 0.028125 0.0234375
5 0.7140625 0.4453125 0.5625 0.6390625
4 0.8046875 0.2375 0.353125 0.184375
14 0.6984375 0.2984375 0.1078125 0.0140625
14 0.8015625 0.24375 0.3109375 0.084375
7 0.9140625 0.2078125 0.0828125 0.0125
15 0.89375 0.165625 0.1796875 0.0375
14 0.89375 0.165625 0.0484375 0.01875
14 0.7171875 0.165625 0.0453125 0.0203125