5 0.059375 0.1703125 0.0875 0.028125
6 0.321875 0.16875 0.409375 0.0421875
1 0.5703125 0.16875 0.0859375 0.0453125
3 0.56875 0.1703125 0.0234375 0.025
15 0.771875 0.16875 0.0796875 0.025
14 0.771875 0.171875 0.04375 0.015625
3 0.853125 0.1703125 0.021875 0.028125
3 0.9046875 0.1703125 0.028125 0.0234375
14 0.940625 0.1703125 0.028125 0.015625
14 0.06875 0.225 0.028125 0.0125
14 0.15 0.225 0.08125 0.0140625
14 0.234375 0.2265625 0.0375 0.015625
14 0.3046875 0.2234375 0.053125 0.0125
14 0.38125 0.225 0.04375 0.015625
14 0.453125 0.225 0.0484375 0.015625
14 0.5515625 0.225 0.0953125 0.015625
14 0.65 0.2234375 0.05 0.0203125
14 0.7328125 0.225 0.065625 0.015625
14 0.8265625 0.2265625 0.0640625 0.0171875
14 0.9296875 0.225 0.09375 0.015625
3 0.034375 0.225 0.0234375 0.0171875
14 0.715625 0.2890625 0.0984375 0.015625
14 0.7328125 0.321875 0.0875 0.015625
14 0.89375 0.321875 0.1203125 0.0140625
14 0.7265625 0.346875 0.075 0.0140625
14 0.74375 0.375 0.109375 0.015625
14 0.7234375 0.4 0.071875 0.015625
14 0.7515625 0.4265625 0.125 0.015625
14 0.884375 0.346875 0.0984375 0.0140625
14 0.8984375 0.3734375 0.1265625 0.015625
14 0.8765625 0.4 0.08125 0.015625
14 0.8921875 0.4265625 0.1140625 0.015625
14 0.5015625 0.3484375 0.1859375 0.065625
14 0.5046875 0.4125 0.190625 0.0484375
14 0.478125 0.4578125 0.1359375 0.028125
14 0.490625 0.4859375 0.1109375 0.015625
3 0.41875 0.4859375 0.01875 0.0203125
5 0.2046875 0.403125 0.36875 0.209375
14 0.678125 0.3203125 0.0125 0.0109375
14 0.6796875 0.346875 0.0140625 0.0125
14 0.678125 0.3734375 0.0109375 0.0125
14 0.678125 0.4 0.009375 0.0109375
14 0.678125 0.4265625 0.0109375 0.0125
14 0.825 0.3203125 0.0109375 0.0125
14 0.825 0.346875 0.009375 0.0109375
14 0.825 0.375 0.009375 0.0140625
14 0.825 0.4 0.0109375 0.0125
14 0.8234375 0.4265625 0.0171875 0.0140625
5 0.815625 0.5921875 0.29375 0.2453125
5 0.0765625 0.54375 0.115625 0.053125
5 0.2 0.54375 0.1140625 0.053125
5 0.3234375 0.54375 0.1140625 0.05625
5 0.4453125 0.5453125 0.115625 0.0546875
5 0.56875 0.54375 0.115625 0.05625
5 0.0984375 0.6890625 0.1546875 0.0875
5 0.0984375 0.8265625 0.15625 0.0921875
14 0.2265625 0.6546875 0.0484375 0.0125
14 0.2921875 0.6546875 0.065625 0.0140625
14 0.3796875 0.6890625 0.3578125 0.0421875
14 0.390625 0.734375 0.378125 0.0359375
14 0.609375 0.6515625 0.028125 0.0125
3 0.6078125 0.6703125 0.0203125 0.0203125
3 0.6078125 0.703125 0.0171875 0.009375
14 0.23125 0.7921875 0.0609375 0.0125
14 0.30625 0.790625 0.06875 0.0125
14 0.390625 0.8265625 0.3796875 0.0484375
14 0.340625 0.86875 0.28125 0.009375
14 0.609375 0.7890625 0.0203125 0.0109375
3 0.6078125 0.8078125 0.021875 0.0203125
3 0.609375 0.8390625 0.0171875 0.0078125
14 0.7140625 0.7515625 0.0953125 0.015625
14 0.6890625 0.7828125 0.0359375 0.0171875
14 0.771875 0.7828125 0.0234375 0.015625
14 0.8578125 0.784375 0.021875 0.0125
14 0.9421875 0.7828125 0.025 0.0109375
14 0.6875 0.84375 0.040625 0.0125
14 0.771875 0.84375 0.040625 0.0109375
14 0.8578125 0.8453125 0.040625 0.015625
14 0.940625 0.8453125 0.040625 0.0109375
3 0.6875 0.8125 0.025 0.025
3 0.771875 0.8140625 0.025 0.0234375
3 0.85625 0.8140625 0.0265625 0.0234375
3 0.9421875 0.8140625 0.025 0.0234375
3 0.775 0.7515625 0.0109375 0.0203125