14 0.125 0.153125 0.16875 0.0140625
14 0.3296875 0.153125 0.0828125 0.015625
14 0.5296875 0.153125 0.115625 0.015625
14 0.7375 0.1515625 0.1421875 0.0125
14 0.9390625 0.1515625 0.0421875 0.015625
3 0.225 0.153125 0.015625 0.009375
3 0.384375 0.153125 0.0140625 0.0125
3 0.6484375 0.153125 0.0234375 0.0203125
3 0.4515625 0.15 0.0234375 0.0234375
12 0.1390625 0.153125 0.190625 0.0203125
12 0.3421875 0.153125 0.1015625 0.015625
16 0.5 0.153125 0.996875 0.053125
5 0.1734375 0.2453125 0.1484375 0.053125
6 0.2703125 0.4234375 0.31875 0.0578125
3 0.1296875 0.421875 0.015625 0.0171875
14 0.2375 0.4234375 0.1796875 0.0203125
3 0.4515625 0.4203125 0.015625 0.01875
14 0.5234375 0.421875 0.103125 0.01875
14 0.703125 0.421875 0.03125 0.0109375
15 0.70625 0.4234375 0.096875 0.0578125
5 0.1875 0.6046875 0.1625 0.0375
14 0.1828125 0.653125 0.15 0.0203125
14 0.2921875 0.7015625 0.36875 0.0359375
14 0.215625 0.7671875 0.1578125 0.0109375
15 0.215625 0.7671875 0.2125 0.0390625
5 0.7140625 0.690625 0.39375 0.240625
14 0.2515625 0.490625 0.06875 0.0140625
14 0.3625 0.4875 0.0703125 0.0109375
14 0.471875 0.4890625 0.0703125 0.015625
14 0.5703125 0.4890625 0.046875 0.0140625
14 0.671875 0.4890625 0.078125 0.015625
14 0.7796875 0.4890625 0.05625 0.015625
3 0.203125 0.4875 0.0125 0.01875
3 0.3125 0.4875 0.015625 0.0171875
3 0.4234375 0.4890625 0.0171875 0.015625
3 0.5328125 0.4875 0.0140625 0.015625
3 0.6203125 0.4875 0.0203125 0.01875
3 0.7375 0.4875 0.0171875 0.01875
14 0.9734375 0.234375 0.05 0.0171875
14 0.975 0.2828125 0.0484375 0.0296875