5 0.965625 0.1890625 0.028125 0.03125
14 0.50625 0.1453125 0.253125 0.015625
14 0.896875 0.1890625 0.05 0.015625
14 0.8203125 0.1890625 0.0484375 0.0109375
14 0.74375 0.1890625 0.0484375 0.0140625
14 0.665625 0.1890625 0.046875 0.0171875
3 0.621875 0.1875 0.0203125 0.01875
14 0.2046875 0.190625 0.0234375 0.0140625
3 0.15 0.1890625 0.021875 0.0234375
14 0.078125 0.1890625 0.0484375 0.01875
3 0.03125 0.1890625 0.025 0.0265625
15 0.178125 0.1890625 0.115625 0.0453125
15 0.059375 0.1890625 0.1171875 0.046875
14 0.725 0.5546875 0.478125 0.1140625
14 0.9125 0.465625 0.0734375 0.0109375
14 0.3140625 0.2640625 0.103125 0.0171875
14 0.21875 0.34375 0.1953125 0.0578125
14 0.2171875 0.4234375 0.2015625 0.0515625
14 0.221875 0.51875 0.19375 0.0921875
14 0.2171875 0.6140625 0.1984375 0.0484375
14 0.225 0.7 0.1828125 0.0703125
14 0.8765625 0.6859375 0.171875 0.0203125
14 0.9203125 0.715625 0.0765625 0.0140625
14 0.909375 0.746875 0.096875 0.0359375
14 0.896875 0.778125 0.028125 0.015625
14 0.771875 0.8140625 0.38125 0.0203125
14 0.7921875 0.865625 0.3140625 0.015625
14 0.496875 0.6859375 0.146875 0.015625
14 0.6890625 0.715625 0.1078125 0.015625
14 0.715625 0.746875 0.04375 0.0375
14 0.6828125 0.7765625 0.0171875 0.015625
14 0.48125 0.715625 0.0625 0.0140625
14 0.4796875 0.7484375 0.0625 0.034375
14 0.453125 0.778125 0.0203125 0.015625
16 0.5 0.1875 0.996875 0.046875
5 0.0578125 0.34375 0.078125 0.0765625
5 0.0578125 0.421875 0.078125 0.0734375
5 0.05625 0.5109375 0.0796875 0.0921875
5 0.059375 0.6140625 0.078125 0.0765625
5 0.05625 0.7015625 0.078125 0.0765625
5 0.2 0.8203125 0.365625 0.1046875
5 0.6921875 0.3484375 0.5734375 0.228125