5 0.890625 0.846875 0.078125 0.0265625
11 0.953125 0.5015625 0.084375 0.7453125
3 0.965625 0.846875 0.021875 0.0234375
3 0.965625 0.7890625 0.025 0.0203125
14 0.9625 0.765625 0.0234375 0.0109375
3 0.965625 0.7171875 0.0171875 0.01875
14 0.9640625 0.69375 0.040625 0.009375
3 0.9640625 0.64375 0.015625 0.01875
14 0.9625 0.6203125 0.0578125 0.0125
3 0.9640625 0.571875 0.01875 0.0203125
14 0.9625 0.5484375 0.0296875 0.0125
3 0.965625 0.5015625 0.0203125 0.021875
14 0.9640625 0.475 0.03125 0.009375
5 0.6859375 0.6921875 0.440625 0.234375
4 0.2359375 0.69375 0.4265625 0.2375
3 0.034375 0.6640625 0.0109375 0.0265625
6 0.5296875 0.846875 0.459375 0.0328125
1 0.3328125 0.846875 0.0625 0.0296875
14 0.7265625 0.8484375 0.046875 0.0171875
3 0.2375 0.846875 0.021875 0.0171875
3 0.1921875 0.846875 0.0203125 0.01875
3 0.1453125 0.8484375 0.009375 0.01875
15 0.06875 0.8484375 0.1015625 0.040625
3 0.0953125 0.846875 0.0265625 0.01875
14 0.0515625 0.8484375 0.046875 0.0125
14 0.834375 0.528125 0.13125 0.0171875
13 0.8859375 0.5953125 0.0234375 0.021875
5 0.7640625 0.421875 0.284375 0.1625
14 0.75625 0.309375 0.209375 0.034375
14 0.81875 0.275 0.0828125 0.0171875
3 0.76875 0.275 0.01875 0.0171875
14 0.828125 0.2578125 0.065625 0.0125
14 0.7390625 0.25625 0.0796875 0.0140625
5 0.8875 0.3078125 0.0359375 0.0375
5 0.5890625 0.3109375 0.0390625 0.0328125
5 0.290625 0.3109375 0.0390625 0.0390625
5 0.4640625 0.4203125 0.278125 0.15625
5 0.1640625 0.421875 0.2828125 0.1546875
5 0.165625 0.1671875 0.2796875 0.08125
5 0.4640625 0.1703125 0.28125 0.084375
6 0.7671875 0.16875 0.2859375 0.078125
5 0.7625 0.1671875 0.28125 0.08125
14 0.4578125 0.3109375 0.2046875 0.0328125
14 0.5421875 0.2734375 0.0328125 0.0125
14 0.528125 0.2578125 0.0640625 0.015625
14 0.440625 0.2546875 0.08125 0.009375
14 0.1578125 0.3078125 0.2 0.0328125
14 0.19375 0.2734375 0.1390625 0.015625
3 0.115625 0.2734375 0.0125 0.0140625
14 0.2265625 0.2578125 0.06875 0.0140625
14 0.1390625 0.2546875 0.0796875 0.0109375
3 0.334375 0.8484375 0.015625 0.0171875