14 0.74375 0.7140625 0.3109375 0.0234375
14 0.8046875 0.6453125 0.0890625 0.015625
14 0.5140625 0.575 0.775 0.0203125
14 0.746875 0.525 0.3109375 0.025
14 0.603125 0.4734375 0.521875 0.0171875
14 0.7265625 0.45 0.275 0.0171875
14 0.503125 0.3859375 0.796875 0.0390625
14 0.696875 0.325 0.4046875 0.0203125
14 0.8328125 0.1453125 0.1375 0.015625
2 0.8734375 0.6453125 0.0265625 0.028125
14 0.64375 0.6296875 0.0578125 0.0109375
14 0.64375 0.61875 0.0546875 0.009375
5 0.64375 0.6578125 0.0296875 0.0328125