14 0.2015625 0.1390625 0.06875 0.0171875
12 0.24375 0.1390625 0.015625 0.0171875
5 0.09375 0.184375 0.1171875 0.0671875
1 0.1953125 0.18125 0.0625 0.0640625
14 0.2328125 0.2765625 0.35 0.1046875
4 0.240625 0.4984375 0.4734375 0.3421875
1 0.475 0.3296875 0.028125 0.0203125
0 0.625 0.4109375 0.2484375 0.3953125
14 0.640625 0.5328125 0.1578125 0.09375
14 0.621875 0.471875 0.1265625 0.0171875
14 0.88125 0.3171875 0.1390625 0.121875
14 0.834375 0.2390625 0.05 0.0171875
14 0.878125 0.5234375 0.1375 0.1171875
14 0.8734375 0.446875 0.128125 0.0203125
1 0.9484375 0.415625 0.0515625 0.05
4 0.5 0.6828125 0.7125 0.0859375
14 0.3453125 0.771875 0.040625 0.0109375
14 0.234375 0.8171875 0.190625 0.028125
14 0.1890625 0.8484375 0.1 0.015625
5 0.078125 0.825 0.0734375 0.0546875
5 0.3984375 0.8265625 0.065625 0.05625
14 0.546875 0.8359375 0.1953125 0.071875
4 0.8109375 0.821875 0.2921875 0.1046875
0 0.875 0.3140625 0.2453125 0.20625
0 0.8734375 0.5171875 0.2421875 0.203125
14 0.4703125 0.1796875 0.0171875 0.0109375
14 0.5078125 0.1796875 0.015625 0.0109375
14 0.55625 0.1796875 0.040625 0.009375
14 0.6015625 0.1796875 0.0125 0.0125
14 0.653125 0.1796875 0.0546875 0.0109375
14 0.7171875 0.178125 0.034375 0.0140625
12 0.7421875 0.178125 0.015625 0.0140625
14 0.8046875 0.1796875 0.0828125 0.015625
14 0.9 0.1796875 0.0734375 0.0109375
1 0.96875 0.18125 0.03125 0.0203125
3 0.196875 0.1828125 0.01875 0.015625
3 0.246875 0.1375 0.009375 0.0109375
3 0.9453125 0.415625 0.0125 0.0109375
3 0.4734375 0.328125 0.0140625 0.015625